Run semi-empirical minimization
 &qmmm
  qm_theory='AM1', grms_tol=0.05, scfconv=1.d-10, ndiis_attempts=700,   qmcharge=0,
 /
   8     O        3.9250        1.6310       -2.7440 
   6     C        3.8620        0.2160       -2.5890 
   6    C1        2.4600       -0.1770       -2.1450 
   6    C2        2.2340       -1.6850       -2.0810 
   8    O1        3.0860       -2.4080       -1.1980 
   6    C3        3.0760       -2.0370        0.1760 
   6    C4        1.7230       -2.1080        0.8810 
   6    C5        1.0910       -3.4920        0.8550 
   8    O2       -0.1030       -3.4800        1.6360 
   1     H        3.3290        1.8710       -3.4740 
   1    H1        4.1310       -0.2430       -3.5450 
   1    H2        4.6100       -0.0690       -1.8440 
   1    H3        2.2530        0.2880       -1.1750 
   1    H4        1.7310        0.2580       -2.8410 
   1    H5        1.1910       -1.8970       -1.8300 
   1    H6        2.3990       -2.1060       -3.0800 
   1    H7        3.7690       -2.7190        0.6800 
   1    H8        3.5040       -1.0340        0.2820 
   1    H9        1.8530       -1.7930        1.9240 
   1   H10        1.0210       -1.3890        0.4430 
   1   H11        0.8150       -3.7820       -0.1630 
   1   H12        1.7600       -4.2550        1.2640 
   1   H13        0.1590       -3.4890        2.5730 

