Run semi-empirical minimization
 &qmmm
  qm_theory='AM1', grms_tol=0.05, scfconv=1.d-10, ndiis_attempts=700,   qmcharge=0,
 /
   8     O        2.9830       -2.3140        2.3270 
   6     C        2.2960       -1.2190        1.7370 
   6    C1        0.8480       -1.0810        2.2470 
   6    C2        0.0450       -2.3450        1.9570 
   8    O1        0.7950       -0.8520        3.6710 
   6    C3        1.1770        0.4790        4.0410 
   6    C4        0.9890        0.7060        5.5470 
   6    C5       -0.4770        0.6770        5.9800 
   8    O2        1.6940       -0.2960        6.2790 
   1     H        2.9970       -2.1440        3.2890 
   1    H1        2.8850       -0.3150        1.9340 
   1    H2        2.2980       -1.3700        0.6450 
   1    H3        0.3710       -0.2440        1.7280 
   1    H4        0.2270       -3.1200        2.7080 
   1    H5       -1.0240       -2.1170        1.9960 
   1    H6        0.2650       -2.7490        0.9660 
   1    H7        2.2370        0.6140        3.8090 
   1    H8        0.5900        1.2110        3.4730 
   1    H9        1.4110        1.6790        5.8150 
   1   H10       -0.9210       -0.3140        5.8420 
   1   H11       -0.5520        0.9030        7.0500 
   1   H12       -1.0700        1.4140        5.4310 
   1   H13        1.3420       -1.1510        5.9650 

