2.142220000000000013e+00 0.000000000000000000e+00 0.000000000000000000e+00
0.000000000000000000e+00 2.142220000000000013e+00 0.000000000000000000e+00
0.000000000000000000e+00 0.000000000000000000e+00 2.142220000000000013e+00
2.142220000000000013e+00 0.000000000000000000e+00 0.000000000000000000e+00
0.000000000000000000e+00 2.142220000000000013e+00 0.000000000000000000e+00
0.000000000000000000e+00 0.000000000000000000e+00 2.142220000000000013e+00
2.142220000000000013e+00 0.000000000000000000e+00 0.000000000000000000e+00
0.000000000000000000e+00 2.142220000000000013e+00 0.000000000000000000e+00
0.000000000000000000e+00 0.000000000000000000e+00 2.142220000000000013e+00
2.142220000000000013e+00 0.000000000000000000e+00 0.000000000000000000e+00
0.000000000000000000e+00 2.142220000000000013e+00 0.000000000000000000e+00
0.000000000000000000e+00 0.000000000000000000e+00 2.142220000000000013e+00
-2.142220000000000013e+00 -0.000000000000000000e+00 -0.000000000000000000e+00
-0.000000000000000000e+00 -2.142220000000000013e+00 -0.000000000000000000e+00
-0.000000000000000000e+00 -0.000000000000000000e+00 -2.142220000000000013e+00
-2.142220000000000013e+00 -0.000000000000000000e+00 -0.000000000000000000e+00
-0.000000000000000000e+00 -2.142220000000000013e+00 -0.000000000000000000e+00
-0.000000000000000000e+00 -0.000000000000000000e+00 -2.142220000000000013e+00
-2.142220000000000013e+00 -0.000000000000000000e+00 -0.000000000000000000e+00
-0.000000000000000000e+00 -2.142220000000000013e+00 -0.000000000000000000e+00
-0.000000000000000000e+00 -0.000000000000000000e+00 -2.142220000000000013e+00
-2.142220000000000013e+00 -0.000000000000000000e+00 -0.000000000000000000e+00
-0.000000000000000000e+00 -2.142220000000000013e+00 -0.000000000000000000e+00
-0.000000000000000000e+00 -0.000000000000000000e+00 -2.142220000000000013e+00
