0.0 0.004851970670123202 0.06695395015248257
1.0 81538761949.02893 14185.628664149825
2.0 68270926.77873884 4165.871562249689
3.0 2291497.70438058 1494.2110225688318
0.0 0.004851970670123202 0.06695395015248257
1.0 81538761949.02893 14185.628664149825
2.0 68270926.77873884 4165.871562249689
3.0 2291497.70438058 1494.2110225688318
0.0 0.004805654539917928 0.06644354079419183
1.0 6724720.647092135 195.63807038537612
2.0 26.60355341008731 4.938979917479114
3.0 18.455122333552158 4.118322671281923
0.0 0.005597706641830362 0.07085025248065009
1.0 0.002073002406372585 0.04530674806667763
2.0 0.0017303314853701782 0.041349450676680895
3.0 0.0014233570743402066 0.03755121334168299
0.0 0.004756974923761196 0.06553606466284931
1.0 0.0018849065262267167 0.043179529614974184
2.0 0.0015138246386803595 0.03871732634740619
3.0 0.0014145343428546247 0.03739950805318896
0.0 0.004756974923761196 0.06553606466284931
1.0 0.0018849065262267167 0.043179529614974184
2.0 0.0015138246386803595 0.03871732634740619
3.0 0.0014145343428546247 0.03739950805318896
0.0 0.004574850120142011 0.0647003214927827
1.0 0.0019672783320337267 0.04411736106537439
2.0 0.0015495233858148691 0.03916372119772887
3.0 0.001398908389286849 0.03721422785449716
