# index dipole_x dipole_y dipole_z 
#UNITCELL[Ang] 12.911606431431386 0.0 0.0 0.0 12.911606431431386 0.0 0.0 0.0 12.911606431431386 
#TEMPERATURE[K] 300.0
#TIMESTEP[fs] 0.484
0 -11.498817205429077 4.416203200817108 12.73813509941101
1 7.73683688044548 -13.149782419204712 8.819810032844543
2 -5.64206075668335 -4.162279695272446 21.33915936946869
3 -7.9850685596466064 -14.98707389831543 5.61876654624939
4 2.8048162162303925 6.9432530999183655 14.517352104187012
5 -7.912435472011566 18.114534378051758 -0.6833568811416626
6 -17.802180767059326 23.973544120788574 22.55732238292694
7 -11.045270323753357 7.791258275508881 15.86523985862732
8 1.05386883020401 -12.867728233337402 28.66593688726425
9 -1.0623638555407524 -13.900773644447327 11.755321264266968
10 15.632845163345337 -4.031704805791378 9.380103837698698
11 -0.09830549359321594 -4.3089234828948975 19.802173167467117
12 10.91222271323204 2.9918975234031677 18.098566979169846
13 12.508950233459473 13.441297173500061 26.625177145004272
14 18.072388410568237 2.3982104063034058 25.999408185482025
15 2.0540738105773926 -1.118500530719757 16.1983904838562
16 2.762935221195221 14.489918947219849 14.620442390441895
17 28.28895878791809 16.300511717796326 11.885872960090637
18 12.802076995372772 30.51246404647827 18.848438024520874
19 3.6019479632377625 18.765235781669617 3.646946460008621
20 -11.559409469366074 25.305260181427002 -4.614309728145599
21 -6.305331349372864 14.59948718547821 -0.5486999750137329
22 -13.11421525478363 17.54334807395935 -17.20794153213501
23 -6.166939079761505 27.34134328365326 -0.036968350410461426
24 -13.034256637096405 5.638564348220825 0.715605616569519
25 6.452882766723633 11.022416591644287 -7.2636014223098755
26 3.591243611648679 17.2116756439209 -1.3735249638557434
27 6.4481974840164185 3.253753900527954 0.11640012264251709
28 -2.7433127760887146 -2.0430774688720703 7.3399282693862915
29 10.0303475856781 7.076542139053345 3.599505603313446
30 15.597074389457703 -2.535986840724945 13.669516623020172
31 16.10527014732361 0.8727352917194366 20.21696388721466
32 -5.834973990917206 -0.27591949701309204 4.670100092887878
33 -15.90943694114685 -2.821415603160858 7.466793537139893
34 -12.807167336344719 -6.796051383018494 13.509874105453491
35 -0.6859525442123413 -10.303655624389648 4.978925108909607
36 -12.86379623413086 -7.212336719036102 7.945809215307236
37 -19.234276294708252 15.69852077960968 -1.4563181400299072
38 -18.584493160247803 1.7507959008216858 6.904497027397156
39 -23.298311233520508 12.558742821216583 -1.4755467176437378
40 -23.183069229125977 13.68056184053421 -3.8149269819259644
41 -27.124677181243896 -4.93807565420866 -13.308109045028687
42 -15.324225962162018 -8.289365351200104 -19.258800983428955
43 -17.789533019065857 -2.7075529396533966 -16.88536536693573
44 -10.813720941543579 -10.099785566329956 -3.5480741262435913
45 -23.306964635849 -12.6430544257164 -2.57305758446455
46 -23.78475660085678 -12.466354459524155 5.496313244104385
47 -20.621195256710052 -21.9626624584198 3.375640392303467
48 -20.21511483192444 -20.180944323539734 8.118440493941307
49 -17.922399699687958 -10.161597713828087 -0.11269980669021606
50 -18.81487387418747 -8.66572105884552 2.6002588272094727
51 -12.700874149799347 -1.0666795372962952 -7.337126970291138
52 -21.043715000152588 0.6330781728029251 -13.57365334033966
53 -20.929020881652832 3.856985926628113 -10.0970538854599
54 -27.77664089202881 -5.285863012075424 -10.583311438560486
55 -22.08056390285492 2.4222680628299713 -0.44660985469818115
56 -12.554662436246872 10.804495751857758 -9.432013988494873
57 1.202000454068184 7.351635575294495 -4.343148469924927
58 1.9984380602836609 9.11737896502018 -5.196197688579559
59 0.6997097730636597 16.98375689983368 -5.436512589454651
60 -18.031932815909386 14.022874683141708 3.8199843168258667
61 -9.064225524663925 15.805509567260742 -4.581286013126373
62 -17.029611095786095 15.63244915008545 -11.235527515411377
63 -12.492162138223648 4.336679518222809 -10.42874264717102
64 -22.12786340713501 1.022935926914215 -8.396772742271423
65 -19.201081454753876 -3.6204259991645813 -0.44781529903411865
66 -24.202560305595398 -8.807225167751312 3.7092933654785156
67 -23.431698322296143 -15.146309718489647 5.978212118148804
68 -31.565654516220093 -4.690545082092285 5.67013818025589
69 -33.86622500419617 -15.020559430122375 -18.49925172328949
70 -31.56202745437622 -11.708608388900757 -30.665853023529053
71 -24.96266794204712 -16.996849298477173 -24.019025683403015
72 -9.944737136363983 -23.977620720863342 -14.138006806373596
73 -1.67535200715065 -28.972205877304077 1.9646263122558594
74 -17.202495515346527 -16.16643762588501 -15.737396031618118
75 -8.769743919372559 -17.45938155055046 -20.597543120384216
76 -0.7579381167888641 -8.673867106437683 -14.4754335321486
77 0.42279139161109924 -21.755995988845825 -18.501575529575348
78 -8.935497641563416 -23.170708298683167 -23.154788315296173
79 -1.3782752752304077 -23.736867785453796 -17.48945379257202
80 -2.4296047687530518 -18.988295316696167 -22.522303819656372
81 -5.771521270275116 -18.554150700569153 -20.664676427841187
82 -5.130501389503479 -7.819555580615997 -22.517967224121094
83 5.163790225982666 -14.990306079387665 -20.65754997730255
84 13.213692426681519 -16.797617197036743 -35.062631130218506
85 2.9854425191879272 -13.310112953186035 -28.66130232810974
86 -1.8348798751831055 -5.035716414451599 -30.334715366363525
87 4.348814934492111 -2.5873417258262634 -25.169269561767578
88 3.237991452217102 -12.158004462718964 -30.592554569244385
89 -3.1140098571777344 -6.658928751945496 -33.19279217720032
90 12.34487509727478 -11.874547064304352 -25.28761577606201
91 14.295308470726013 -4.185055494308472 -28.311619758605957
92 22.428237080574036 -15.45301377773285 -27.812944650650024
93 16.53772747516632 -3.815909557044506 -17.231459766626358
94 11.714712798595428 -13.298234224319458 -15.422417044639587
95 14.400652408599854 -7.361299097537994 -6.047593832015991
96 2.6419951915740967 -5.679964154958725 -12.893487811088562
97 18.717828154563904 -10.288418561220169 -9.43631261587143
98 3.6884279400110245 -14.898748755455017 -16.462236046791077
99 10.89145565032959 -12.741812348365784 -7.213732957839966
100 1.2803670167922974 -13.342832207679749 -7.208624601364136
101 0.024090677499771118 -17.878999948501587 -13.138379111886024
102 9.193014085292816 -14.826890707015991 -17.44676947593689
103 14.390916347503662 -14.418965578079224 -7.700663134455681
104 6.40446013212204 -16.016810953617096 -21.543524265289307
105 1.5755546987056732 -19.445111632347107 -31.181006908416748
106 -7.597553133964539 -6.224015653133392 -23.96976673603058
107 -6.258776843547821 -8.101831629872322 -15.71256011724472
108 -2.5289124846458435 -7.060755610466003 -12.34829580783844
109 4.364055633544922 -0.49251413345336914 -7.791824460029602
110 17.574701070785522 -5.879247307777405 -9.51569378376007
111 10.783399879932404 -0.33919480443000793 -3.2610312700271606
112 13.024575993418694 5.833213567733765 -4.805402398109436
113 17.923483729362488 1.064790427684784 -4.84929084777832
114 4.017214417457581 -0.8577524125576019 -7.164766907691956
115 4.552676171064377 1.87199866771698 -6.355133682489395
116 -2.309794843196869 5.142123878002167 -10.892987474799156
117 4.066891610622406 4.353712692856789 -16.112130612134933
118 12.904008388519287 12.528558015823364 -27.356733798980713
119 16.597591638565063 8.596713691949844 -21.262734413146973
120 12.150701999664307 6.085702419281006 -21.040444254875183
121 7.040035665035248 -0.8410478830337524 -22.465107187628746
122 3.549953520298004 -7.207041680812836 -24.875229001045227
123 3.066206216812134 -13.395668029785156 -15.426725804805756
124 24.27065873146057 -9.862534135580063 -2.125588119029999
125 22.80178463459015 -5.172513365745544 0.025500774383544922
126 15.489790081977844 -1.4513550996780396 7.120893910527229
127 14.193404138088226 0.09919631481170654 10.216209411621094
128 16.774760723114014 7.497494876384735 29.715754747390747
129 24.695454359054565 9.880094647407532 29.70296359062195
130 9.894377514719963 2.031224548816681 24.658031225204468
131 16.67846304178238 1.898133099079132 16.967496275901794
132 3.1519227027893066 8.83237338066101 12.326565265655518
133 13.216901421546936 5.672619462013245 7.383855044841766
134 8.045522332191467 -1.6586352735757828 8.809841275215149
135 9.265905618667603 4.294229179620743 4.351403653621674
136 1.865888088941574 3.2779622077941895 8.75819018483162
137 7.220085754990578 -7.299158334732056 13.009410977363586
138 9.879226744174957 5.665939629077911 11.81682562828064
139 -13.619351863861084 4.418590724468231 -5.472337499260902
140 -9.23456585407257 3.17914280295372 -14.914641857147217
141 -7.593434810638428 -1.5356079936027527 -19.90640115737915
142 -21.09285596013069 -4.557713031768799 -28.18420124053955
143 -23.504507899284363 -14.24077020585537 -23.505964756011963
144 -22.45438575744629 -14.657590508460999 -16.54415339231491
145 -26.470166444778442 -14.631866157054901 -25.646164655685425
146 -11.342836707830429 -8.727977752685547 -17.671515226364136
147 -5.62004941701889 -5.479675330221653 -18.27000117301941
148 -10.982219472527504 -13.051328420639038 -18.449980154633522
149 -10.58802443742752 -19.413130283355713 -14.373172223567963
150 -1.5782761573791504 -28.17964267730713 -6.1183634996414185
151 -4.631662428379059 -10.714785754680634 -3.0908010005950928
152 3.421076536178589 -17.984408378601074 -10.468912839889526
153 -1.0028305053710938 -10.88966166973114 4.358721762895584
154 -16.39117169380188 -6.3846951723098755 -21.433810234069824
155 -5.936618775129318 -12.030529975891113 -11.855034679174423
156 -2.94538015127182 -29.980559825897217 -3.0760093927383423
157 3.6532487273216248 -24.955429196357727 -1.447997510433197
158 14.07594883441925 -17.714759647846222 -5.664519786834717
159 11.03341293334961 -18.798313200473785 -12.232606530189514
160 -1.1249263882637024 -19.33513832092285 -3.7233307361602783
161 6.523333678022027 -20.12045270204544 5.47517454624176
162 15.252609252929688 -8.111418724060059 14.538114309310913
163 -6.330160594545305 -29.399695932865143 7.250061064958572
164 -4.6183972507715225 -19.687575101852417 3.265372335910797
165 -4.942590624094009 -28.12371325492859 -7.576709866523743
166 -12.26171588897705 -27.14058056473732 -9.507160395383835
167 -14.476952508091927 -9.4008227288723 -3.8947918117046356
168 -11.445390701293945 -8.54379403591156 -0.50196373462677
169 1.167790949344635 -10.640951871871948 1.0424618571996689
170 -6.580585565418005 -7.3805834501981735 -6.1405602395534515
171 11.78749680519104 0.7190142571926117 -3.6478112041950226
172 12.319919347763062 -5.590534687042236 -4.5877392292022705
173 21.48952555656433 -11.681604325771332 -8.662082195281982
174 7.1295047998428345 -8.125624060630798 -6.213718056678772
175 6.620046004652977 -4.714094281196594 -12.171228185296059
176 -0.54085773229599 -6.634452819824219 -14.855470061302185
177 -5.76567941904068 -5.659134387969971 -18.07063627243042
178 -14.571267008781433 10.537215828895569 -6.961551010608673
179 -12.191432505846024 7.497152656316757 6.195681720972061
180 -6.496222406625748 27.8927743434906 -8.088966369628906
181 3.7735354900360107 17.44330370426178 -14.782017946243286
182 -3.131370782852173 14.187300682067871 -4.301742494106293
183 8.773576974868774 19.708235323429108 -20.14608110487461
184 14.534913837909698 27.297864705324173 -6.990714073181152
185 -11.396039724349976 13.383186340332031 2.700218379497528
186 -2.9764787554740906 1.0065603256225586 3.410147786140442
187 1.8254042267799377 4.61188006401062 11.07604169845581
188 -5.407487876713276 11.869217872619629 16.182308197021484
189 9.502172648906708 1.5197051763534546 11.468631457537413
190 7.433908775448799 7.619290053844452 -5.535775184631348
191 14.130209803581238 -5.446322187781334 2.36268550157547
192 17.732178330421448 -15.282099843025208 -1.3495271503925323
193 14.249314308166504 -9.571515560150146 -5.251201152801514
194 4.729262143373489 -16.42359036207199 -6.323778837919235
195 31.94673764705658 -18.97480845451355 -10.081642150878906
196 25.735018968582153 -10.060087352991104 6.883028149604797
197 33.843992590904236 6.256984055042267 4.476280897855759
198 33.87104511260986 14.78489077091217 -5.028616294264793
199 36.55756378173828 9.417917013168335 -0.9871327877044678
200 28.741807103157043 5.397734642028809 1.874001920223236
201 30.618855237960815 5.759868502616882 -0.2878570854663849
202 28.937416672706604 -2.465957760810852 2.462437629699707
203 30.82592761516571 -8.055555045604706 -6.0430198311805725
204 20.759613633155823 -8.567893266677856 -1.9116051197052002
205 12.538479685783386 -15.908019423484802 -5.256173014640808
206 14.907054543495178 -13.420477893203497 -17.420782562345266
207 11.417675971984863 -14.44183349609375 -6.240202814340591
208 24.209251642227173 -14.566801905632019 -2.035293936729431
209 12.814213275909424 -5.231375455856323 -10.129448503255844
210 10.213212132453918 -2.265246093273163 -5.162786815315485
211 2.4064128398895264 -9.081083297729492 -11.097954392433167
212 6.157425880432129 6.08124016225338 -11.636355519294739
213 11.477845400571823 -7.643285572528839 -21.18129312992096
214 9.77901566028595 1.7069990634918213 -13.784212291240692
215 -6.909649729728699 6.206419110298157 -8.470462322235107
216 -3.762320637702942 3.3648968935012817 -10.69039386510849
217 -15.508717060089111 10.63010573387146 -9.46080256998539
218 -8.556675300002098 13.308586597442627 -6.621330082416534
219 -3.1373514235019684 7.0045037269592285 -11.155093014240265
220 -4.815177083015442 17.768006443977356 -17.483397603034973
221 -8.118208408355713 16.483812510967255 -2.2485032975673676
222 -2.3300271332263947 9.79297723248601 -4.247486472129822
223 1.2628997564315796 10.47143167257309 -0.8388462662696838
224 -3.126268833875656 6.949120104312897 -11.096627235412598
225 -20.30534052848816 15.194766074419022 4.591851364821196
226 -15.925224781036377 14.064471125602722 1.0340455174446106
227 -13.303076654672623 5.380020618438721 -2.8157232850790024
228 -16.094740867614746 5.929133713245392 -2.7830126583576202
229 -8.184420377016068 1.934814065694809 -13.44298642873764
230 -11.059375047683716 3.8177000880241394 -3.7840200662612915
231 -4.526131212711334 12.892984628677368 -4.589952349662781
232 -13.785731077194214 15.726278185844421 -24.780519485473633
233 -5.370081424713135 9.403363138437271 -18.66013216972351
234 -10.243223071098328 8.913106501102448 -5.817077398300171
235 -22.94327449798584 5.918108224868774 -6.190010704100132
236 -20.64912462234497 17.275131702423096 -7.327374696731567
237 -29.1183260679245 27.621525764465332 -9.64370846748352
238 -26.68462586402893 22.08169674873352 -9.654961973428726
239 -29.279179334640503 9.830806076526642 -14.409396648406982
240 -18.937745809555054 4.865552663803101 -14.460510224103928
241 -26.765083886682987 -1.7010465562343597 -14.716916799545288
242 -21.74191278219223 -5.052861332893372 -13.829242758452892
243 -12.610826849937439 2.2812918424606323 -3.657449096441269
244 -8.216504573822021 5.365730136632919 4.6744983196258545
245 -24.825117826461792 2.283528596162796 -0.37002359330654144
246 -23.018216371536255 1.9279039949178696 7.759262442588806
247 -7.877669274806976 -7.790026426315308 7.548521891236305
248 -9.1766037940979 -1.3914256989955902 4.600118428468704
249 -7.770406544208527 -8.059203028678894 9.91666465997696
250 -8.148453712463379 -11.405631750822067 2.01584655046463
251 8.978519439697266 -15.095057249069214 -5.23500919342041
252 2.938505709171295 -6.914990127086639 -4.1193543672561646
253 -11.150628745555878 -12.078182458877563 -8.713266730308533
254 -17.363845348358154 -16.70807111263275 -5.948676571249962
255 -5.350452899932861 -8.895581305027008 -1.451332837343216
256 -11.575346171855927 -6.306465357542038 -3.9883904308080673
257 1.674046766012907 -22.05222487449646 -0.9560684561729431
258 -2.1929138898849487 -6.6842427253723145 -6.57483446598053
259 -4.281911849975586 -12.517264902591705 -2.314287230372429
260 9.633906543254852 -13.452378392219543 -11.540424704551697
261 7.284015655517578 -18.66103494167328 -10.800198420882225
262 4.993518173694611 -29.169694900512695 -6.517816543579102
263 13.382629632949829 -29.062344908714294 -10.01500540971756
264 -4.902558505535126 -30.344923615455627 -14.701623320579529
265 -0.6776932179927826 -31.026664316654205 -14.090734541416168
266 3.2691636979579926 -32.65319108963013 -13.497044697403908
267 7.4573323130607605 -30.206900715827942 -12.025261163711548
268 10.70939302444458 -23.58922588825226 -8.500841975212097
269 19.548632860183716 -16.526058316230774 -7.06949907541275
270 13.295886516571045 -16.762884497642517 -22.07923674583435
271 12.92232084274292 -21.538724184036255 -18.91912579536438
272 9.247774600982666 -13.010402500629425 -18.459309697151184
273 28.06933617591858 -27.580055236816406 -3.014389932155609
274 23.35072946548462 -22.762070655822754 1.1827590987086296
275 24.958200454711914 -11.369193971157074 -1.6580405831336975
276 27.53753113746643 -26.71706485748291 -14.770833231508732
277 20.114003777503967 -15.941802203655243 -11.133492112159729
278 10.531896948814392 -12.823663890361786 -16.88567888736725
279 12.52110704779625 -6.322900056838989 -13.431728422641754
280 21.527589559555054 -5.702407419681549 -4.726700305938721
281 22.066790521144867 1.7588567733764648 -7.79938268661499
282 26.45654559135437 -1.5219120979309082 -4.060320198535919
283 8.134579002857208 -12.387743353843689 5.384643137454987
284 27.694525957107544 -18.69835239648819 -3.052402913570404
285 21.872527360916138 -13.447660088539124 -6.5105151534080505
286 21.81782054901123 -21.66754984855652 -5.39369498193264
287 29.573650121688843 -16.08890450000763 8.8895822763443
288 18.37929916381836 -19.86241102218628 13.274880170822144
289 18.373087644577026 -23.341431438922882 0.7844881862401962
290 25.336258351802826 -20.113220393657684 11.872037887573242
291 28.781536757946014 -11.171788811683655 0.0489954948425293
292 24.330789476633072 -15.470654129981995 8.074837267398834
293 23.47384850680828 -7.469053149223328 -4.2147815227508545
294 7.489735305309296 -8.996061086654663 0.7204591035842896
295 12.76349949836731 -0.3831619322299957 1.4841569662094116
296 9.380840241909027 -7.439806044101715 -11.262884080410004
297 8.04684066772461 -5.5071746706962585 -17.982325673103333
298 5.4905102252960205 -1.5655967593193054 -28.685663104057312
299 8.437664031982422 -2.955687403678894 -29.616209506988525
300 3.2395976781845093 -4.791555657982826 -22.686614990234375
301 8.068502098321915 7.925235152244568 -30.38044810295105
302 12.94520628452301 -3.781938523054123 -16.82612442970276
303 3.517524778842926 6.649205982685089 -23.136252880096436
304 2.721988707780838 -4.796505451202393 -11.86539375782013
305 22.33107089996338 -1.246591866016388 -13.495689749717712
306 15.787073373794556 8.76684319972992 -21.98349380493164
307 20.839969754219055 -10.550915718078613 -20.545136272907257
308 30.80933117866516 -21.509423971176147 -27.268718242645264
309 28.196346402168274 -5.41055953502655 -28.709272980690002
310 23.60844522714615 -21.269651889801025 -23.818079948425293
311 18.45654982328415 -11.605645418167114 -13.772053241729736
312 16.751111030578613 -15.322683095932007 -10.542134404182434
313 11.041706517338753 -3.472713351249695 -15.204959750175476
314 8.756378531455994 -19.49300503730774 -17.304264187812805
315 8.081276625394821 -16.160492055118084 -9.348809953778982
316 13.398854911327362 -12.695089012384415 -12.059924513101578
317 4.010125994682312 -10.998406529426575 -3.481857419013977
318 8.1714276522398 5.2185065150260925 -11.039412677288055
319 4.558214217424393 6.937762081623077 -8.25305986404419
320 11.502033472061157 6.61402428150177 -10.308068990707397
321 -0.09376274049282074 10.794992446899414 0.5622830986976624
322 1.1781774759292603 14.486114740371704 -0.43449364230036736
323 4.284830093383789 1.1961263418197632 0.9862505197525024
324 1.496437907218933 11.926663219928741 -5.045504063367844
325 6.680951952934265 8.817134857177734 -5.087719738483429
326 -7.225836873054504 5.234447002410889 9.871443390846252
327 1.8091256618499756 8.772112295031548 -0.9472546055912971
328 -6.399253249168396 -2.6640869975090027 -6.634563684463501
329 0.4888947904109955 7.806545734405518 -11.721871048212051
330 -5.177907824516296 1.6704049110412598 -16.42916965484619
331 1.3941298127174377 6.017780363559723 -17.638916015625
332 -1.298606164753437 5.496940419077873 -18.320160999894142
333 -6.882129549980164 -0.9954104721546173 -13.885473370552063
334 -4.907474502921104 22.109584093093872 -24.073335886001587
335 -20.621070504188538 13.149978995323181 -0.7666593641042709
336 -12.789253234863281 11.740074202418327 -2.8425303250551224
337 -6.005497604608536 21.609485864639282 -8.47827833890915
338 -0.17066416144371033 27.108771324157715 -7.455204248428345
339 -2.396615356206894 14.013128072023392 -7.832655996084213
340 1.0256808400154114 24.690842509269714 -1.5616814643144608
341 -0.08973044157028198 22.42684578895569 -2.230509579181671
342 3.222504734992981 36.277626037597656 -7.3856600522994995
343 2.9910372495651245 34.932610750198364 -14.126414179801941
344 7.899180054664612 28.593835473060608 -16.340953946113586
345 12.838797450065613 13.318097829818726 -21.15761435031891
346 -5.401983022689819 20.2686870098114 -10.415064096450806
347 4.2108373939991 7.797921925783157 -16.599422812461853
348 -10.08483798801899 10.536813914775848 -21.886064887046814
349 -2.450814723968506 2.579348862171173 -19.505768984556198
350 -2.526244044303894 -7.303966604173183 -37.24428153038025
351 -15.014234781265259 12.895166158676147 -16.553125321865082
352 -10.543043375015259 12.076966285705566 -28.24873512983322
353 -9.736201167106628 0.02312377095222473 -22.38003957271576
354 -13.532194018363953 5.0483831241726875 -25.804192543029785
355 -5.2854423224925995 5.443524166941643 -35.71074914932251
356 -20.033141404390335 12.815632343292236 -38.74633598327637
357 -20.054139018058777 21.341898679733276 -35.689242511987686
358 -20.127581179142 3.2390609979629517 -40.23664402961731
359 -5.559486210346222 14.709355473518372 -40.127315402030945
360 -19.58897578716278 21.579538822174072 -31.2698774933815
361 -12.177772730588913 5.406820058822632 -32.32928133010864
362 -23.880677580833435 23.694072723388672 -13.335288763046265
363 -12.932642042636871 11.859630823135376 -2.7442352175712585
364 -11.468292623758316 8.099315881729126 -14.87290334701538
365 -11.439539670944214 -3.189839541912079 -24.941322684288025
366 -9.61500597000122 -2.4611371755599976 -24.895041942596436
367 -4.513458013534546 3.768130660057068 -13.064457476139069
368 -3.608973503112793 9.415610402822495 -20.29443857073784
369 -6.852329820394516 16.38372564315796 -29.711995363235474
370 -9.654633045196533 24.521279841661453 -11.113415598869324
371 -16.584115386009216 29.98592698574066 -8.099370747804642
372 -24.220287084579468 36.26778793334961 -6.329959750175476
373 -27.627102851867676 8.593368709087372 -0.05600738525390625
374 -23.572679340839386 23.575817108154297 -4.862767741084099
375 -10.723125219345093 22.305349826812744 -4.618983805179596
376 -14.534434199333191 19.058823466300964 -2.81993505358696
377 -20.324116230010986 18.754555463790894 3.232574239373207
378 -26.02195644378662 18.592903971672058 16.75154948234558
379 -23.874540328979492 22.63171350955963 -3.7778655290603638
380 -14.718846708536148 20.455846071243286 -1.866236925125122
381 -14.025765776634216 31.384743213653564 -2.434997580945492
382 -18.867177844047546 26.919306993484497 -1.374232530593872
383 -19.3693807721138 22.86126470565796 3.8124754428863525
384 -20.177955627441406 14.251224994659424 5.252883017063141
385 -18.367241755127907 5.875327885150909 1.9056722074747086
386 -11.459092810750008 -3.701706051826477 8.409260988235474
387 -11.787674576044083 -10.29681944847107 0.620585024356842
388 -20.000020384788513 -11.570322692394257 -5.962214827537537
389 -17.91822600364685 -6.531527817249298 -7.446058735251427
390 -4.604176178574562 -7.852840781211853 -7.919823467731476
391 -3.3685723543167114 -1.2230386137962341 -5.136396169662476
392 -2.793685644865036 2.2236169576644897 -8.249156475067139
393 -6.448630750179291 -3.7806254029273987 5.9560227394104
394 -2.6648048162460327 14.966648697853088 6.605855315923691
395 -7.038292586803436 4.05072820186615 -6.610352516174316
396 -17.288030862808228 -5.457431651651859 14.348310708999634
397 -12.339762032032013 -0.6432825028896332 19.12661302089691
398 -4.027085155248642 -9.22697627544403 25.876756191253662
399 3.052297294139862 10.385549485683441 19.527194380760193
400 3.4534690380096436 8.462866187095642 18.659953474998474
401 11.104824662208557 7.115541756153107 22.528388261795044
402 12.59587550163269 -4.661558926105499 23.051315665245056
403 2.55592679977417 8.747662603855133 28.68252396583557
404 2.87137770652771 7.369171887636185 23.86465847492218
405 -3.3702798634767532 5.008496046066284 23.843663454055786
406 -15.401535779237747 7.771970450878143 24.17659491300583
407 -14.53284740447998 2.878972142934799 28.117210566997528
408 -11.444705486297607 8.563355147838593 29.656885147094727
409 -12.030531406402588 10.50001335144043 29.80851173400879
410 -10.601473331451416 9.21872764825821 25.896162390708923
411 -3.5212650895118713 8.200149655342102 39.76415777206421
412 -4.333499491214752 4.559507250785828 28.587186574935913
413 -5.804978311061859 1.0172012150287628 21.10825788974762
414 -15.328021883964539 -2.6885643005371094 33.21808695793152
415 -8.99220097064972 3.7857732474803925 22.214322090148926
416 -10.395882099866867 5.945471823215485 26.34583568572998
417 -7.629900738596916 7.483346939086914 13.173714578151703
418 17.82805848121643 -8.538335919380188 19.884832739830017
419 20.87398624420166 -16.77959716320038 9.567556738853455
420 23.73332452774048 -12.252095222473145 8.193694710731506
421 16.332883954048157 -19.295109748840332 2.0232845544815063
422 22.26003587245941 -1.5594394654035568 6.1095497608184814
423 24.60913348197937 -10.405414998531342 4.5068124532699585
424 11.422510325908661 -7.920981347560883 14.568561613559723
425 16.1698135137558 -7.026200234889984 10.724955260753632
426 5.529812306165695 -5.1355175375938416 1.4020913243293762
427 -6.220147252082825 -2.6423653066158295 -6.773494720458984
428 -14.045183658599854 -13.475691974163055 12.730530619621277
429 -10.287264168262482 -4.279364377260208 7.761662185192108
430 -14.141716241836548 -13.17545223236084 -8.861453801393509
431 -11.148088693618774 -9.960121631622314 -5.073158621788025
432 -8.163010776042938 -19.356157779693604 -3.0643494725227356
433 -10.22155186533928 -11.042423129081726 -6.687488555908203
434 -18.51316547393799 -18.018201231956482 -12.30283473432064
435 -6.942509055137634 -13.836004972457886 -1.4436839818954468
436 -7.616226047277451 -10.542957305908203 7.641745030879974
437 -3.257518380880356 -5.253275513648987 -1.0516809299588203
438 -5.285844027996063 -9.597322702407837 2.977710545063019
439 -7.888692259788513 -12.086261868476868 11.970370352268219
440 -4.394253730773926 -18.01833975315094 14.347537994384766
441 -5.600942820310593 -18.02040660381317 11.326644867658615
442 -9.18153691291809 -19.047842979431152 19.762145400047302
443 -13.527958765625954 -10.998875170946121 18.04700016975403
444 -12.300025820732117 -10.62082815170288 24.285118579864502
445 -25.262611240148544 -13.490653991699219 16.519289791584015
446 -9.815126180648804 -15.100234627723694 10.222429633140564
447 -19.16806960105896 -9.317238926887512 15.0437912940979
448 -9.376206994056702 -12.372337445616722 27.908468008041382
449 -11.242212384939194 -6.174947798252106 21.150572896003723
450 -9.01754181087017 -0.204065203666687 20.527105152606964
451 0.5167057514190674 -20.503117322921753 28.426546096801758
452 -14.494606256484985 -9.864370226860046 8.88193541765213
453 -7.050325989723206 -7.062641695141792 13.725601553916931
454 -20.602175116539 -8.67994473874569 6.769664645195007
455 -10.006823658943176 -19.216302633285522 12.647367477416992
456 -12.962845087051392 -15.579257011413574 24.95632314682007
457 -27.746827602386475 -9.320921778678894 22.93553388118744
458 -11.877335548400879 -1.8482074737548828 10.944563835859299
459 -16.07100486755371 -4.636677861213684 25.00885796546936
460 -15.165131330490112 -26.835494995117188 15.159385561943054
461 -1.752847120165825 -17.29480469226837 18.956533074378967
462 -14.550315976142883 -33.930163860321045 7.067656643688679
463 -15.885659337043762 -29.675819396972656 3.2870259284973145
464 -6.311411499977112 -20.98479449748993 8.989077031612396
465 -2.121694892644882 -21.49960196018219 7.44698166847229
466 -8.649701297283173 -10.032150864601135 15.88987934589386
467 -11.806772351264954 -21.28364109992981 10.154027462005615
468 -22.236184120178223 -22.79540705680847 10.85789442062378
469 -26.918709754943848 -13.94739854335785 10.090694308280945
470 -28.8537015914917 3.372806876897812 14.463756084442139
471 -22.314967691898346 -2.8082074522972107 12.698546290397644
472 -12.365702331066132 -0.34168776869773865 -2.453717350959778
473 -24.263118267059326 2.6577324867248535 -2.9780985713005066
474 -4.1324485540390015 6.516922235488892 -2.306977689266205
475 5.880182817578316 8.591245744377375 -5.725323438644409
476 0.3371930420398712 5.831196486949921 -6.344819724559784
477 -4.97779643535614 0.18057632446289062 -9.076468467712402
478 -9.537509620189667 3.5362319946289062 -9.438791453838348
479 -5.810296386480331 -1.642519935965538 -12.083593249320984
480 -3.235825538635254 10.62216641008854 -2.6941336393356323
481 2.5497478246688843 9.229302823543549 -7.890459790825844
482 -7.236631631851196 13.676764219999313 -5.007554888725281
483 -4.608979523181915 2.4632367491722107 5.897868812084198
484 6.5794878005981445 26.718078017234802 -2.5360461473464966
485 -4.281289517879486 24.562998414039612 -1.2481503933668137
486 10.702189922332764 1.3777978122234344 -4.521657705307007
487 5.125484496355057 24.797661662101746 -14.358535587787628
488 12.383087784051895 10.210144191980362 -8.026304930448532
489 1.7889026403427124 27.82749432325363 -8.401676505804062
490 -5.103293180465698 17.051647305488586 -4.44196804612875
491 10.321981191635132 14.690872341394424 8.71478796005249
492 6.737169504165649 10.660161942243576 7.627590537071228
493 -0.2147998809814453 18.295499682426453 9.195354238152504
494 7.899552047252655 20.130099415779114 9.344414345920086
495 12.579643324017525 14.14324939250946 12.404181599617004
496 6.83162385225296 -9.493651986122131 4.874490797519684
497 1.9161385297775269 2.4066566824913025 14.539664030075073
498 3.629449464380741 -11.666462659835815 26.62614870071411
499 0.6640765070915222 -19.2275869846344 13.131291031837463
500 -4.535488456487656 -21.928329467773438 15.854264259338379
501 -7.796897143125534 -25.884055733680725 14.712408304214478
502 -11.121235132217407 -16.017566204071045 20.15787363052368
503 -18.69055199623108 -12.451117873191833 20.307312726974487
504 -12.16993162035942 -6.4251369535923 17.697399735450745
505 -15.511036396026611 4.583962798118591 12.081238865852356
506 -5.378748714923859 2.0521984696388245 27.17142939567566
507 -12.387454122304916 -0.5192167460918427 25.41243040561676
508 -15.27897310256958 5.651708424091339 32.475502252578735
509 -5.785398721694946 -2.2916948199272156 36.63420510292053
510 -15.459823727607727 9.202660322189331 33.328455209732056
511 -8.18808200955391 6.627775207161903 32.32119035720825
512 -10.273923575878143 -4.670116364955902 27.29420429468155
513 -22.69997012615204 -6.730299264192581 20.78649550676346
514 -14.87308806180954 -16.427980065345764 28.14583110809326
515 -8.591926753520966 -4.1249576807022095 31.655524253845215
516 -2.569549083709717 -10.969734907150269 27.07466995716095
517 -22.492575645446777 0.8370491713285446 20.328290224075317
518 -10.582455515861511 -15.801472425460815 12.021067261695862
519 -2.2822682857513428 -15.210139155387878 2.3048200607299805
520 -5.322068393230438 -15.180514574050903 2.7539433240890503
521 -8.987309277057648 -18.764546394348145 7.117341697216034
522 -20.02349680662155 -19.612303018569946 -6.784936755895615
523 -15.836501840502024 -12.91387639939785 -16.47042715549469
524 -21.54845118522644 -11.374269649386406 -19.627787113189697
525 -15.178150057792664 -7.210432648658752 -26.177944898605347
526 -6.255393147468567 -13.71341609954834 -25.59698712825775
527 -12.544123381376266 -6.529849529266357 -15.847838044166565
528 -10.240266859531403 -5.068128287792206 -11.472770154476166
529 2.632848024368286 -10.60383415222168 -17.180856704711914
530 -2.684918165206909 -21.322768688201904 -22.703107118606567
531 1.470595896244049 -15.996900975704193 -16.568814039230347
532 9.545703709125519 -19.833779096603394 -15.893912672996521
533 4.914653420448303 -26.018117666244507 -18.06257027387619
534 -9.903256297111511 -18.51244044303894 -19.888784885406494
535 -15.64533494412899 -21.858351230621338 -21.706237316131592
536 -22.068441689014435 -13.606952905654907 -21.180752754211426
537 -20.803322076797485 -16.506454467773438 -24.885264337062836
538 -25.39461064338684 -18.644673466682434 -28.64283299446106
539 -22.461212277412415 -26.950512170791626 -21.00748896598816
540 -23.178110659122467 -29.175769567489624 -13.304783761501312
541 -22.232108533382416 -29.02379474043846 -2.624844551086426
542 -29.51797604560852 -34.10199439525604 -0.728703498840332
543 -19.68367302417755 -33.229636907577515 6.575045824050903
544 -15.375996887683868 -33.24424946308136 1.7510414719581604
545 -28.27044105529785 -42.21621012687683 13.485350966453552
546 -21.079543828964233 -38.334564447402954 6.642608657479286
547 -28.602677583694458 -27.35666573047638 16.619574695825577
548 -30.200846910476685 -28.963982820510864 20.548470973968506
549 -31.505812883377075 -24.540185928344727 20.47912847995758
550 -20.950016498565674 -24.603993117809296 7.608220964670181
551 -7.981464147567749 -35.63058423995972 4.604805797338486
552 -14.578195095062256 -21.689842104911804 -1.3711147904396057
553 -15.287790417671204 -21.614137530326843 4.371245324611664
554 -15.290950357913971 -19.57551419734955 -4.239796310663223
555 -3.311528265476227 -29.133366584777832 -8.999756276607513
556 3.592095524072647 -18.821845054626465 -10.814899146556854
557 9.391313076019287 -22.86130404472351 -15.836477994918823
558 19.779269456863403 -31.900867462158203 -22.254996299743652
559 7.7764779925346375 -24.66477119922638 -16.114683985710144
560 3.004352480173111 -26.63873815536499 -10.624983862042427
561 3.6761724948883057 -14.853813543915749 -4.987067490816116
562 -7.495383858680725 -14.457069128751755 3.663875460624695
563 -19.206801772117615 -18.999831438064575 -6.5483807027339935
564 11.158380627632141 1.1553139816969633 -8.000261783599854
565 1.6819896399974823 -14.153111100196838 -4.487414486706257
566 18.018628239631653 -13.564834475517273 2.367114782333374
567 9.852696865797043 -5.4785440266132355 3.1706493943929672
568 19.788328051567078 -10.747932136058807 9.862112879753113
569 28.23963177204132 -14.017163753509521 -5.686730146408081
570 29.649921417236328 -20.941617131233215 -12.365014612674713
571 14.142232418060303 -30.72537589073181 -3.4603580236434937
572 15.397904574871063 -32.632094621658325 -6.027619957923889
573 6.383380234241486 -35.03457760810852 -6.156953454017639
574 0.8340179622173309 -34.02456432580948 -3.3500123023986816
575 3.216651678085327 -31.90654170513153 -3.2880595326423645
576 -14.666409730911255 -37.126425981521606 -23.414823174476624
577 -11.600827693939209 -27.129466116428375 -14.254837393760681
578 -5.184569776058197 -25.097712576389313 -22.44089224934578
579 -10.053572416305542 -28.260882139205933 -22.212316513061523
580 2.9641839265823364 -24.693603575229645 -26.280176877975464
581 10.268275737762451 -26.53473210334778 -28.94799828529358
582 17.082035303115845 -14.110265888273716 -21.395516753196716
583 1.7215035557746887 -20.45376443862915 -25.76462435722351
584 8.414294481277466 -17.72861671447754 -29.778894186019897
585 7.823445335030556 -18.890379548072815 -22.00427007675171
586 12.883786916732788 -20.171090841293335 -25.10417914390564
587 3.7042328119277954 -6.781290233135223 -31.514928817749023
588 10.800731599330902 -1.936882108449936 -22.184932231903076
589 10.368518114089966 2.1372925639152527 -23.15863037109375
590 11.182684302330017 14.854267239570618 -25.867778539657593
591 10.74639493227005 5.610363811254501 -25.506104230880737
592 5.420821905136108 15.581006288528442 -20.90908145904541
593 2.524283766746521 15.891732454299927 -17.05813980102539
594 -4.636226654052734 14.8206827044487 -15.001751899719238
595 11.806563019752502 13.429252237081528 -17.568327009677887
596 12.582715153694153 17.03854787349701 -3.789380222558975
597 30.625629901885986 15.401326298713684 -2.956769824028015
598 13.810408890247345 10.036637991666794 -8.958593249320984
599 2.944158971309662 18.014925062656403 -7.502083033323288
600 7.0205477476119995 24.78834080696106 -6.691704273223877
601 10.578456401824951 18.087878227233887 -1.7264624536037445
602 12.293199568986893 15.550756454467773 -27.780904054641724
603 3.9725760221481323 26.246078193187714 -6.815470635890961
604 -2.4025358855724335 22.630003809928894 -21.654772579669952
605 0.7350624799728394 23.945257663726807 -22.480213403701782
606 -0.8562831878662109 16.860012352466583 -33.55312895774841
607 5.1659553945064545 9.217460811138153 -26.0225972533226
608 0.13214898109436035 23.363072395324707 -19.99797534942627
609 -1.1481011509895325 20.458898723125458 -22.51673650741577
610 0.02370867133140564 29.118383765220642 -30.93495011329651
611 -7.4283110201358795 27.503429651260376 -23.3043692111969
612 -8.420173525810242 21.289011895656586 -18.09113846719265
613 -2.379732668399811 15.175887048244476 -20.582906365394592
614 5.14150857925415 14.876693189144135 -29.508154153823853
615 -1.327477514743805 5.295081853866577 -32.519583225250244
616 10.479010045528412 3.5334583520889282 -28.227094411849976
617 -9.67020446062088 6.096651911735535 -30.34943461418152
618 14.362746000289917 13.234821811318398 -21.945608854293823
619 21.411019563674927 15.544281721115112 -20.742571473121643
620 17.97904098033905 14.135154604911804 -28.25184965133667
621 9.050395280122757 13.0406134724617 -16.02505326271057
622 13.535080909729004 9.870843887329102 -0.47662168741226196
623 5.330784857273102 15.623473763465881 -6.287433475255966
624 5.3135528564453125 14.405323028564453 -1.495792031288147
625 22.505386650562286 0.47672519087791443 -9.571258664131165
626 14.508547328412533 8.784068405628204 -23.84792995452881
627 16.269661486148834 -1.055267333984375 -16.164793729782104
628 14.246441960334778 -1.4335427284240723 -21.827458381652832
629 16.228737384080887 10.114537477493286 -28.04858374595642
630 24.948200464248657 18.747650980949402 -25.477746963500977
631 22.84109663963318 16.852159023284912 -17.98128843307495
632 15.36167824268341 12.0260728597641 -13.208344638347626
633 4.859905019402504 14.975155591964722 -15.05972695350647
634 9.761873185634613 12.994541764259338 -2.091615617275238
635 6.9570097383111715 12.932807445526123 -0.0127716064453125
636 9.198015689849854 4.264900803565979 1.8882606029510498
637 1.9738723039627075 5.92561948299408 0.6992023289203644
638 -9.623530507087708 4.756597399711609 0.5065590739250183
639 -9.99717390537262 -0.007522940635681152 0.7870654463768005
640 -7.478727467358112 5.527363255620003 7.030028223991394
641 -1.4006481617689133 24.181334257125854 3.0171494483947754
642 -4.710667010396719 14.48013687133789 1.8915369510650635
643 -20.316148042678833 27.209914207458496 5.409100294113159
644 -11.242473125457764 11.354092836380005 3.019506759941578
645 -8.665610611438751 18.119659304618835 -3.8109412491321564
646 3.673971027135849 20.24316143989563 -5.526104211807251
647 0.611263781785965 15.557652235031128 -2.752558410167694
648 2.5485222339630127 29.760529041290283 4.077267795801163
649 -3.3627549409866333 18.965707063674927 15.456637144088745
650 4.897759675979614 9.61971378326416 3.1293867975473404
651 4.842536836862564 -1.092934787273407 5.816119819879532
652 4.627487659454346 13.58306336402893 19.12466335296631
653 -6.104405075311661 13.771291375160217 16.72835421562195
654 2.8765286207199097 3.404038667678833 12.376846075057983
655 -5.482150435447693 5.11841493844986 18.26624035835266
656 -2.9362431317567825 2.7767751961946487 6.017490744590759
657 -7.535729065537453 -5.041477829217911 -2.9642652422189713
658 -10.709128707647324 -2.047365367412567 9.716518819332123
659 -9.720133304595947 -6.616622984409332 1.8104197978973389
660 -17.87953794002533 -22.300232410430908 18.14961314201355
661 -20.070534586906433 -21.92707848548889 15.963281989097595
662 -14.281156659126282 -19.235680729150772 17.014764487743378
663 -25.216726660728455 -18.745345145463943 13.19717788696289
664 -25.65726590156555 -13.701640546321869 12.964681625366211
665 -20.667324662208557 -23.526286363601685 10.81332141160965
666 -30.22650635242462 -11.084502309560776 25.91002082824707
667 -16.79343467950821 -18.462088108062744 22.845694541931152
668 -28.624029248952866 -22.307162165641785 19.7544424533844
669 -31.332152009010315 -22.81042170524597 17.68214112520218
670 -36.80863380432129 -24.664060950279236 30.262922763824463
671 -18.72119665145874 -14.869768768548965 28.593689560890198
672 -24.13140419125557 -11.210339605808258 27.553555130958557
673 -17.044809818267822 -3.6578184366226196 37.780702114105225
674 -24.734682202339172 -14.108998775482178 32.00664305686951
675 -40.69644093513489 -20.198641180992126 36.36584520339966
676 -22.039451777935028 -19.91908150911331 27.794919073581696
677 -13.441770732402802 -9.684027552604675 18.84898328781128
678 -2.8966591358184814 -15.035516381263733 20.22824203968048
679 -11.28260451555252 -10.87642753124237 22.708974361419678
680 -13.691373467445374 -5.232312619686127 24.190425992012024
681 1.7692300081253052 -6.684171199798584 27.573269367218018
682 -0.12919998168945312 -8.019115149974823 19.89799189567566
683 6.616032361984253 -0.5652955770492554 24.34273934364319
684 -3.7663582861423492 6.8775482177734375 22.744085431098938
685 13.995024681091309 7.912547826766968 11.753827095031738
686 -1.6041938066482544 4.310533322393894 11.493069171905518
687 2.556272029876709 4.8746742606163025 17.70758354663849
688 8.734762787818909 7.7089797258377075 7.69545117020607
689 10.570933818817139 10.538456320762634 2.3430411219596863
690 10.889658451080322 5.933156996965408 2.9404094219207764
691 11.558419704437256 4.162247225642204 9.512938395142555
692 5.032412551343441 9.919069290161133 2.2285423576831818
693 0.22911956906318665 18.55044198036194 -1.876345455646515
694 -1.8556205034255981 19.24374496936798 3.364679902791977
695 11.144729852676392 4.595787137746811 5.061716079711914
696 7.828417360782623 12.501783221960068 3.983702063560486
697 15.343166470527649 20.838268756866455 9.389736592769623
698 13.967777252197266 11.81679767370224 10.03695622086525
699 -3.845495343208313 17.51094663143158 3.9719011187553406
700 -6.484585732221603 8.85314154624939 12.01751959323883
701 0.7608747482299805 19.916566133499146 5.3808950781822205
702 -8.331086844205856 20.222266912460327 3.3879871368408203
703 -9.21145784854889 16.561692357063293 -6.128333687782288
704 7.258467078208923 -4.185487389564514 -1.3903700113296509
705 -7.7520890682935715 -4.463009834289551 9.810701787471771
706 -0.7387030720710754 2.5007455348968506 9.986791014671326
707 -8.040136337280273 2.8584685623645782 8.797587394714355
708 -8.26684707403183 -7.218582391738892 30.725487232208252
709 -14.08874261379242 -9.503234624862671 13.287778615951538
710 -7.059718012809753 -5.132845014333725 1.288273811340332
711 -3.5583887100219727 -4.128350615501404 6.827844902873039
712 -13.246799856424332 -7.55915892124176 6.918025076389313
713 -5.575821250677109 0.5534089207649231 14.041959881782532
714 -3.4190139174461365 -7.18954062461853 14.358643293380737
715 -9.282541453838348 4.774038374423981 17.601622104644775
716 -3.666986495256424 0.5186578631401062 24.28611671924591
717 -11.806073039770126 -1.898161120712757 12.648116201162338
718 -14.760777115821838 -14.727650880813599 20.606242418289185
719 -8.688417434692383 -17.69537115097046 21.34473490715027
720 -12.019841521978378 -5.553413212299347 21.723567485809326
721 -20.064249753952026 -15.843804061412811 29.34443187713623
722 -16.210067868232727 -5.134260416030884 25.552151441574097
723 -10.70974600315094 -4.286783456802368 20.08934223651886
724 -6.832169055938721 -22.933453798294067 33.89206671714783
725 -13.780751049518585 -14.469645917415619 24.028065979480743
726 -4.7435411512851715 -11.321040391921997 29.77469825744629
727 -10.448416113853455 -10.41868007183075 24.73789072036743
728 -16.295227885246277 2.7898600101470947 21.544834852218628
729 -14.9719158411026 -0.36737048625946045 32.812429666519165
730 -12.765711307525635 -1.9514859020709991 12.077157497406006
731 -16.147024393081665 -1.3886045515537262 10.913863062858582
732 -9.442026793956757 -0.670159712433815 16.354208111763
733 -6.213049948215485 -11.763277411460876 -2.7397738695144653
734 3.391287326812744 -7.79801419377327 2.0406911373138428
735 6.318669706583023 2.498321771621704 -11.653085947036743
736 -5.177899360656738 -5.625729411840439 -16.620716094970703
737 -9.907239854335785 4.552804201841354 -15.421473503112793
738 -7.647124707698822 13.854807496070862 1.5474635064601898
739 -11.972870290279388 3.139175295829773 -0.8301529884338379
740 1.3650875091552734 3.101932406425476 16.480728149414062
741 0.11381897330284119 -1.787754774093628 17.04850196838379
742 -5.19918754696846 -0.06949545443058014 13.025824189186096
743 -6.173186480998993 -0.8485003113746643 5.6330636739730835
744 5.449609279632568 19.05217945575714 -0.6661667823791504
745 33.65418577194214 20.483000993728638 -2.3484573364257812
746 14.66680133342743 12.411001682281494 -10.645669773221016
747 17.899543166160583 17.708507239818573 -6.233120977878571
748 19.522457718849182 2.7301948070526123 0.14390814304351807
749 25.425935745239258 -6.512303948402405 -5.270203590393066
750 20.184781193733215 -1.0037468671798706 -4.3427053689956665
751 28.411306381225586 10.571724534034729 2.720002233982086
752 5.9343287497758865 18.05048418045044 0.9233708381652832
753 -0.6609519124031067 12.659553408622742 4.7883331179618835
754 -0.98099684715271 16.52601057291031 -8.807100236415863
755 -23.20521366596222 6.514538824558258 -15.668009042739868
756 -10.402669489383698 18.85268199443817 -17.62830662727356
757 -12.167956948280334 6.605167329311371 -3.448042020201683
758 -15.913397818803787 -4.954440891742706 -18.53578472137451
759 -22.893497943878174 1.1458275318145752 1.0754717588424683
760 -14.17000687122345 -0.5542570948600769 2.060804069042206
761 -14.426682315766811 16.32854700088501 14.268786668777466
762 -5.4504905343055725 3.0546960830688477 11.754788160324097
763 2.564296841621399 5.751150548458099 -2.872867703437805
764 0.26402705907821655 4.002213358879089 2.0614193826913834
765 -12.212581604719162 -0.8438137769699097 14.507232427597046
766 -12.075008749961853 -5.424895524978638 -5.399984776973724
767 -21.165481090545654 4.144758343696594 -17.78669762611389
768 -19.094066858291626 14.620458871126175 -13.151854753494263
769 -8.367018461227417 6.891731798648834 -6.574003219604492
770 -9.601044774055481 -3.6287295818328857 -10.142563462257385
771 -12.12375819683075 -1.990732729434967 3.778274655342102
772 -22.90352213382721 2.733257532119751 9.133933335542679
773 -25.502112865447998 7.658893823623657 17.69042444229126
774 -25.17047154903412 -0.08333408832550049 23.167962551116943
775 -20.717276334762573 4.14033442735672 14.101786449551582
776 -20.461158752441406 1.9172505140304565 13.862951159477234
777 -22.757787108421326 3.623696446418762 10.980123698711395
778 -28.559945106506348 -6.730873465538025 14.491611182689667
779 -12.498590558767319 -2.7688934206962585 18.959992170333862
780 -2.8301879167556763 -11.903180837631226 10.036094754934311
781 3.6589691638946533 -1.838085699826479 13.14219617843628
782 -13.320966362953186 -1.4554607942700386 3.233461022377014
783 12.07937467098236 -3.668596625328064 28.80554437637329
784 9.840335130691528 -14.199159115552902 25.443939328193665
785 5.357775628566742 -6.574930340051651 15.08297860622406
786 13.3825843334198 -7.297690153121948 24.433683156967163
787 11.100894570350647 -6.299293398857117 26.69231140613556
788 10.315432220697403 -6.68299525976181 24.682555556297302
789 27.228255033493042 -0.6532091498374939 3.020589232444763
790 1.8788666725158691 -4.903519153594971 7.9761136174201965
791 7.07605242729187 -5.312157988548279 9.57957011461258
792 8.437329053878784 -3.136523425579071 4.238133981823921
793 11.556507587432861 -2.9611127078533173 3.9830660969018936
794 7.038173273205757 19.341076731681824 9.327916622161865
795 2.675595536828041 0.9742136672139168 9.954829931259155
796 0.6269110441207886 9.264266550540924 5.673188805580139
797 -7.683759272098541 0.9379155039787292 -13.84484726190567
798 -14.3756422996521 -0.8727872371673584 -14.53261125087738
799 -7.7316277623176575 3.8097360134124756 -14.31323516368866
800 -9.117428705096245 10.426899805665016 -9.199034571647644
801 -8.715053856372833 1.2154394537210464 -5.328228831291199
802 -23.39084005355835 3.9103925824165344 -5.700017035007477
803 -30.380810260772705 -13.856337547302246 -16.440393269062042
804 -28.71002960205078 -5.261541366577148 -11.080530881881714
805 -25.011911153793335 -7.993135839700699 -20.429685831069946
806 -10.668687403202057 -1.0089800953865051 -5.579655081033707
807 -7.227289795875549 0.323262095451355 -15.065992593765259
808 2.206164240837097 -1.8183048367500305 -21.73984956741333
809 4.321723073720932 0.6486700773239136 -15.729437589645386
810 18.036648631095886 -8.068065524101257 -12.424986362457275
811 6.660876750946045 10.113121628761292 6.333929479122162
812 4.683501802384853 -13.032063484191895 -0.4771522879600525
813 -5.696571946144104 -4.412699818611145 2.141731917858124
814 -14.798701643943787 -6.822920322418213 0.156451016664505
815 -11.753649115562439 1.965903878211975 8.27941620349884
816 -22.38740348815918 5.721920073032379 14.013797104358673
817 -19.353878259658813 19.03988879919052 2.639055997133255
818 -9.257985234260559 14.786960422992706 12.753931522369385
819 -9.038620829582214 17.944477081298828 8.796963393688202
820 -21.01123309135437 3.0298863351345062 4.646829459816217
821 -19.797092080116272 7.446246951818466 11.988837838172913
822 -18.471922516822815 -2.719046890735626 21.816566109657288
823 -15.158727660775185 -1.9768425673246384 15.715900301933289
824 -15.345733642578125 -7.944948613643646 21.81406819820404
825 -5.232693292200565 2.354691505432129 21.310945987701416
826 -5.143598258495331 -1.7155258059501648 18.183066844940186
827 -12.920100927352905 3.6689410135149956 26.946037530899048
828 -11.187379986047745 9.945578217506409 20.734501838684082
829 -9.453856647014618 -0.6768783330917358 20.47804844379425
830 -20.35379910469055 -3.4110553860664368 14.853774070739746
831 -12.532852232456207 -6.976823836565018 16.0814551115036
832 -6.63853794336319 -7.45194137096405 11.482995808124542
833 -1.3798711448907852 -15.09019649028778 9.589275598526001
834 -5.318561553955078 -17.128945142030716 8.821190178394318
835 -4.83324521780014 -18.810035467147827 14.467765167355537
836 -7.387914851307869 -11.96493086218834 19.394827842712402
837 -6.23131637275219 -7.392273098230362 24.841912269592285
838 -9.13512596487999 -9.194321691989899 19.118650317192078
839 0.776695728302002 -10.572428733110428 22.71220564842224
840 4.544029951095581 -17.968833565711975 18.856311559677124
841 6.220426678657532 -16.11031663417816 18.169557571411133
842 8.35895174741745 -4.010561645030975 17.063179969787598
843 9.631393074989319 -13.237079039216042 22.436328649520874
844 -2.4289918541908264 -6.726542353630066 15.2520232796669
845 -8.821834087371826 -12.976775586605072 15.171911597251892
846 -0.896518811583519 0.20448428392410278 23.094842433929443
847 -2.221617639064789 -4.424558527767658 20.592289924621582
848 -14.494542717933655 -2.990935206413269 22.95374584197998
849 -5.729880481958389 -17.47098469734192 15.018704891204834
850 -4.886974573135376 -12.181816667318344 17.856741070747375
851 -12.34425139427185 -4.856322526931763 4.909136593341827
852 -7.691051036119461 -19.202808380126953 11.448644518852234
853 -3.8559766858816147 -16.47015082836151 10.889564871788025
854 -11.98590099811554 -16.545074582099915 5.369407415390015
855 -2.079399198293686 -23.81693136692047 -1.037391722202301
856 0.018777132034301758 -20.493496537208557 20.50466686487198
857 8.736810803413391 -16.352839946746826 19.269754767417908
858 10.570069670677185 -13.258555889129639 0.013647541403770447
859 -2.697819173336029 -11.49457985162735 7.414260558784008
860 10.305534720420837 -22.06924343109131 6.018595397472382
861 -4.969350636005402 -23.242428302764893 -2.2523069977760315
862 0.325061559677124 -19.587246298789978 3.3577373027801514
863 5.351683676242828 -13.585024118423462 9.005125999450684
864 5.465764164924622 -27.11062216758728 6.553854703903198
865 -5.063880741596222 -11.78799819946289 10.32230380922556
866 -10.251751601696014 -5.027642488479614 7.594073235988617
867 -3.6943514347076416 -8.520724296569824 9.952863216400146
868 -5.090263783931732 -6.099687427282333 1.7523610591888428
869 -18.724748015403748 -3.7514543533325195 -6.134325206279755
870 -12.055014371871948 -7.570924282073975 1.8054014146327972
871 -14.596668124198914 -2.049746796488762 3.54064679145813
872 -11.538398399949074 -1.1131800413131714 -5.086919486522675
873 -3.2686526775360107 14.808017611503601 -5.09162662923336
874 -13.136046171188354 6.283961266279221 -13.82552945613861
875 -2.350672334432602 3.8105250000953674 -11.144177049398422
876 -9.501174092292786 8.36689992249012 -5.609047174453735
877 -9.342136025428772 -5.73646092414856 -2.965755045413971
878 2.114059329032898 -4.2496176064014435 -8.835463136434555
879 0.8937013149261475 4.801465526223183 -6.697879314422607
880 -5.188079982995987 1.8051382899284363 -6.936703741550446
881 -2.6212127804756165 1.1899893879890442 -12.724412679672241
882 2.97719906270504 2.1216813921928406 -14.539699912071228
883 -9.370302498340607 0.7989031076431274 -10.101297676563263
884 -3.3013929426670074 6.541098952293396 -5.302343994379044
885 13.948919534683228 6.3079275488853455 1.5313973426818848
886 10.0178302526474 -1.826118528842926 -7.969119668006897
887 9.527301669120789 5.329889640212059 -3.9194031953811646
888 13.944591760635376 1.1039704158902168 -6.41964989900589
889 13.442651629447937 10.413966834545135 -14.52863347530365
890 0.009952649474143982 0.5150181651115417 -27.84750473499298
891 20.09303331375122 -11.598548173904419 -30.05328941345215
892 11.199891090393066 -5.473806232213974 -20.595413208007812
893 3.845029354095459 5.365065336227417 -16.759242296218872
894 2.7602202892303467 0.2822227478027344 -6.266284480690956
895 7.351123511791229 -9.295687437057495 -14.248282313346863
896 4.231110095977783 -6.0452194809913635 -9.015350222587585
897 19.278706073760986 -4.445899605751038 -8.971704110503197
898 -3.4596104621887207 -8.462140321731567 -10.814729824662209
899 1.908569946885109 -6.604234218597412 3.1402978897094727
900 1.561757206916809 -16.63026452064514 -8.701363801956177
901 8.398086130619049 -26.965564727783203 -18.139642894268036
902 -2.367296040058136 -35.10361957550049 -7.906847804784775
903 -2.9998707473278046 -25.593689382076263 -3.4622746109962463
904 -6.965105414390564 -22.853522777557373 -7.998383730649948
905 -7.542203634977341 -13.948453605175018 -0.0412348210811615
906 6.664659142494202 -11.600480258464813 -3.8555674254894257
907 -0.13794955611228943 -15.238683223724365 8.541404962539673
908 -13.612805485725403 -22.357317686080933 -5.524975597858429
909 -15.836390376091003 -14.119047045707703 -6.822603523731232
910 -17.78734588623047 -9.512803792953491 0.6142596006393433
911 -0.11547258496284485 -6.115195214748383 -11.53329949080944
912 4.385921478271484 2.809558689594269 -10.339136242866516
913 0.5185635834932327 -10.757783710956573 -3.0173447728157043
914 6.34085687994957 -6.0562432408332825 6.627216935157776
915 8.129855394363403 -11.214694380760193 6.229440093040466
916 9.68953788280487 0.3008790910243988 2.783050239086151
917 6.504320323467255 10.715999960899353 -9.9056895673275
918 4.782132029533386 12.978391885757446 1.3143174946308136
919 -2.2781254574656487 5.610921144485474 5.095584034919739
920 11.717827081680298 10.670775413513184 -1.812808871269226
921 2.5460094809532166 -2.7122684717178345 9.627532958984375
922 5.926353096961975 4.60936039686203 -10.274148806929588
923 9.99185299873352 3.6338061690330505 -0.2929590791463852
924 10.993437767028809 -2.9852436780929565 0.5870189070701599
925 11.229640245437622 -0.6327911615371704 -7.970004126429558
926 7.7671919465065 -3.909946948289871 -9.85947197675705
927 1.162883460521698 -4.716731697320938 -16.44917106628418
928 -3.3355995416641235 -1.3842458724975586 -11.749324083328247
929 1.1349841356277466 -0.5899142473936081 -7.756548345088959
930 -11.986931800842285 -4.35489022731781 -11.330781161785126
931 5.407522596418858 -3.848095178604126 -6.551776111125946
932 10.200718760490417 2.3680590391159058 -2.615807145833969
933 8.726439714431763 13.343663215637207 -6.693737983703613
934 7.623902931809425 9.8067906498909 -11.85474169254303
935 -2.5552191138267517 1.811514675617218 -2.399290978908539
936 -6.274319410324097 1.7873896397650242 -1.3524590134620667
937 6.524130433797836 5.563099801540375 -18.848837733268738
938 -5.94197142124176 15.679339528083801 -10.178957864642143
939 0.5425437688827515 10.315928936004639 -8.944530636072159
940 6.187687516212463 12.322020053863525 -7.500026844441891
941 14.279708743095398 7.755829334259033 -20.0742849111557
942 18.118621349334717 10.733226358890533 -16.36125099658966
943 16.019703149795532 14.588866233825684 -5.153190404176712
944 8.530984476208687 5.170069247484207 -16.77140462398529
945 12.005510866641998 -3.7052383422851562 -13.234808921813965
946 11.81322169303894 7.642560571432114 -1.8713682889938354
947 0.7321837842464447 5.429282546043396 12.933058261871338
948 -5.9047746658325195 -1.1938280314207077 6.057500123977661
949 3.8495935797691345 1.5875065922737122 -12.944923222064972
950 -1.4151480495929718 -3.2845488786697388 -22.14534628391266
951 -4.646786779165268 -2.799918532371521 -15.768219113349915
952 -9.477201223373413 -7.156021237373352 -4.466507375240326
953 -1.491445928812027 -30.15555453300476 3.575548231601715
954 0.3600170612335205 -17.42508828639984 9.781158983707428
955 -0.9567639231681824 -19.05189085006714 9.082235217094421
956 -3.6818779706954956 -9.025467470288277 2.8846815824508667
957 0.5677520036697388 -4.722956474870443 -5.2852407693862915
958 2.7001041769981384 -12.728301286697388 -9.321514308452606
959 -6.457758188247681 -6.702154874801636 -0.39816951751708984
960 -12.647554695606232 -14.152443885803223 3.9651365280151367
961 -2.574890971183777 -22.73180902004242 1.2222789227962494
962 -0.47566716372966766 -20.322239756584167 -3.2989427000284195
963 2.0831420719623566 -9.923256397247314 -2.914005324244499
964 -14.631598711013794 -14.692172050476074 -0.9285638779401779
965 -5.640238851308823 -7.339748114347458 -5.4635655879974365
966 -3.9966585636138916 -10.853779792785645 -0.8881180286407471
967 -3.7411611080169678 -5.745744287967682 2.696217179298401
968 2.014850437641144 -12.900768756866455 2.9529111832380295
969 7.982140898704529 2.616215944290161 3.3081347942352295
970 7.172639310359955 4.196511626243591 -8.336449563503265
971 1.5020263195037842 5.466689944267273 -13.417205095291138
972 7.121818780899048 -0.38559192419052124 0.2689357399940491
973 1.5021410584449768 14.284019947052002 -1.7186548113822937
974 13.000333309173584 1.8587905168533325 -7.436398923397064
975 18.664021968841553 19.295992732048035 -2.089316487312317
976 19.053429424762726 5.399605423212051 0.9410673826932907
977 17.53352165222168 6.677160233259201 -5.955981805920601
978 18.249003529548645 2.477120876312256 -12.271479427814484
979 14.554521679878235 1.8878329992294312 -10.069871664047241
980 22.632916688919067 10.761994004249573 -4.540587306022644
981 15.292603969573975 6.104425668716431 0.003250598907470703
982 20.600255012512207 13.670231223106384 -2.178953394293785
983 6.547372758388519 14.56963935494423 -0.46140117943286896
984 9.140861511230469 26.26982343196869 11.768561244010925
985 4.818197309970856 19.387982487678528 11.026406645774841
986 -1.5381086468696594 11.176250636577606 14.211643099784851
987 0.19968849420547485 20.427513420581818 10.32290518283844
988 -0.2756722569465637 20.23620218038559 19.371599674224854
989 -4.892954170703888 15.707667708396912 13.328306019306183
990 -8.624396622180939 17.033002495765686 9.190292358398438
991 -1.5896682739257812 8.444475591182709 -4.866738900542259
992 9.60533857345581 18.147353410720825 1.4648885130882263
993 -11.685318619012833 14.671189427375793 10.69307154417038
994 -0.09559810161590576 13.039000868797302 8.262863516807556
995 17.47188663482666 18.45581841468811 2.2479225397109985
996 20.724286794662476 -1.319717526435852 -5.806221783161163
997 4.470789790153503 11.07103717327118 -13.062978148460388
998 12.8349928855896 6.0812671184539795 -5.457189977169037
999 1.539714302867651 4.226050078868866 -2.972810387611389
