# ccbond dipole 
# frame_index bond_index dipole_x dipole_y dipole_z 
#UNITCELL[Ang] 19.4788 0 0 0 19.4788 0 0 0 19.4788
#TEMPERATURE[K] 298
#TIMESTEP[fs] 2.5
    0    0      -0.0547818       0.0271447       -0.178788
    0    1       -0.113744       0.0580077       0.0499888
    0    2        0.194298       -0.219201       -0.047547
    0    3       0.0321231       -0.230192       -0.068768
    0    4      -0.0391026       -0.171114       0.0979221
    0    5       0.0488581      -0.0101386       -0.294182
    0    6       -0.204488       -0.132978      -0.0891465
    0    7       -0.145689       0.0870815        0.113518
    0    8      -0.0535072      -0.0446492      -0.0127631
    0    9      -0.0427423        -0.22608      -0.0181845
    0   10       -0.138178       0.0143654      -0.0150192
    0   11       -0.100821       0.0921429       0.0671325
    0   12       0.0103271      0.00155334       -0.138077
    0   13       -0.118668       -0.193422       -0.131149
    0   14     -0.00603058       0.0481347     -0.00658824
    0   15       -0.173004        0.138441        0.148231
    0   16         -0.1703       0.0280247       -0.208818
    0   17        0.187271      -0.0269992      -0.0740751
    0   18      -0.0317829     -0.00411536      -0.0088475
    0   19      -0.0487121        0.119184       -0.140134
    0   20      -0.0603324        0.309293        -0.15957
    0   21       -0.032456        0.221022       0.0256159
    0   22       -0.104736         -0.1557       0.0254506
    0   23      -0.0556814       -0.259341       -0.235285
    0   24       0.0497203       0.0863941      -0.0938132
    0   25      -0.0343055        0.077233        0.161424
    0   26        0.126106        0.139956       0.0610824
    0   27       0.0092047       -0.125715       -0.144828
    0   28      -0.0880757        0.131093      -0.0874236
    0   29       0.0695612       -0.243363        0.073443
    0   30       -0.250784       -0.211109        -0.10339
    0   31      -0.0840572      -0.0114398       -0.130128
    0   32      -0.0919129       0.0881842        0.205829
    0   33        0.224996       0.0063816       -0.117086
    0   34      -0.0521051      -0.0448688       -0.146636
    0   35        0.211674       -0.113291     -0.00517199
    0   36        -0.02974      0.00170941       -0.154305
    0   37       0.0317276        0.100031        0.100719
    0   38       0.0314032       0.0353751        0.126052
    0   39      -0.0327547       0.0438956       0.0245821
    0   40       -0.201282       -0.186158      -0.0259597
    0   41       0.0219731       -0.238087      -0.0359313
    0   42       0.0242729        0.157094         0.32707
    0   43       -0.264359        0.120668       0.0256823
    0   44      0.00386045        0.031607       0.0551613
    0   45       -0.144757       -0.182387       0.0768323
    0   46      -0.0841013      -0.0556963      -0.0782655
    0   47       -0.133255        0.132893       -0.136462
    0   48      -0.0293016       0.0850828       -0.145449
    0   49      -0.0727079      -0.0308849      -0.0520006
    0   50       -0.105021       0.0713839       0.0745103
    0   51       -0.125333        0.142513      -0.0738646
    0   52       0.0844495      -0.0331412      -0.0402681
    0   53        0.104235       0.0725818       0.0316647
    0   54        0.090736      -0.0429984       -0.148864
    0   55       0.0245329      -0.0263703       -0.148289
    0   56        0.107789       0.0820196       -0.161203
    0   57      -0.0316765       -0.107668       0.0763202
    0   58       -0.098377      -0.0681674      0.00658789
    0   59     0.000131736         0.15583      -0.0339959
    0   60      -0.0656171     -0.00087003        0.036913
    0   61       -0.205437     -0.00926058      -0.0144947
    0   62      0.00662331      -0.0691054      -0.0490819
    0   63       0.0709037      -0.0682477        0.128835
    0   64       0.0410578      -0.0853697      -0.0514774
    0   65       0.0311933       -0.126071      0.00880946
    0   66      -0.0429845      -0.0216923        0.177426
    0   67      -0.0516553       -0.306744       -0.124712
    0   68        0.072556       0.0926833        0.161316
    0   69       0.0145104       -0.147224    -0.000402199
    0   70       -0.108573        0.192042       -0.163663
    0   71      -0.0192773      -0.0246519       -0.154584
    0   72        0.219225        0.152317       -0.110003
    0   73        0.160504       0.0195842        0.014886
    0   74        -0.14472        0.155464     -0.00259722
    0   75       0.0436937      -0.0955203       -0.133386
    0   76       -0.103975       -0.238407        0.183997
    0   77       0.0546807       -0.171595       -0.161902
    0   78       -0.121734       -0.205585        0.104289
    0   79      0.00639789       0.0989383       0.0836127
    0   80      0.00329706       -0.255829      -0.0507471
    0   81     -0.00801285      -0.0487189     -0.00255975
    0   82       -0.177109      -0.0284766       0.0153693
    0   83      -0.0500094        0.230227       -0.111601
    0   84      0.00116252       0.0831014        0.170902
    0   85        0.143844        0.168407       -0.128409
    0   86        0.067975       -0.150545        0.105065
    0   87       0.0472069      0.00891717      -0.0774226
    0   88      -0.0333162       0.0569997       0.0696228
    0   89       0.0300062        0.141021       -0.235729
    0   90      -0.0301054      -0.0980152       0.0570585
    0   91       -0.114434       0.0446813      -0.0536054
    0   92      -0.0692978      -0.0894262       -0.193646
    0   93        0.052113         0.02146      -0.0576567
    0   94       -0.174973       -0.124565       0.0204961
    0   95      0.00365386       -0.147396       -0.246792
    0   96      -0.0614993       -0.122672       0.0193234
    0   97       0.0812941      -0.0258379      -0.0099772
    0   98        0.130337        0.062314      -0.0118318
    0   99      -0.0147911        0.175494       -0.117566
    0  100       0.0472265      -0.0226862       -0.133127
    0  101      -0.0518251     -0.00408462       -0.207083
    0  102       0.0759872      0.00912001        0.193865
    0  103      -0.0579794        0.103125        0.212208
    0  104         0.06362       -0.268793        0.181602
    0  105       0.0911562      -0.0906512      -0.0349608
    0  106      -0.0167889       0.0657099       0.0279387
    0  107        0.114331       0.0213291        0.145722
    0  108        0.235945        0.144933        0.121086
    0  109        0.036876        0.062834       -0.025192
    0  110        0.118428       0.0228698       0.0847894
    0  111       0.0197019         0.14095       0.0209902
    0  112        0.155274      0.00754595       0.0541848
    0  113       -0.138531      -0.0914677       -0.021865
    0  114       0.0279326       0.0108672       0.0290518
    0  115       0.0416158       -0.101407       0.0179216
    0  116       -0.085666       0.0804603       0.0111794
    0  117        0.017082       -0.185895       0.0916883
    0  118      -0.0730877       0.0443492       -0.019924
    0  119       0.0181479      -0.0365881       0.0729358
    0  120       0.0365451      -0.0474592       0.0318688
    0  121       0.0801564      0.00638632       0.0747532
    0  122       -0.128757       -0.182397        0.111892
    0  123        0.158518        0.119326       -0.151889
    0  124      -0.0709657       0.0940358      -0.0601624
    0  125       0.0859759       0.0469947      -0.0234164
    0  126      -0.0896334        0.136337       -0.022086
    0  127        -0.21353       -0.125539         0.14297
    1    0      -0.0583625      -0.0184313       -0.198093
    1    1       -0.167259      0.00931315         0.02366
    1    2        0.232512       -0.290443      -0.0478446
    1    3      -0.0284301       -0.173352      -0.0523818
    1    4      -0.0441697       -0.187824       0.0961946
    1    5       0.0490546     -0.00428928       -0.249697
    1    6       -0.174876      -0.0948248      -0.0503366
    1    7      -0.0960048       0.0368859        0.134243
    1    8      -0.0401826      -0.0353762      0.00603431
    1    9       0.0806136       -0.228039     -0.00675193
    1   10       -0.157422      -0.0502218     -0.00584376
    1   11      -0.0646721       0.0844385       0.0176797
    1   12     -0.00505771       0.0130231      -0.0941751
    1   13       -0.110549       -0.239696       -0.158658
    1   14      -0.0019614        0.107826      0.00563953
    1   15       -0.158815        0.185248        0.127275
    1   16       -0.261058       0.0196176       -0.209827
    1   17        0.222514       0.0797353        -0.14318
    1   18      -0.0815389       -0.042716      -0.0487712
    1   19      -0.0115927        0.181398       -0.235454
    1   20       -0.101691        0.403218       -0.120199
    1   21      -0.0272568        0.189001       0.0393852
    1   22      -0.0971916       -0.102883      -0.0236335
    1   23       0.0405385       -0.239179       -0.202147
    1   24        0.118624       0.0785906       -0.077563
    1   25      -0.0157187       0.0130651        0.123968
    1   26       0.0947975        0.185072       0.0169002
    1   27      -0.0367858       -0.104214       -0.116228
    1   28       -0.100686       0.0946423      -0.0461182
    1   29       0.0519383       -0.243702       0.0705569
    1   30       -0.218594       -0.199317       -0.118511
    1   31       0.0446616      -0.0428299       -0.112614
    1   32      -0.0752773       0.0924655        0.189361
    1   33        0.153392       0.0263539      -0.0215489
    1   34      -0.0242789      -0.0291289       -0.223963
    1   35       0.0923136      -0.0750888      -0.0254994
    1   36       -0.041015      0.00688207       -0.138122
    1   37       0.0783857       0.0454403        0.104922
    1   38       0.0133591       0.0380463        0.127362
    1   39      -0.0399958     -0.00667662       0.0635326
    1   40        -0.21426        -0.19077       0.0206759
    1   41       0.0587543       -0.173187      -0.0431319
    1   42      -0.0181237        0.163945        0.348018
    1   43       -0.291162        0.106336      -0.0289307
    1   44       0.0782598       0.0498954       0.0497107
    1   45       -0.186862       -0.204038       0.0702885
    1   46       -0.132819      -0.0541969       -0.150972
    1   47       -0.155856        0.152477       -0.155186
    1   48       0.0185105       0.0518003        -0.12499
    1   49      0.00858456      -0.0265567      -0.0945692
    1   50       -0.187467       0.0801674       0.0732556
    1   51       -0.146055        0.126437      -0.0800487
    1   52         0.14026       0.0589147      -0.0234736
    1   53       0.0678228       0.0438238       0.0508806
    1   54       0.0976939      -0.0198262       -0.123186
    1   55       0.0865811      -0.0174746       -0.192968
    1   56        0.102314       0.0999056      -0.0570816
    1   57       0.0800916       -0.150165       0.0785579
    1   58      -0.0337185      -0.0374542     -0.00846898
    1   59      -0.0139116        0.143742      -0.0396927
    1   60      -0.0326442      -0.0298244       0.0243163
    1   61       -0.210517       0.0413086     0.000489481
    1   62       0.0194977      -0.0664336      -0.0444089
    1   63       0.0393257       -0.104354        0.141721
    1   64      0.00647181       -0.145901      -0.0397207
    1   65      -0.0297532       -0.123769      -0.0605197
    1   66     -0.00851285      -0.0150438        0.202087
    1   67      -0.0186435       -0.337355       -0.133217
    1   68       0.0968687       0.0591878        0.172113
    1   69       0.0643952       -0.117483       0.0390027
    1   70       -0.070286         0.21595       -0.204966
    1   71      -0.0377461      -0.0355916       -0.201762
    1   72        0.147127        0.153097      -0.0682759
    1   73        0.178375       -0.138385      -0.0549973
    1   74       -0.152636        0.196685      -0.0258548
    1   75      -0.0314442      -0.0741125      -0.0921029
    1   76       -0.100307       -0.227654        0.146873
    1   77        0.020859       -0.119132      -0.0794995
    1   78       -0.203774       -0.239864       0.0431597
    1   79      -0.0544771        0.152817      -0.0216773
    1   80      -0.0919226       -0.112838      -0.0603101
    1   81       -0.136532      0.00798562       0.0738713
    1   82       -0.243045      -0.0788905      -0.0154082
    1   83      -0.0476561        0.110198       -0.142169
    1   84        0.015965       0.0643148        0.137076
    1   85        0.194724        0.205065       -0.127974
    1   86       0.0953664       -0.137474        0.136262
    1   87       0.0743666      -0.0106168      -0.0666417
    1   88      -0.0361535         0.02542        0.059968
    1   89        0.033518        0.132211       -0.189092
    1   90      -0.0368775      -0.0161506     -0.00934263
    1   91      -0.0354482       0.0480693      -0.0137159
    1   92      -0.0668332        -0.15568       -0.164134
    1   93       0.0457271       0.0100414      -0.0925438
    1   94        -0.11845      -0.0316168       0.0362826
    1   95      -0.0122066       -0.142538       -0.206948
    1   96       -0.105752       -0.143272       0.0136499
    1   97        0.096972      -0.0500201      -0.0327499
    1   98       0.0953033      0.00269449      0.00926535
    1   99      -0.0229665        0.253406      -0.0875143
    1  100      -0.0399958       0.0276744      -0.0588149
    1  101      -0.0294538      -0.0369026       -0.200267
    1  102       0.0743682     -0.00107208        0.241187
    1  103      -0.0658686       0.0866095        0.159094
    1  104        0.100429       -0.281095        0.185833
    1  105        0.192322       -0.071827      -0.0683434
    1  106      -0.0204377       0.0332463        0.038445
    1  107       0.0821235      -0.0503068        0.132012
    1  108        0.291714        0.145831        0.110139
    1  109       0.0535915       0.0414355      -0.0455109
    1  110       0.0855834      -0.0185003        0.106822
    1  111     -0.00895204     -0.00389499       0.0511276
    1  112       0.0729271      -0.0520547       0.0598358
    1  113       -0.117311        -0.19291      -0.0656502
    1  114       0.0429539       0.0749237      -0.0356815
    1  115       0.0373721      -0.0775072       -0.037182
    1  116       -0.121004        0.090176       0.0467931
    1  117       0.0408859       -0.111902       0.0541097
    1  118       -0.110329        0.018785      -0.0322552
    1  119        0.029573      -0.0326613       0.0593667
    1  120       0.0271607      -0.0716482       0.0174925
    1  121       0.0204033       0.0262299        0.119834
    1  122       -0.134186       -0.104589        0.140573
    1  123       0.0474991       0.0996268      -0.0663705
    1  124         -0.1126         0.10891      -0.0239142
    1  125     -0.00603758      0.00404264       0.0177668
    1  126      -0.0459201        0.145845       0.0276994
    1  127        -0.14345       -0.152368       0.0987739
    2    0      -0.0501243      -0.0630637       -0.146277
    2    1       -0.136045       0.0341416       0.0769367
    2    2        0.270518       -0.299925       0.0132739
    2    3      -0.0391325       -0.107977      -0.0376776
    2    4      -0.0373916       -0.180502       0.0577749
    2    5       0.0763965       0.0309455       -0.196041
    2    6       -0.148155      -0.0367299      -0.0253573
    2    7      -0.0205911      -0.0109553        0.121581
    2    8      -0.0135701       -0.120659      -0.0136792
    2    9       0.0639959       -0.257279       0.0269283
    2   10       -0.152742       0.0474149      -0.0667652
    2   11      -0.0885064       0.0499581       0.0112336
    2   12      -0.0538472       0.0600974      -0.0390398
    2   13       -0.136731       -0.191092       -0.202109
    2   14        0.013405        0.185085     -0.00176486
    2   15       -0.123396        0.175628       0.0935103
    2   16       -0.256692       0.0949641       -0.193313
    2   17         0.22286        0.175218       -0.145386
    2   18       -0.101404       -0.104615     -0.00297532
    2   19     -0.00246608        0.262565       -0.298096
    2   20       -0.100105        0.415071       -0.096777
    2   21      -0.0116563        0.145214      -0.0058567
    2   22      -0.0551129      -0.0230104      -0.0602784
    2   23       0.0390992       -0.199931       -0.173531
    2   24       0.0487905        0.101289      -0.0513845
    2   25       0.0219958      -0.0533328        0.167323
    2   26       0.0637472        0.177095      -0.0245474
    2   27      0.00487952      -0.0838858      -0.0917092
    2   28      -0.0690324       0.0589837      -0.0573012
    2   29        0.048015       -0.211193       0.0689199
    2   30       -0.175779       -0.202988      -0.0926107
    2   31        0.081398      -0.0610749      -0.0372327
    2   32      -0.0426612       0.0851147        0.176644
    2   33        0.248154      0.00194775      -0.0630447
    2   34       0.0146532      -0.0435763       -0.331027
    2   35      -0.0365219      -0.0131502      0.00850189
    2   36      -0.0572537       0.0304237       -0.134593
    2   37       0.0888022      -0.0483118       0.0556301
    2   38       0.0140643       0.0401763       0.0971298
    2   39      -0.0158464       0.0180071          0.1086
    2   40       -0.166786         -0.1319       0.0911681
    2   41       0.0553024      -0.0585627      -0.0225119
    2   42      -0.0307036        0.176521        0.309928
    2   43       -0.329366       0.0552629       -0.042043
    2   44        0.126194       0.0515249       0.0406631
    2   45        -0.19933       -0.233666       0.0657537
    2   46       -0.115925      -0.0253554       -0.108265
    2   47       -0.181958        0.117237       -0.166152
    2   48       0.0625789      -0.0109065      -0.0943139
    2   49      -0.0111355      -0.0339293       -0.100725
    2   50       -0.193259       0.0650388       0.0710836
    2   51      -0.0890303         0.15098      -0.0707588
    2   52       0.0911639       0.0365073       0.0477188
    2   53      -0.0248538      0.00611486       0.0245966
    2   54       0.0747492      -0.0150669       -0.133054
    2   55        0.170894      -0.0131587       -0.254821
    2   56       0.0820288        0.150129       0.0326123
    2   57        0.168092       -0.213174       0.0719744
    2   58      -0.0171591       0.0260803       0.0277023
    2   59      -0.0309964        0.122658       0.0640728
    2   60      0.00244822      -0.0520512       0.0160449
    2   61       -0.279452       0.0141789        0.031773
    2   62       0.0401698      -0.0440555      -0.0486503
    2   63       0.0499845      -0.0135925       0.0940133
    2   64      0.00104286       -0.169882      -0.0434413
    2   65      -0.0243943       -0.137729       -0.103753
    2   66      -0.0529303     0.000636778        0.199776
    2   67     -0.00395271       -0.296097       -0.103681
    2   68        0.111758        0.150371        0.205582
    2   69       0.0662555      -0.0846436       0.0427585
    2   70      -0.0624797        0.209807        -0.17092
    2   71      -0.0362194       -0.117946       -0.276835
    2   72        0.113185        0.149125      -0.0304886
    2   73        0.216765       -0.157475      -0.0176513
    2   74       -0.148766        0.201157      -0.0569053
    2   75       0.0123563      -0.0620885      -0.0682054
    2   76      -0.0892966       -0.274232        0.122364
    2   77       0.0306467       -0.135916       -0.104083
    2   78       -0.177363        -0.30523       0.0982214
    2   79      -0.0857936        0.137241       -0.062257
    2   80       -0.136903      -0.0241108      -0.0457517
    2   81       -0.153545       0.0186865        0.069967
    2   82       -0.266468      -0.0832825        0.008303
    2   83       0.0554668      0.00706201       -0.160486
    2   84       0.0288092       0.0598832         0.10463
    2   85        0.183152        0.216258      -0.0702464
    2   86        0.126132       -0.114428        0.187482
    2   87       0.0736428      0.00452066       0.0983592
    2   88      -0.0172977        0.057149       0.0110447
    2   89       0.0162415       0.0876432       -0.119103
    2   90      -0.0604245       0.0783687       -0.042686
    2   91       0.0357707       0.0930166       0.0721864
    2   92      -0.0850518       -0.201682       -0.134095
    2   93        0.123718      -0.0362123       -0.188542
    2   94      -0.0904297      -0.0298833       0.0212979
    2   95      -0.0380391       -0.172927       -0.232107
    2   96       -0.105968      -0.0473071      0.00643396
    2   97        0.103863      -0.0166924     -0.00637071
    2   98        0.118413       0.0616227       -0.029958
    2   99      -0.0219024        0.246754      -0.0822187
    2  100      -0.0649211       0.0539553      -0.0473913
    2  101      -0.0296958      -0.0166081       -0.184744
    2  102       0.0146705        0.062735        0.246104
    2  103      -0.0702712       0.0461642        0.122325
    2  104       0.0629104       -0.315215        0.235874
    2  105         0.25039       -0.056004         -0.0895
    2  106       0.0178528      -0.0411262       0.0336857
    2  107       0.0832139      -0.0537696        0.101043
    2  108        0.252718        0.177845       0.0898643
    2  109       0.0153098        0.065859     -0.00282227
    2  110       0.0520892       -0.100759        0.137083
    2  111      -0.0730545      -0.0874064       0.0515824
    2  112       0.0374725      -0.0649696       0.0876243
    2  113      -0.0804683       -0.216607      -0.0738377
    2  114       0.0349024       0.0709198      -0.0734926
    2  115       0.0598365      -0.0811936     9.28202e-05
    2  116       -0.200106     -0.00149834       0.0702166
    2  117       0.0558641      -0.0358527       0.0483077
    2  118       -0.161793     -0.00343212       -0.041472
    2  119      -0.0160105       -0.112828       0.0565865
    2  120       0.0120696       -0.078195       -0.014696
    2  121     0.000810146        0.102621       0.0344912
    2  122       -0.144196       -0.139015        0.111732
    2  123      -0.0618562      -0.0135343      -0.0384889
    2  124        -0.10237         0.10632      -0.0223011
    2  125      -0.0864182      -0.0821326     -0.00947329
    2  126      -0.0300305        0.104668       0.0343988
    2  127      -0.0990435       -0.164325         0.06826
    3    0      -0.0331994       -0.101191      -0.0704767
    3    1        -0.13519      -0.0331476        0.104309
    3    2        0.238187       -0.300229      0.00988443
    3    3       0.0150816       0.0132475     -0.00315955
    3    4      -0.0215602        -0.15942       0.0303734
    3    5        0.102112       0.0888585       -0.115101
    3    6      -0.0793763       0.0183029     -0.00588699
    3    7     -0.00540023       0.0170442       0.0360539
    3    8      -0.0281697       -0.134504       -0.071084
    3    9        0.087202       -0.240704      -0.0253348
    3   10       -0.161911       0.0694524      -0.0773036
    3   11      -0.0574888       0.0191908       0.0487977
    3   12      -0.0985377        0.095902      -0.0481167
    3   13       -0.124096       -0.199902       -0.210881
    3   14       0.0202624        0.205233        0.029869
    3   15       -0.159562       0.0916418        0.113995
    3   16       -0.183521        0.076502        -0.16151
    3   17        0.129494        0.249907      -0.0646159
    3   18       -0.122193      -0.0458874      -0.0734219
    3   19        0.033812        0.201901       -0.367498
    3   20      -0.0586686        0.391296      -0.0765571
    3   21      -0.0205389        0.189771      -0.0375779
    3   22      -0.0348442        0.114062       -0.100005
    3   23       0.0734472      -0.0333629      -0.0582247
    3   24       0.0669392       0.0744258     -0.00449116
    3   25     0.000606878      -0.0234262        0.160779
    3   26       0.0618909        0.138647      -0.0449683
    3   27       0.0203565      0.00529499      -0.0711122
    3   28      -0.0529222       0.0118006       -0.025176
    3   29       0.0536446        -0.15841      -0.0132746
    3   30       -0.133894       -0.125994       -0.130512
    3   31       0.0861037      -0.0349675      -0.0186015
    3   32      -0.0128066       0.0816012        0.142572
    3   33          0.2708        0.104745      -0.0876823
    3   34       0.0646352     -0.00537185       -0.445247
    3   35      -0.0969604      -0.0306579      -0.0663006
    3   36       -0.104419       0.0283095      -0.0607479
    3   37        0.103387       -0.131132       0.0132759
    3   38       0.0529344       0.0346325       0.0636678
    3   39      -0.0181004        0.168216        0.100658
    3   40       -0.119185       -0.116345       0.0669891
    3   41      -0.0133946      -0.0224863       0.0135964
    3   42      -0.0304925        0.181826        0.276677
    3   43       -0.267845        0.056184      -0.0499046
    3   44        0.135433       0.0641873       0.0372133
    3   45       -0.212916       -0.230292       0.0320193
    3   46      -0.0354657       0.0215507      -0.0827699
    3   47       -0.179141        0.101638       -0.112318
    3   48       0.0665352      -0.0564485      -0.0450367
    3   49       -0.109921      -0.0152773      -0.0784882
    3   50       -0.188991       0.0103171       0.0787101
    3   51      -0.0560729        0.139396      -0.0959244
    3   52        0.140651       0.0835199       0.0792085
    3   53      -0.0981478       -0.108497        0.029648
    3   54       0.0642511       -0.012239       -0.229955
    3   55        0.145145      -0.0234873       -0.286126
    3   56       0.0612076        0.108415       0.0411076
    3   57        0.215808       -0.322336       0.0990457
    3   58       0.0262959       0.0496043      -0.0161327
    3   59      0.00569564        0.108511       0.0436118
    3   60       0.0181122      -0.0386496      -0.0192882
    3   61       -0.340337      -0.0283266        0.100653
    3   62       0.0841098       0.0424235      -0.0151732
    3   63       0.0554488     -0.00925678        0.131064
    3   64     0.000482465       -0.213814       -0.042375
    3   65      -0.0121669       -0.120991       -0.185422
    3   66      -0.0676604        0.011276         0.21018
    3   67     -0.00130008       -0.272632       -0.107763
    3   68       0.0954331        0.151243        0.191133
    3   69        0.130127      -0.0863919       0.0501956
    3   70      -0.0902876        0.234878       -0.137741
    3   71      -0.0725309       -0.138516       -0.181608
    3   72        0.135563        0.152884        0.041592
    3   73        0.214636       -0.113997      0.00392976
    3   74       -0.128896        0.185137      -0.0574592
    3   75       0.0223578      -0.0839321      -0.0911006
    3   76      -0.0935746       -0.260522        0.113629
    3   77       0.0399791       -0.169492       -0.154098
    3   78       -0.159476       -0.331308        0.069816
    3   79      -0.0557068       0.0946712      -0.0864026
    3   80       -0.135191       0.0439066      -0.0356908
    3   81      -0.0722062      -0.0226849       0.0869002
    3   82       -0.281887      -0.0815115       0.0986868
    3   83        0.139853      -0.0474791       -0.138939
    3   84       0.0160193       0.0594352      0.00911115
    3   85         0.13558        0.139489      -0.0379409
    3   86        0.143208      -0.0608845        0.221714
    3   87        0.144021       -0.023005        0.105248
    3   88       0.0572139         0.11419      -0.0642973
    3   89        0.045084       0.0628671       -0.105158
    3   90      -0.0326057       0.0629638       -0.104315
    3   91       0.0298949        0.160006       0.0616772
    3   92      -0.0768727       -0.200362      -0.0596333
    3   93        0.184754      -0.0662423       -0.168368
    3   94      -0.0674954       0.0322831       0.0202571
    3   95       0.0079216       -0.095592       -0.213141
    3   96       -0.102308      -0.0141737     -0.00412301
    3   97        0.095936      0.00921619       0.0768835
    3   98        0.102112       0.0918693      -0.0695517
    3   99     -0.00966612        0.200597      -0.0713257
    3  100      -0.0667409       0.0251613      -0.0798452
    3  101      -0.0692806       0.0272693       -0.211911
    3  102      -0.0116053       0.0768478        0.226015
    3  103      -0.0546341      0.00847157       0.0288889
    3  104       0.0672226       -0.345502        0.267536
    3  105        0.239395      -0.0559431      -0.0769304
    3  106       0.0300586      -0.0426962       0.0477372
    3  107       0.0525971      -0.0943549       0.0409814
    3  108        0.183005        0.200673       0.0742028
    3  109      -0.0195413       0.0533358       0.0133061
    3  110      -0.0170642       -0.169936        0.158755
    3  111      -0.0691266       -0.142327       0.0482582
    3  112     -0.00245603      -0.0783302         0.12449
    3  113       0.0286074       -0.238321      -0.0950568
    3  114       0.0603693       0.0498632       -0.112847
    3  115       0.0553319      -0.0593695        0.010324
    3  116       -0.250874       0.0257353        0.102163
    3  117       0.0555932        0.125205       0.0749344
    3  118       -0.115692      -0.0333049      -0.0642061
    3  119      -0.0326204       -0.141058       0.0321121
    3  120      0.00245332      -0.0390809      -0.0258663
    3  121       -0.010859        0.180019      -0.0432546
    3  122       -0.140069        -0.12415        0.115567
    3  123        -0.11891      -0.0720379       0.0183645
    3  124       -0.102159        0.120208     -0.00582258
    3  125      -0.0801941       -0.165502      -0.0886575
    3  126     -0.00513425        0.111079       0.0883405
    3  127       -0.105021       -0.105622       0.0706749
    4    0      -0.0521328       -0.110074      -0.0296402
    4    1      -0.0939497      -0.0422118       0.0758969
    4    2        0.154362       -0.285133      -0.0502187
    4    3       0.0110327        0.057046      -0.0239268
    4    4      -0.0330881       -0.118337      -0.0205393
    4    5        0.128908         0.10824        0.014135
    4    6       0.0486587       0.0737852        0.010504
    4    7        0.055693       0.0350656     -0.00363311
    4    8      -0.0525226       -0.132295       -0.131543
    4    9       0.0633663       -0.161478       0.0394233
    4   10       -0.183126       0.0174745      -0.0520716
    4   11      -0.0154652       0.0188827      0.00464126
    4   12      -0.0991269        0.107311       -0.112778
    4   13      -0.0326651       -0.230018        -0.15182
    4   14       0.0115256         0.20903       0.0101203
    4   15       -0.136382       0.0976808        0.124638
    4   16        -0.21184       0.0671454       -0.150263
    4   17      0.00211173        0.234436      -0.0181098
    4   18       -0.135055      -0.0159842      -0.0690697
    4   19       0.0502594        0.173745       -0.372719
    4   20      -0.0810664         0.36139      -0.0520792
    4   21      -0.0466119        0.231327      -0.0510702
    4   22      -0.0436357        0.145142      -0.0546863
    4   23       0.0653395       0.0767949     -0.00301478
    4   24        0.162947      -0.0221201       0.0347076
    4   25      -0.0617519      -0.0770159       0.0848018
    4   26       0.0294576       0.0981427      -0.0730488
    4   27       0.0442043        0.116894       -0.040568
    4   28      -0.0382275      -0.0250077     -0.00527528
    4   29       0.0533936      -0.0997777      -0.0678016
    4   30       -0.104441       -0.114556       -0.183229
    4   31      0.00855174      -0.0668526      -0.0877744
    4   32       0.0535371       0.0350462       0.0463566
    4   33         0.22622       0.0966297      -0.0962148
    4   34        0.131989       0.0426746       -0.512582
    4   35       -0.123773      -0.0124027      -0.0684532
    4   36      -0.0629924       0.0554897       0.0495023
    4   37        0.129289       -0.241383       0.0244791
    4   38        0.108686      -0.0125416       0.0373377
    4   39      -0.0603343        0.234578        0.102275
    4   40       -0.197107       -0.176283       0.0361276
    4   41       -0.135505       -0.100082      0.00816969
    4   42      -0.0677367        0.191964         0.21812
    4   43        -0.28401       0.0605168      -0.0285146
    4   44        0.115213       0.0470839       0.0438797
    4   45       -0.188122       -0.224416       0.0386368
    4   46      -0.0259481       0.0306359       -0.136144
    4   47       -0.103822      0.00313564      -0.0718245
    4   48      -0.0187582      -0.0772641       0.0558606
    4   49       -0.159642       0.0497401       0.0141401
    4   50       -0.238031       0.0799209       0.0815173
    4   51      -0.0936041        0.135512       -0.116872
    4   52        0.122956        0.108824        0.134444
    4   53      -0.0797262        -0.13494          0.0502
    4   54       0.0368265       0.0169243       -0.276313
    4   55        0.193252       0.0110836       -0.265689
    4   56       0.0449045        0.146832        0.120538
    4   57        0.239328       -0.345417         0.12447
    4   58       0.0488744      -0.0398704      -0.0995313
    4   59      -0.0187439       0.0382728       0.0747385
    4   60       0.0700097      -0.0514208      -0.0289817
    4   61       -0.257517      -0.0613396            0.16
    4   62       0.0296377       0.0196281       0.0688034
    4   63       0.0898167      -0.0546572        0.127567
    4   64      -0.0115283       -0.247316      -0.0199035
    4   65       -0.012576       -0.127147        -0.16566
    4   66       -0.115211       0.0336125        0.173692
    4   67       0.0540104        -0.28927       -0.108185
    4   68        0.127729       0.0311714        0.176454
    4   69        0.115877       -0.108763       0.0689167
    4   70        -0.16397         0.28422        -0.12316
    4   71      -0.0345762       -0.222478       -0.198629
    4   72        0.117043        0.116308       0.0346653
    4   73        0.209677      -0.0486128     -0.00985509
    4   74        -0.10811        0.174741       -0.048851
    4   75      -0.0150543      -0.0253741      -0.0429402
    4   76       -0.110642       -0.187757        0.178572
    4   77       0.0276995       -0.168954       -0.176332
    4   78      -0.0948604       -0.302801        0.189369
    4   79       0.0106045       0.0689279      -0.0516131
    4   80       -0.113657       0.0853336     -0.00944584
    4   81      -0.0693605      -0.0660077        0.123081
    4   82       -0.273295      -0.0626841        0.104433
    4   83        0.164455      -0.0730195       -0.140746
    4   84      -0.0168624      -0.0282437     -0.00590125
    4   85         0.10315       0.0890989      0.00234092
    4   86        0.194151    -0.000226797        0.263739
    4   87        0.162991      -0.0892357       0.0825144
    4   88       0.0618018        0.145301      -0.0859873
    4   89        0.127014       0.0243067      -0.0669642
    4   90      -0.0426643       0.0284528      -0.0763601
    4   91       0.0780323        0.196277        0.130588
    4   92      -0.0648542       -0.171546      -0.0511584
    4   93        0.196607      -0.0291722       -0.119589
    4   94       -0.029666       0.0682302       0.0395358
    4   95       0.0161423      -0.0884712       -0.187532
    4   96       -0.125488      -0.0471949      -0.0485804
    4   97        0.118557      -0.0110601       0.0723838
    4   98       0.0912616       0.0567123      -0.0383758
    4   99       0.0305011       0.0851908      -0.0378891
    4  100      -0.0939224       0.0639748      -0.0957084
    4  101      -0.0487559      0.00789759       -0.183802
    4  102       -0.023013       0.0576497        0.165059
    4  103      -0.0130384      -0.0204218     -0.00825496
    4  104         0.09818        -0.30691        0.253834
    4  105        0.210416      -0.0593593      -0.0447952
    4  106        0.013664      -0.0357973       0.0534788
    4  107       0.0619977       -0.127731       0.0435924
    4  108       0.0435677        0.257412      0.00735734
    4  109       0.0159133       0.0349772       0.0109014
    4  110      -0.0404093       -0.179821        0.120935
    4  111      -0.0764637      -0.0839826         0.11596
    4  112       0.0284608      -0.0621011        0.194616
    4  113       0.0913363       -0.220943      -0.0929883
    4  114      -0.0227656       0.0367798      -0.0733033
    4  115       0.0459367      -0.0214009      -0.0519001
    4  116       -0.243809       0.0795104        0.144532
    4  117       0.0962693        0.268666       0.0644543
    4  118      -0.0703323       0.0356318      -0.0316516
    4  119       -0.057003      -0.0916747       0.0843943
    4  120       0.0232687       0.0140706      -0.0307235
    4  121       0.0148378        0.183531      -0.0852446
    4  122       -0.121442      -0.0935696        0.103011
    4  123       -0.184835        -0.14809       0.0667542
    4  124      -0.0896782        0.155134      -0.0314337
    4  125      -0.0652838       -0.156443       -0.138772
    4  126       -0.034946       0.0953854       0.0946165
    4  127      -0.0622547      -0.0246621       0.0443782
