# molecular dipole 
# frame_index bond_index dipole_x dipole_y dipole_z 
#UNITCELL[Ang] 19.4788 0 0 0 19.4788 0 0 0 19.4788
#TEMPERATURE[K] 298
#TIMESTEP[fs] 2.5
    0    0        0.301602         -1.3311       -0.845604
    0    1         -2.2036        -4.06863         2.60482
    0    2         2.18812        -2.04069         -1.5744
    0    3        -1.55672        0.615284        -2.48696
    0    4        -2.71981        0.597891         0.49652
    0    5         1.43865       -0.210161      -0.0134636
    0    6         1.52722       0.0492065        -0.56702
    0    7          -1.115        -2.96494        0.184504
    0    8        0.943266       -0.172439        -1.64271
    0    9         2.69462         3.12244       0.0244041
    0   10        -2.85581       -0.503845        -1.69658
    0   11        0.399568        -1.17402       -0.292798
    0   12         2.89963         2.57846        0.411862
    0   13         3.01849        -3.04871         1.60027
    0   14        -3.34632       -0.595855        -2.49408
    0   15         2.84986       -0.612223        -2.17198
    0   16       -0.675473         -1.6663        -2.32589
    0   17         1.75382        -1.48428       -0.491218
    0   18       -0.145851       -0.619243        -1.18004
    0   19        0.083769        -2.52106       0.0437281
    0   20        -1.76229         1.29669        -2.06547
    0   21        -2.43646       -0.635643         1.65146
    0   22        0.732345         1.79095         2.57871
    0   23         2.42309       -0.437096        -3.59826
    0   24        -1.61568        -3.33637        -1.15225
    0   25        -2.94394        -2.33162         1.19021
    0   26         1.32011        -1.13772        0.696796
    0   27        -3.65073         1.69932        -0.29534
    0   28        -1.73805         2.36936        0.673989
    0   29         2.52474        -3.35499        -1.23879
    0   30       -0.080134        -2.21383        -2.32646
    0   31        -2.50024        -1.60096         2.25023
    0   32         2.54724       -0.601977        0.759329
    0   33        -2.52941         2.18069       -0.841581
    0   34        0.335287        0.325126        -1.87479
    0   35        0.195104        0.219123         3.22248
    0   36        0.917369        0.471676        0.893693
    0   37        0.430198         1.44943         3.08767
    0   38         1.62897        0.888197         3.82552
    0   39        -1.54814        0.171662        -1.98716
    0   40        -3.45489         2.26864    -3.22601e-05
    0   41         1.04544        -1.52314        0.175833
    0   42         2.62154         1.88614        -2.61399
    0   43         1.51546        -3.55809         2.19711
    0   44       0.0425954       -0.229067        -3.30408
    0   45        0.019403         1.92609         1.87688
    0   46       -0.114978        -1.52923         2.13232
    0   47        0.124633         3.08075        0.787421
    0   48        -1.53375        -2.70371        -1.96146
    0   49        -1.19338       -0.516694         3.30196
    0   50         4.28012       -0.924027       -0.619906
    0   51         3.29702         1.04111        0.570618
    0   52       -0.491198        -3.41668         1.92562
    0   53        0.636045        -2.79178         1.09188
    0   54       -0.844777        -3.17948       -0.328448
    0   55        -3.07174       -0.723213        -1.50351
    0   56         1.68336         -2.9694         2.13389
    0   57       -0.107643        -3.59512        -1.81419
    0   58        -3.00844         1.76737        -1.27815
    0   59         2.05402         1.85016         3.12512
    0   60        -2.41638        -0.37288        -2.05184
    0   61           2.332         3.86224          0.2155
    0   62        -0.47655       -0.500726        -2.78158
    0   63          1.9658        -1.22406         3.28882
    1    0        0.246424        -1.41174        -1.02362
    1    1        -2.23812        -4.25787         2.44882
    1    2         2.21522        -2.18379        -1.64788
    1    3        -1.23821        0.542609        -2.61255
    1    4        -2.62989        0.472375        0.505226
    1    5         1.48742       -0.492253      -0.0343409
    1    6          1.4619        0.201101       -0.516816
    1    7       -0.957756        -2.83549        0.394979
    1    8           1.117        0.148614        -1.87293
    1    9         2.79894         2.80198        0.168555
    1   10        -2.86437       -0.697166         -1.5298
    1   11        0.358676        -1.18095       -0.546605
    1   12         3.10228         2.74737        0.332195
    1   13         2.83021        -3.15549         1.46486
    1   14        -3.21021       -0.593475        -2.47388
    1   15         3.24104       -0.611524        -2.23628
    1   16        -1.00988        -1.68677        -2.14477
    1   17          1.3819        -1.72113       -0.606257
    1   18       0.0440827       -0.827386         -1.3107
    1   19        0.069882        -2.54968      -0.0294973
    1   20        -1.55376         1.44568        -2.18142
    1   21        -2.27189       -0.939732         1.46232
    1   22        0.738388         1.76651         2.50661
    1   23         2.06104       -0.450406        -3.82153
    1   24        -1.49472        -3.35502        -0.94246
    1   25        -2.99632        -2.53292         1.49346
    1   26         1.18091       -0.846235        0.893003
    1   27        -3.67365         1.73538       -0.454958
    1   28        -1.62242         2.32091        0.851463
    1   29         2.59853        -3.03619        -1.34557
    1   30      -0.0215174         -2.2056        -2.48644
    1   31        -2.55211        -1.55287         2.36912
    1   32         2.45425       -0.505039         0.78055
    1   33        -2.11885         2.17846       -0.844902
    1   34         0.42527       0.0817074        -1.66662
    1   35        0.283186        0.409774         3.00289
    1   36        0.805729        0.421538        0.963283
    1   37        0.550844         1.38004         3.26826
    1   38         1.67783         1.20246         3.87911
    1   39        -1.74347        0.242336        -2.21472
    1   40        -3.75956         2.47187       0.0211002
    1   41        0.877423        -1.55474        0.169605
    1   42         2.57943         1.97877         -2.6194
    1   43         1.41928        -3.22771         2.37392
    1   44       0.0539745       -0.358335        -3.60497
    1   45       0.0758968         1.99046         1.79664
    1   46       -0.159585        -1.69255         2.06665
    1   47       0.0478369         3.15424         1.07143
    1   48        -1.53918        -2.64927        -2.20777
    1   49        -1.02303        -0.45976          3.3549
    1   50         4.43082       -0.985616       -0.529163
    1   51         3.30108        0.890751        0.583575
    1   52       -0.475752        -3.27673         1.97635
    1   53        0.558929        -2.96446         1.09396
    1   54       -0.384659         -3.3889       -0.264975
    1   55        -3.15974       -0.624392         -1.3116
    1   56         1.60256        -3.19458         2.20696
    1   57      -0.0707811        -3.63607        -1.76149
    1   58        -3.02269         1.71174        -1.25125
    1   59         1.91555         1.70285         3.22312
    1   60        -2.59803       -0.562311        -1.93194
    1   61         2.34444         3.81919         0.38816
    1   62       -0.772431       -0.759459        -2.67918
    1   63         1.85184        -1.37777         3.27204
    2    0        0.230208         -1.3416       -0.893559
    2    1        -2.46346        -4.19731         2.39822
    2    2         2.17317         -2.2984        -1.64867
    2    3        -1.06487        0.620438        -2.63092
    2    4        -2.74099      -0.0929804        0.690407
    2    5         1.41638       -0.332192       -0.120351
    2    6         1.27876        0.478617       -0.591299
    2    7       -0.778952        -2.93092        0.540306
    2    8         1.08583        0.266167        -1.93116
    2    9         2.92971          2.7142        0.549115
    2   10        -2.62327       -0.930893        -1.51605
    2   11        0.191796       -0.972878       -0.725449
    2   12         2.77689         2.78043         0.42408
    2   13         2.81815        -3.05921         1.12034
    2   14        -3.13887       -0.542884        -2.61992
    2   15         3.31471       -0.483384        -2.23427
    2   16        -1.19248        -1.60612        -1.82209
    2   17         1.25774        -1.67379       -0.324234
    2   18        0.120876       -0.892837        -1.41868
    2   19        0.155259        -2.42882      -0.0794274
    2   20        -1.49953         2.00146        -2.17005
    2   21        -2.06214        -1.17039         1.31484
    2   22        0.954825          1.7206         2.40051
    2   23         1.73623       -0.641187        -3.82441
    2   24        -1.30543        -3.61093        -1.00589
    2   25        -2.65096        -2.70553         1.59614
    2   26        0.860461       -0.761692        0.820021
    2   27        -3.63543         1.56412       -0.571172
    2   28        -1.59239         2.08129         1.03429
    2   29         2.56063        -2.85736        -1.23721
    2   30       -0.318152        -2.12087        -2.37723
    2   31        -2.31471        -1.22395         2.29121
    2   32         2.41386       -0.543626        0.858129
    2   33        -2.10986         2.33038       -0.916249
    2   34        0.534622        0.205893        -1.40144
    2   35        0.331012        0.340157         2.92095
    2   36        0.914558        0.539286         1.07021
    2   37        0.734327         1.14975         3.41022
    2   38         1.70133         1.30077         3.67002
    2   39        -1.81155        0.254952        -2.18852
    2   40        -3.74008         2.67016      -0.0342795
    2   41         1.00727        -1.59432         0.41435
    2   42         2.31186         2.13429        -2.65891
    2   43         1.16481        -3.21075         2.59776
    2   44       0.0475504       -0.433419        -3.92636
    2   45       0.0839203         2.10852         1.83589
    2   46       0.0658668        -1.90949         1.98924
    2   47        0.234831         3.05427        0.946342
    2   48        -1.66394        -2.41422        -2.18856
    2   49       -0.571894       -0.334917          3.1185
    2   50         4.49984       -0.816432       -0.599044
    2   51         3.18698         0.91611        0.442203
    2   52       -0.331194        -3.34439         2.18263
    2   53        0.420253        -3.12799        0.916445
    2   54       -0.233973         -3.5126       -0.231147
    2   55        -3.35081       -0.620153        -1.25313
    2   56          1.3992        -3.23665         2.06787
    2   57      -0.0498795        -3.66695        -1.57021
    2   58        -2.97107         1.43152         -1.1962
    2   59         1.75043         1.65448         3.24766
    2   60        -2.76779       -0.580049         -1.9977
    2   61         2.20779         3.51027        0.472569
    2   62        -1.15287       -0.864479        -2.87065
    2   63         1.87684        -1.48768         3.21963
    3    0        0.226399        -1.31914       -0.702988
    3    1         -2.5605        -3.92561         2.53741
    3    2         2.24621        -2.29249        -1.65337
    3    3        -1.14681        0.780338        -2.65874
    3    4        -2.69775        -0.50058        0.837258
    3    5         1.42137       -0.320703      -0.0556624
    3    6         1.06701        0.618597       -0.605108
    3    7        -0.98129        -3.29102        0.434096
    3    8         1.33401        0.147185        -2.16349
    3    9         2.72866         2.80794        0.230381
    3   10        -2.53072        -1.08307        -1.46696
    3   11        0.374841       -0.380883       -0.910775
    3   12         2.45887          2.7771        0.355665
    3   13         2.90732        -2.89004         1.12806
    3   14         -3.2308       -0.638907        -3.06946
    3   15         3.45596        -0.27035        -2.04804
    3   16          -1.415        -1.31594         -1.6475
    3   17         1.22633        -1.69695       -0.202624
    3   18        0.084073       -0.839559        -1.38788
    3   19        0.182931        -2.16578       0.0102785
    3   20        -1.47707         2.22333        -2.24861
    3   21        -2.12305        -1.17588         1.31362
    3   22        0.880617         1.84632         2.37597
    3   23         1.91982       -0.682304        -3.60965
    3   24        -1.49499         -3.6728       -0.932042
    3   25        -2.51773        -2.82736         1.47693
    3   26        0.790836        -0.80346        0.534208
    3   27        -3.80559         1.40047       -0.754311
    3   28        -1.64695         1.52309        0.918881
    3   29         2.58106        -2.72073        -1.43967
    3   30       -0.468713        -2.01082        -2.12439
    3   31        -2.07458       -0.884949         2.46632
    3   32         2.39297       -0.770118        0.812551
    3   33        -2.38888         2.41551       -0.906632
    3   34        0.662064        0.282013        -1.48924
    3   35        0.369241        0.360265         3.07449
    3   36        0.966383        0.817916         1.03838
    3   37        0.811243        0.767311         3.48111
    3   38         1.70138         1.18349         3.58606
    3   39        -1.73252       0.0180776        -2.27963
    3   40        -3.37169          2.5874       0.0136094
    3   41         1.04122        -1.49745        0.813991
    3   42         2.24434         2.36073        -2.97705
    3   43        0.934518        -3.09456         2.45672
    3   44         0.36129       -0.405833        -4.09481
    3   45        0.131119         2.31123         1.64022
    3   46         0.29039         -1.9719         1.97506
    3   47        0.445086          3.1384        0.842562
    3   48        -1.65665        -2.31276        -2.20825
    3   49       -0.309857       -0.311191         3.11191
    3   50         4.51471       -0.553631        -0.68403
    3   51         2.93042         1.02615        0.158219
    3   52       -0.230514        -3.59088          2.3208
    3   53        0.458542         -3.1769        0.873519
    3   54       -0.458607        -3.49273       -0.343695
    3   55        -3.55852       -0.516718        -1.15301
    3   56         1.52288        -3.25914         2.14908
    3   57      -0.0652574         -4.0396        -1.43054
    3   58         -2.9089         1.31637       -0.999677
    3   59         1.88216         1.47559         3.25053
    3   60        -2.76633       -0.479614        -2.19319
    3   61         2.08344         3.46461         0.54217
    3   62        -1.26548       -0.780827        -2.91793
    3   63         1.93461        -1.30926         3.38614
    4    0        0.103642        -1.29463       -0.498666
    4    1        -2.48263         -3.7829         2.45467
    4    2         2.49801        -2.12109        -1.88571
    4    3        -1.12037        0.883833        -2.53451
    4    4        -2.56747       -0.678042          1.0133
    4    5         1.77411       -0.356557       -0.299269
    4    6         1.05238        0.327998       -0.516694
    4    7        -1.23283        -3.38296        0.252411
    4    8         1.41456        0.143721        -2.31665
    4    9         2.64747         2.81671        0.207573
    4   10         -2.5361        -1.24491        -1.24954
    4   11        0.180289       -0.331455       -0.625159
    4   12          2.4755         2.74606        0.201477
    4   13         2.95082        -2.57941         1.24158
    4   14        -3.12445       -0.772212         -3.2021
    4   15         3.54168       -0.415858        -1.85372
    4   16        -1.59638        -1.34648        -1.79856
    4   17         1.12109        -1.81208       -0.112538
    4   18        0.378015       -0.881782        -1.32115
    4   19       0.0746776        -2.01609        0.181873
    4   20         -1.6276         1.92872        -2.42686
    4   21          -2.153        -1.12699         1.37153
    4   22        0.672238         1.85848         2.39055
    4   23         2.13889       -0.660938        -3.70721
    4   24        -1.83407        -3.61045       -0.664523
    4   25        -2.59769        -2.67512         1.56939
    4   26        0.841655       -0.688212        0.444746
    4   27         -4.0023         1.46073        -0.85398
    4   28         -1.9006         1.51585         1.01369
    4   29         2.69431        -2.71207        -1.47727
    4   30       -0.186023        -1.95667         -1.9381
    4   31        -1.94929       -0.827461         2.43997
    4   32         2.44259       -0.901712        0.884934
    4   33        -2.55979         2.24861        -1.04445
    4   34         0.39989         0.03562        -1.35872
    4   35        0.408117         0.27599         2.94102
    4   36        0.999137          1.0522        0.967176
    4   37        0.697476        0.596207         3.61069
    4   38         1.69653         1.19112          3.5558
    4   39        -1.51152       -0.229221        -2.00396
    4   40        -3.31934         2.49331       0.0188811
    4   41        0.970263        -1.23754        0.849354
    4   42         2.10808         2.29616        -3.11414
    4   43        0.802157        -2.86483         2.29614
    4   44        0.567286       -0.162211        -4.14606
    4   45        0.273706         2.29909         1.51229
    4   46        0.223194        -1.89282         1.84366
    4   47        0.426346         3.06663        0.956538
    4   48        -1.86458        -2.51108        -2.44234
    4   49       -0.151845       -0.516501         3.31463
    4   50         4.40845       -0.322899        -0.66242
    4   51         2.97286         1.02738      -0.0178371
    4   52       -0.349025        -3.46217         2.34439
    4   53        0.570939        -3.18051        0.954448
    4   54       -0.621722        -3.52571       -0.387489
    4   55        -3.52594       0.0509471        -1.05582
    4   56         1.61549        -3.34453         2.35555
    4   57       -0.177521        -4.35482        -1.39354
    4   58        -2.75178         1.24418        -1.05134
    4   59         1.90851         1.39459         3.54932
    4   60        -2.60281       -0.634578        -2.30815
    4   61         2.02737         3.58444        0.675481
    4   62        -1.34568       -0.590074        -3.06412
    4   63          2.0136        -1.19469         3.39814
