Run semi-empirical minimization
 &qmmm
  qm_theory='AM1', grms_tol=0.05, scfconv=1.d-10, ndiis_attempts=700,   qmcharge=0,
 /
   6     C       -0.8780        0.6840        2.5060 
   6    C1       -1.0700       -0.8010        2.8350 
   8     O       -0.4450       -1.6980        1.9140 
   6    C2        0.9720       -1.5700        1.7780 
   6    C3        1.7750       -1.9760        3.0240 
   8    O1        1.5770       -3.3190        3.4750 
   6    C4        1.8440       -4.3710        2.5420 
   6    C5        3.3110       -4.4590        2.0930 
   8    O2        3.5990       -5.5270        1.1880 
   6    C6        2.8750       -5.5930       -0.0430 
   6    C7        2.9290       -4.3340       -0.9160 
   8    O3        2.5090       -4.5090       -2.2690 
   6    C8        1.1730       -4.9360       -2.5290 
   6    C9        0.0690       -3.9730       -2.0830 
   8    O4       -1.2290       -4.2700       -2.6150 
   6   C10       -1.7720       -5.5690       -2.3650 
   6   C11       -1.9340       -5.9090       -0.8820 
   8    O5       -2.5580       -7.1650       -0.6170 
   6   C12       -1.9100       -8.3380       -1.1100 
   6   C13       -0.4740       -8.5370       -0.6120 
   8    O6        0.0960       -9.7910       -0.9970 
   6   C14        0.3830       -9.8840       -2.4010 
   6   C15        1.2430      -11.1230       -2.6450 
   8    O7        0.5360      -12.2960       -2.2510 
   8    O8       -1.2430        0.9870        1.1630 
   1     H        0.1640        0.9880        2.6400 
   1    H1       -1.4900        1.2990        3.1740 
   1    H2       -0.7470       -1.0210        3.8570 
   1    H3       -2.1410       -1.0300        2.7820 
   1    H4        1.2460       -2.2060        0.9400 
   1    H5        1.2320       -0.5520        1.4740 
   1    H6        2.8450       -1.8120        2.8460 
   1    H7        1.5040       -1.3310        3.8640 
   1    H8        1.5820       -5.3090        3.0410 
   1    H9        1.1600       -4.2900        1.6960 
   1   H10        3.6710       -3.5190        1.6650 
   1   H11        3.9290       -4.6260        2.9810 
   1   H12        3.3110       -6.4260       -0.6060 
   1   H13        1.8390       -5.8860        0.1640 
   1   H14        2.3710       -3.5120       -0.4650 
   1   H15        3.9720       -3.9940       -0.9620 
   1   H16        1.0970       -5.0570       -3.6170 
   1   H17        1.0210       -5.9360       -2.1140 
   1   H18        0.0110       -3.9020       -0.9940 
   1   H19        0.3180       -2.9630       -2.4330 
   1   H20       -2.7620       -5.5980       -2.8390 
   1   H21       -1.1760       -6.3190       -2.8950 
   1   H22       -0.9790       -5.8600       -0.3500 
   1   H23       -2.5630       -5.1390       -0.4170 
   1   H24       -2.5100       -9.1930       -0.7790 
   1   H25       -1.9650       -8.3500       -2.2040 
   1   H26        0.1800       -7.7260       -0.9420 
   1   H27       -0.4690       -8.4990        0.4830 
   1   H28       -0.5590       -9.9790       -2.9440 
   1   H29        0.9220       -8.9910       -2.7330 
   1   H30        1.4910      -11.2130       -3.7050 
   1   H31        2.1700      -11.0820       -2.0650 
   1   H32        0.2530      -12.1330       -1.3300 
   1   H33       -2.0110        0.4360        0.9310 

