Run semi-empirical minimization
 &qmmm
  qm_theory='AM1', grms_tol=0.05, scfconv=1.d-10, ndiis_attempts=700,   qmcharge=0,
 /
   8     O        2.6590       -0.5440        6.2570 
   6     C        1.7810        0.5040        6.6670 
   6    C1        0.6480        0.7310        5.6560 
   6    C2       -0.3710        1.7410        6.1660 
   8    O1        1.1400        0.9310        4.3220 
   6    C3        1.4440        2.2380        3.8400 
   6    C4        2.9200        2.6890        3.9640 
   6    C5        3.9310        1.6980        3.3820 
   8    O2        3.1580        4.0280        3.4580 
   6    C6        2.8160        4.2660        2.0820 
   6    C7        2.9920        5.7680        1.7120 
   6    C8        4.4650        6.1750        1.6120 
   8    O3        2.4110        6.1050        0.4430 
   6    C9        0.9900        6.0190        0.3310 
   6   C10        0.2210        6.9730        1.2570 
   6   C11        0.5770        8.4410        1.0220 
   8    O4       -1.1850        6.7650        1.1070 
   1     H       -1.5110        7.3440        0.3960 
   1    H1        2.1270       -1.2000        5.7720 
   1    H2        1.3650        0.2210        7.6400 
   1    H3        2.3810        1.4050        6.8020 
   1    H4        0.1170       -0.2300        5.5820 
   1    H5        0.0560        2.7470        6.2620 
   1    H6       -1.2330        1.8000        5.4920 
   1    H7       -0.7410        1.4470        7.1540 
   1    H8        1.1890        2.1920        2.7740 
   1    H9        0.7770        3.0000        4.2550 
   1   H10        3.1400        2.7470        5.0340 
   1   H11        4.0090        1.7640        2.2930 
   1   H12        4.9300        1.9210        3.7750 
   1   H13        3.6930        0.6640        3.6490 
   1   H14        3.4120        3.6470        1.4110 
   1   H15        1.7680        4.0070        1.9410 
   1   H16        2.5500        6.3820        2.5050 
   1   H17        4.8370        6.0910        0.5840 
   1   H18        4.5690        7.2340        1.8810 
   1   H19        5.1140        5.5990        2.2750 
   1   H20        0.7440        6.2610       -0.7110 
   1   H21        0.6560        4.9860        0.4610 
   1   H22        0.4480        6.7210        2.2970 
   1   H23       -0.2610        9.0150        0.6140 
   1   H24        0.8540        8.9080        1.9740 
   1   H25        1.4340        8.5590        0.3520 

