Run semi-empirical minimization
 &qmmm
  qm_theory='AM1', grms_tol=0.05, scfconv=1.d-10, ndiis_attempts=700,   qmcharge=0,
 /
   8     O       -1.7130       -6.5510       -8.8790 
   6     C       -0.6040       -7.2140       -9.4740 
   6    C1       -0.6610       -8.7390       -9.2650 
   6    C2        0.4460       -9.3630      -10.1300 
   8    O1       -0.4180       -9.2080       -7.9300 
   6    C3       -1.1180       -8.6480       -6.8110 
   6    C4       -2.6210       -8.9950       -6.6630 
   6    C5       -2.8000      -10.5240       -6.6480 
   8    O2       -3.2550       -8.5770       -5.4410 
   6    C6       -3.1640       -7.2350       -4.9640 
   6    C7       -4.0290       -6.1750       -5.6850 
   6    C8       -5.5280       -6.5200       -5.5820 
   8    O3       -3.9410       -4.8770       -5.0750 
   6    C9       -2.7780       -4.0690       -5.2400 
   6   C10       -2.4730       -3.5470       -6.6600 
   6   C11       -3.7160       -2.9840       -7.3560 
   8    O4       -1.5400       -2.4500       -6.5860 
   6   C12       -0.1580       -2.7620       -6.7870 
   6   C13        0.7240       -2.4390       -5.5530 
   6   C14        0.5190       -0.9870       -5.1230 
   8    O5        0.3880       -3.3410       -4.4810 
   6   C15        1.4980       -3.9090       -3.7600 
   6   C16        1.2070       -5.3950       -3.3760 
   6   C17        0.9270       -6.1680       -4.6680 
   8    O6        2.3680       -5.9420       -2.7160 
   6   C18        2.1600       -6.8790       -1.6300 
   6   C19        3.3920       -6.7710       -0.6720 
   6   C20        3.2940       -5.4090        0.0290 
   8    O7        3.4500       -7.6900        0.4190 
   6   C21        4.2300       -8.8880        0.4090 
   6   C22        5.6290       -9.0230       -0.2420 
   6   C23        6.6690       -8.0190        0.2600 
   8    O8        6.1820      -10.3040        0.1340 
   6   C24        6.0080      -11.3930       -0.7700 
   6   C25        5.0810      -12.5160       -0.2350 
   6   C26        5.3140      -12.7680        1.2590 
   8    O9        3.6700      -12.2930       -0.3820 
   6   C27        3.1640      -12.0220       -1.6880 
   6   C28        3.2170      -13.1930       -2.6920 
   6   C29        2.2240      -14.3070       -2.3510 
   8   O10        2.9270      -12.7300       -4.0340 
   6   C30        4.0830      -12.1460       -4.6350 
   6   C31        3.9650      -11.8730       -6.1470 
   6   C32        2.8570      -10.8730       -6.4850 
   8   O11        5.2020      -11.3060       -6.6270 
   6   C33        6.2800      -12.2440       -6.6810 
   6   C34        7.5600      -11.5630       -7.1740 
   6   C35        7.9900      -10.3950       -6.2910 
   8   O12        8.6060      -12.5390       -7.2040 
   1     H        9.4380      -12.0750       -7.4020 
   1    H1       -2.4600       -6.6390       -9.4960 
   1    H2       -0.6120       -6.9710      -10.5430 
   1    H3        0.3170       -6.7970       -9.0460 
   1    H4       -1.6340       -9.1230       -9.5940 
   1    H5        1.4380       -9.0790       -9.7520 
   1    H6        0.4060      -10.4550      -10.1050 
   1    H7        0.3840       -9.0410      -11.1790 
   1    H8       -0.6050       -9.0500       -5.9310 
   1    H9       -0.9510       -7.5690       -6.7690 
   1   H10       -3.1860       -8.5950       -7.5080 
   1   H11       -2.3060      -10.9630       -5.7700 
   1   H12       -3.8620      -10.7860       -6.5520 
   1   H13       -2.4050      -11.0100       -7.5440 
   1   H14       -3.5260       -7.2880       -3.9290 
   1   H15       -2.1220       -6.9310       -4.8760 
   1   H16       -3.7560       -6.1140       -6.7420 
   1   H17       -6.1160       -5.6740       -5.1980 
   1   H18       -5.9350       -6.7720       -6.5650 
   1   H19       -5.7220       -7.3700       -4.9200 
   1   H20       -2.9490       -3.1900       -4.6050 
   1   H21       -1.9130       -4.5750       -4.8090 
   1   H22       -2.0790       -4.3620       -7.2770 
   1   H23       -3.7860       -1.8950       -7.2460 
   1   H24       -3.6550       -3.1800       -8.4330 
   1   H25       -4.6490       -3.4300       -7.0030 
   1   H26       -0.0190       -3.8010       -7.0950 
   1   H27        0.1730       -2.1240       -7.6170 
   1   H28        1.7700       -2.5770       -5.8510 
   1   H29       -0.5050       -0.8020       -4.7930 
   1   H30        1.1750       -0.7350       -4.2800 
   1   H31        0.7510       -0.2930       -5.9450 
   1   H32        2.4290       -3.8650       -4.3390 
   1   H33        1.6640       -3.3210       -2.8500 
   1   H34        0.3220       -5.4310       -2.7290 
   1   H35        1.8280       -6.2080       -5.2900 
   1   H36        0.6280       -7.1990       -4.4650 
   1   H37        0.1370       -5.6970       -5.2630 
   1   H38        1.2340       -6.6430       -1.0860 
   1   H39        2.0580       -7.8950       -2.0250 
   1   H40        4.3300       -6.8000       -1.2460 
   1   H41        3.9810       -5.3170        0.8600 
   1   H42        3.4660       -4.6010       -0.6770 
   1   H43        2.2790       -5.2690        0.4450 
   1   H44        4.3710       -9.1320        1.4730 
   1   H45        3.5910       -9.6880        0.0340 
   1   H46        5.5650       -8.9290       -1.3320 
   1   H47        7.6230       -8.1900       -0.2630 
   1   H48        6.3700       -6.9850        0.0890 
   1   H49        6.8860       -8.1610        1.3270 
   1   H50        7.0080      -11.8380       -0.8650 
   1   H51        5.7360      -11.0510       -1.7710 
   1   H52        5.3290      -13.4390       -0.7730 
   1   H53        4.6770      -12.1240        1.8760 
   1   H54        5.0450      -13.8000        1.5120 
   1   H55        6.3580      -12.6190        1.5520 
   1   H56        2.1160      -11.7250       -1.5580 
   1   H57        3.6470      -11.1250       -2.0820 
   1   H58        4.2110      -13.6540       -2.6870 
   1   H59        1.6520      -14.6270       -3.2290 
   1   H60        2.7630      -15.1840       -1.9730 
   1   H61        1.5160      -14.0120       -1.5710 
   1   H62        4.3400      -11.2120       -4.1260 
   1   H63        4.9160      -12.8350       -4.4740 
   1   H64        3.7570      -12.7990       -6.6970 
   1   H65        3.1220      -10.2640       -7.3580 
   1   H66        1.9180      -11.3900       -6.7080 
   1   H67        2.6660      -10.1810       -5.6580 
   1   H68        6.4830      -12.6760       -5.6980 
   1   H69        6.0150      -13.0690       -7.3530 
   1   H70        7.3970      -11.2010       -8.1940 
   1   H71        8.6240      -10.7280       -5.4640 
   1   H72        8.5900       -9.6940       -6.8840 
   1   H73        7.1420       -9.8370       -5.8860 

