Run semi-empirical minimization
 &qmmm
  qm_theory='AM1', grms_tol=0.05, scfconv=1.d-10, ndiis_attempts=700,   qmcharge=0,
 /
   8     O       -0.0950        1.6590       -0.3590 
   6     C        1.2520        1.2560       -0.5900 
   6    C1        1.3620        0.1750       -1.6850 
   6    C2        0.5290       -1.0490       -1.2970 
   8    O1        0.8780        0.5950       -2.9650 
   6    C3        1.5030        1.7050       -3.6070 
   6    C4        2.9040        1.4920       -4.2400 
   6    C5        4.0220        1.3470       -3.2160 
   8    O2        2.9910        0.3750       -5.1440 
   6    C6        2.3020        0.5990       -6.3820 
   6    C7        2.5640       -0.5450       -7.3760 
   6    C8        4.0160       -0.6530       -7.8140 
   8    O3        2.1730       -1.7890       -6.7910 
   1     H        2.6080       -1.8210       -5.9220 
   1    H1       -0.5130        1.7520       -1.2410 
   1    H2        1.8190        2.1530       -0.8490 
   1    H3        1.6530        0.8770        0.3580 
   1    H4        2.4030       -0.1440       -1.7780 
   1    H5       -0.5450       -0.8130       -1.2770 
   1    H6        0.6570       -1.8430       -2.0380 
   1    H7        0.8220       -1.4390       -0.3170 
   1    H8        0.8150        1.9820       -4.4120 
   1    H9        1.5190        2.5700       -2.9340 
   1   H10        3.1300        2.4060       -4.8070 
   1   H11        4.2560        0.2990       -3.0020 
   1   H12        4.9440        1.7870       -3.6190 
   1   H13        3.8040        1.8750       -2.2830 
   1   H14        1.2270        0.6430       -6.1760 
   1   H15        2.6270        1.5480       -6.8230 
   1   H16        1.9400       -0.3880       -8.2630 
   1   H17        4.6670       -0.9600       -6.9870 
   1   H18        4.1150       -1.4250       -8.5870 
   1   H19        4.3840        0.2910       -8.2270 

