Run semi-empirical minimization
 &qmmm
  qm_theory='AM1', grms_tol=0.05, scfconv=1.d-10, ndiis_attempts=700,   qmcharge=0,
 /
   6     C       -2.3820       -2.0210        1.2380 
   6    C1       -0.9270       -1.7000        0.9240 
   8     O       -0.1020       -2.7670        1.4040 
   6    C2       -0.6490       -1.5240       -0.5780 
   8    O1       -1.4110       -0.5340       -1.2640 
   6    C3       -1.3010        0.8050       -0.8010 
   6    C4        0.1000        1.4440       -0.8280 
   6    C5        0.7730        1.4170       -2.1920 
   8    O2       -0.0050        2.8050       -0.3980 
   1     H       -2.7100       -2.9290        0.7210 
   1    H1       -3.0480       -1.1980        0.9670 
   1    H2       -2.5040       -2.2170        2.3140 
   1    H3       -0.6380       -0.7950        1.4650 
   1    H4       -0.3320       -2.9260        2.3370 
   1    H5        0.4200       -1.3440       -0.7430 
   1    H6       -0.8540       -2.4780       -1.0840 
   1    H7       -1.9670        1.4050       -1.4340 
   1    H8       -1.7280        0.8850        0.2060 
   1    H9        0.7480        0.9310       -0.1090 
   1   H10        0.1680        1.9370       -2.9430 
   1   H11        1.7320        1.9500       -2.1470 
   1   H12        0.9630        0.3980       -2.5360 
   1   H13       -0.4680        3.3030       -1.0990 

