Run semi-empirical minimization
 &qmmm
  qm_theory='AM1', grms_tol=0.05, scfconv=1.d-10, ndiis_attempts=700,   qmcharge=0,
 /
   8     O        2.1050       -5.1200        5.5250 
   6     C        1.3290       -6.3080        5.4030 
   6    C1        1.2030       -7.0480        6.7490 
   6    C2        0.1700       -8.1710        6.5450 
   8    O1        2.3850       -7.6910        7.2510 
   6    C3        3.6560       -7.0210        7.2880 
   6    C4        3.8820       -5.9550        8.3900 
   6    C5        3.5660       -6.5540        9.7730 
   8    O2        5.2380       -5.4730        8.5340 
   6    C6        6.0430       -5.0650        7.4240 
   6    C7        5.7100       -3.6920        6.7940 
   6    C8        5.9650       -2.6040        7.8560 
   8    O3        6.5340       -3.3500        5.6500 
   6    C9        6.3210       -3.8990        4.3170 
   6   C10        4.9570       -3.5580        3.6090 
   6   C11        4.8040       -2.0190        3.7030 
   8    O4        4.7440       -3.7840        2.1850 
   6   C12        4.7570       -4.9760        1.3830 
   6   C13        3.5020       -5.9560        1.3270 
   6   C14        2.1710       -5.3520        1.6560 
   8    O5        3.3630       -6.8830        0.2020 
   6   C15        2.6710       -6.6590       -1.0610 
   6   C16        1.0870       -6.4920       -1.2950 
   6   C17        0.2770       -7.6400       -0.6870 
   8    O6        0.5860       -5.1690       -0.9320 
   6   C18       -0.2760       -4.4200       -1.8670 
   6   C19        0.0890       -2.8360       -1.8990 
   6   C20        1.5360       -2.8310       -2.4240 
   8    O7       -0.8240       -1.9780       -2.7060 
   6   C21       -0.8670       -0.4870       -2.4410 
   6   C22       -2.1950        0.3500       -3.1010 
   6   C23       -3.3930       -0.4930       -2.6890 
   8    O8       -2.3840        1.8080       -2.7050 
   6   C24       -3.3660        2.6830       -3.4830 
   6   C25       -3.4300        4.3620       -3.0990 
   6   C26       -1.9680        4.7830       -2.9740 
   8    O9       -4.2040        5.2890       -4.0410 
   6   C27       -4.5430        6.7280       -3.6100 
   6   C28       -5.6230        7.6460       -4.6010 
   6   C29       -6.7820        6.6990       -4.9030 
   8   O10       -6.1310        8.9830       -4.0560 
   6   C30       -6.8610        9.9760       -4.9740 
   6   C31       -7.1940       11.5400       -4.3460 
   6   C32       -5.8950       12.0080       -3.6940 
   8   O11       -7.7150       12.6120       -5.3000 
   6   C33       -8.2160       13.9260       -4.7210 
   6   C34       -8.9030       15.0700       -5.7480 
   6   C35       -9.8980       14.3430       -6.6510 
   8   O12       -9.5840       16.1950       -5.0300 
   6   C36       -9.8140       17.5240       -5.6870 
   6   C37      -10.1410       18.7250       -4.6120 
   6   C38       -8.9660       18.6370       -3.6180 
   8   O13      -10.0390       20.0890       -5.0650 
   6   C39      -10.9840       21.1590       -5.2060 
   6   C40      -12.3230       21.5280       -4.4620 
   6   C41      -13.4110       20.4960       -4.7310 
   8   O14      -12.1750       21.7910       -3.0550 
   6   C42      -12.6480       23.0790       -2.5480 
   6   C43      -11.5340       23.6830       -1.6280 
   6   C44      -10.5650       24.4830       -2.4890 
   8   O15      -11.9410       24.6150       -0.6210 
   6   C45      -12.5930       24.1160        0.5430 
   6   C46      -11.8950       23.0120        1.3680 
   6   C47      -10.4700       23.3910        1.7900 
   8   O16      -12.5820       22.6810        2.5900 
   6   C48      -13.9730       22.3690        2.5050 
   6   C49      -14.3150       21.1350        1.6520 
   6   C50      -15.7740       20.7240        1.8420 
   8   O17      -14.1270       21.4330        0.2650 
   1     H      -14.3750       20.6430       -0.2460 
   1    H1        1.4870       -4.3990        5.7420 
   1    H2        0.3350       -6.0110        5.0370 
   1    H3        1.7830       -6.9460        4.6400 
   1    H4        0.8380       -6.3560        7.5170 
   1    H5        0.5650       -8.9390        5.8650 
   1    H6       -0.0600       -8.6770        7.4870 
   1    H7       -0.7680       -7.7980        6.1180 
   1    H8        4.3790       -7.8250        7.4780 
   1    H9        3.9120       -6.6410        6.3000 
   1   H10        3.2230       -5.0960        8.2310 
   1   H11        4.2660       -7.3670       10.0120 
   1   H12        3.7080       -5.8050       10.5640 
   1   H13        2.5490       -6.9440        9.8460 
   1   H14        7.0580       -4.9820        7.8470 
   1   H15        6.1170       -5.8620        6.6850 
   1   H16        4.6570       -3.6500        6.5070 
   1   H17        6.7740       -1.9060        7.5720 
   1   H18        5.0630       -1.9790        7.9980 
   1   H19        6.2030       -2.9980        8.8530 
   1   H20        7.1210       -3.4420        3.7230 
   1   H21        6.5410       -4.9670        4.3300 
   1   H22        4.1570       -4.0270        4.1790 
   1   H23        5.2740       -1.5190        2.8770 
   1   H24        3.7510       -1.7340        3.6240 
   1   H25        5.1930       -1.5990        4.6330 
   1   H26        4.8660       -4.5970        0.3590 
   1   H27        5.6960       -5.5200        1.5720 
   1   H28        3.7290       -6.6490        2.1430 
   1   H29        1.8730       -4.6380        0.8870 
   1   H30        1.4140       -6.1550        1.6890 
   1   H31        2.1770       -4.8500        2.6070 
   1   H32        3.2130       -5.9110       -1.6390 
   1   H33        2.8750       -7.6180       -1.5760 
   1   H34        0.9540       -6.5880       -2.3890 
   1   H35        0.3950       -7.7140        0.3950 
   1   H36       -0.7950       -7.5330       -0.8900 
   1   H37        0.5870       -8.6070       -1.1140 
   1   H38       -0.2210       -4.8450       -2.8730 
   1   H39       -1.3170       -4.5390       -1.5230 
   1   H40        0.0790       -2.4830       -0.8640 
   1   H41        1.5740       -3.1580       -3.4700 
   1   H42        1.9960       -1.8440       -2.3590 
   1   H43        2.1690       -3.5160       -1.8530 
   1   H44       -0.8710       -0.3430       -1.3550 
   1   H45        0.0530       -0.0470       -2.8460 
   1   H46       -2.0720        0.3340       -4.1990 
   1   H47       -3.5150       -0.4880       -1.5950 
   1   H48       -4.3280       -0.1510       -3.1250 
   1   H49       -3.2570       -1.5440       -2.9850 
   1   H50       -3.1100        2.5940       -4.5440 
   1   H51       -4.3730        2.2800       -3.3320 
   1   H52       -3.9230        4.4430       -2.1230 
   1   H53       -1.4570        4.6730       -3.9360 
   1   H54       -1.8550        5.8200       -2.6490 
   1   H55       -1.4530        4.1460       -2.2480 
   1   H56       -4.9820        6.6790       -2.6080 
   1   H57       -3.6080        7.2980       -3.5560 
   1   H58       -5.0840        7.8770       -5.5270 
   1   H59       -7.3940        6.5410       -4.0060 
   1   H60       -7.4290        7.0740       -5.6930 
   1   H61       -6.3990        5.7210       -5.2240 
   1   H62       -6.2590       10.1060       -5.8790 
   1   H63       -7.8260        9.5380       -5.2570 
   1   H64       -7.9710       11.4140       -3.5830 
   1   H65       -5.1620       12.2900       -4.4520 
   1   H66       -6.0560       12.8740       -3.0440 
   1   H67       -5.4690       11.2120       -3.0720 
   1   H68       -8.9610       13.6940       -3.9540 
   1   H69       -7.3730       14.4320       -4.2350 
   1   H70       -8.1010       15.5020       -6.3590 
   1   H71      -10.8260       14.1210       -6.1140 
   1   H72      -10.1650       14.9430       -7.5270 
   1   H73       -9.4760       13.4010       -7.0160 
   1   H74       -8.9190       17.8040       -6.2600 
   1   H75      -10.6530       17.4530       -6.3930 
   1   H76      -11.0900       18.5410       -4.0950 
   1   H77       -8.0660       19.0400       -4.0860 
   1   H78       -9.1560       19.2550       -2.7290 
   1   H79       -8.7490       17.6260       -3.3040 
   1   H80      -11.2130       21.1860       -6.2800 
   1   H81      -10.3670       22.0550       -5.0350 
   1   H82      -12.6610       22.4520       -4.9490 
   1   H83      -13.3390       19.6760       -4.0270 
   1   H84      -14.4100       20.9410       -4.5850 
   1   H85      -13.3660       20.1380       -5.7660 
   1   H86      -12.8960       23.7810       -3.3550 
   1   H87      -13.5750       22.9210       -1.9850 
   1   H88      -10.9770       22.8630       -1.1660 
   1   H89       -9.7280       24.8310       -1.8730 
   1   H90      -11.0480       25.3840       -2.8870 
   1   H91      -10.1680       23.8960       -3.3220 
   1   H92      -12.7240       24.9890        1.2140 
   1   H93      -13.6060       23.8360        0.2630 
   1   H94      -11.8260       22.0970        0.7750 
   1   H95      -10.3150       23.2680        2.8740 
   1   H96       -9.7350       22.7620        1.2870 
   1   H97      -10.2230       24.4360        1.5490 
   1   H98      -14.2890       22.1850        3.5370 
   1   H99      -14.5180       23.2560        2.1640 
   1  H100      -13.6400       20.3100        1.9040 
   1  H101      -16.3080       20.6500        0.8890 
   1  H102      -15.8280       19.7490        2.3350 
   1  H103      -16.3200       21.4320        2.4740 

