9.252322780000000080e+00 1.863873870999999838e+01 1.503290471999999944e+01
8.246251490000000572e+00 1.777537107999999932e+01 1.457156754000000021e+01
8.872263289999999358e+00 1.636879138999999839e+01 1.451878950000000046e+01
9.732350780000000867e+00 1.621124016999999995e+01 1.325700885999999912e+01
9.684206370000000064e+00 1.623548466000000090e+01 1.571145178999999992e+01
8.940024539999999575e+00 1.587635760999999945e+01 1.691820317999999901e+01
9.627426460000000574e+00 1.639591468000000063e+01 1.820002893999999927e+01
1.113547935999999972e+01 1.666335417999999891e+01 1.806358871000000121e+01
8.954755730000000469e+00 1.758124817999999934e+01 1.865106094000000070e+01
9.810062000000000282e+00 1.807211579999999884e+01 1.555439881000000035e+01
7.372972419999999971e+00 1.778685756000000140e+01 1.526090909000000018e+01
7.847709530000000377e+00 1.807747270999999856e+01 1.355444480000000063e+01
8.077599380000000551e+00 1.562416512999999973e+01 1.450119192999999918e+01
1.028259863999999979e+01 1.714450679000000122e+01 1.304010601000000058e+01
1.045667365000000082e+01 1.538553897000000070e+01 1.333466104999999935e+01
9.090283919999999185e+00 1.603361109000000084e+01 1.240662144000000033e+01
7.935337600000000435e+00 1.634076805999999848e+01 1.688860229999999873e+01
8.810050240000000699e+00 1.479331578000000036e+01 1.696041551000000069e+01
9.467000620000000310e+00 1.561160184000000051e+01 1.897049124000000120e+01
1.130780606999999982e+01 1.749180508999999972e+01 1.738514217000000173e+01
1.162023306000000034e+01 1.687922350999999921e+01 1.905099897999999925e+01
1.165625537000000023e+01 1.576450091999999970e+01 1.766240232999999904e+01
9.590727570000000313e+00 1.836132707000000153e+01 1.856645375000000087e+01
8.298579999999944334e-03 3.389674390000000148e+00 1.173875965000000043e+01
6.864860099999998688e-01 2.252766690000000072e+00 1.121199484999999996e+01
2.145401919999999851e+00 2.233373069999999849e+00 1.173339125000000038e+01
2.991890319999999992e+00 3.382293600000000122e+00 1.117406723000000035e+01
2.128175099999999986e+00 2.374358219999999964e+00 1.317755602999999986e+01
1.470144829999999958e+00 1.338904620000000101e+00 1.394829344000000049e+01
2.048051549999999832e+00 1.314447900000000002e+00 1.537934414000000061e+01
3.517903990000000203e+00 8.947591599999999978e-01 1.543819526000000053e+01
1.929452039999999924e+00 2.586356889999999797e+00 1.599879319999999971e+01
3.260172400000000970e-01 3.454623769999999983e+00 1.267793754000000028e+01
1.603571699999999378e-01 1.341458739999999983e+00 1.150312115999999918e+01
6.916994400000000542e-01 2.266246460000000074e+00 1.011234714000000068e+01
2.593286920000000162e+00 1.295513090000000034e+00 1.142379902999999963e+01
2.589604500000000087e+00 4.359434789999999893e+00 1.150446681000000027e+01
4.061537849999999672e+00 3.262829739999999923e+00 1.150825631000000016e+01
2.988936499999999885e+00 3.332005179999999900e+00 1.010037063999999951e+01
3.907792599999999617e-01 1.520439780000000018e+00 1.397724116000000016e+01
1.615065909999999993e+00 3.513011599999997792e-01 1.346424256000000064e+01
1.477177149999999939e+00 5.597818299999999248e-01 1.594151914999999953e+01
4.173103750000000112e+00 1.647115029999999924e+00 1.497673473999999949e+01
3.840184869999999862e+00 7.508496899999999030e-01 1.645185632999999825e+01
3.687200789999999895e+00 -3.988175665059889852e-02 1.486656454000000060e+01
1.801717199999999908e+00 3.236088529999999963e+00 1.527427581000000067e+01
6.779995999999999690e+00 3.995489319999999900e+00 7.488042519999999591e+00
7.322023820000000072e+00 2.789595820000000170e+00 6.944650850000000375e+00
6.434682089999999910e+00 2.198924719999999944e+00 5.819446369999999646e+00
5.239566899999999805e+00 1.399884869999999948e+00 6.348649049999999683e+00
5.884304829999999598e+00 3.250352900000000211e+00 5.011174770000000223e+00
6.854339050000000100e+00 4.085956829999999762e+00 4.319996080000000127e+00
6.052405150000000233e+00 5.117973120000000264e+00 3.491760429999999804e+00
5.715349589999999758e+00 4.539665420000000395e+00 2.119718479999999960e+00
4.860078689999999924e+00 5.385878360000000420e+00 4.190594019999999809e+00
5.843776850000000245e+00 3.823213019999999851e+00 7.724866910000000253e+00
8.325022219999999251e+00 3.018845629999999947e+00 6.545303979999999910e+00
7.444959039999999639e+00 2.069909410000000172e+00 7.727550449999999849e+00
7.018078270000000174e+00 1.556332609999999894e+00 5.171927010000000102e+00
4.585025309999999799e+00 2.041331079999999965e+00 6.977060029999999635e+00
4.642592500000000122e+00 1.043458499999999844e+00 5.502397039999999961e+00
5.573964229999999631e+00 5.412126700000001733e-01 6.953617079999999895e+00
7.467477879999999679e+00 4.657652589999999648e+00 5.026950120000000410e+00
7.448119170000000011e+00 3.475137800000000166e+00 3.661329470000000086e+00
6.639350559999999568e+00 6.035753719999999767e+00 3.346163760000000043e+00
5.456827389999999944e+00 3.493648840000000089e+00 2.181845650000000081e+00
4.884423929999999636e+00 5.114843149999999561e+00 1.642366970000000315e+00
6.594866820000000018e+00 4.619220480000000073e+00 1.468992629999999799e+00
4.732525879999999852e+00 4.584771940000000434e+00 4.729760340000000340e+00
1.132616617999999953e+01 1.845061091999999903e+01 3.228599659999999982e+00
1.020437618000000057e+01 1.778686713999999824e+01 2.658457530000000180e+00
9.692402310000000298e+00 1.663649492000000052e+01 3.564879869999999951e+00
1.063549249000000074e+01 1.542799469999999928e+01 3.583101940000000152e+00
9.552944580000000130e+00 1.708067112000000165e+01 4.914793340000000121e+00
8.484392220000000151e+00 1.802027654999999839e+01 5.183068959999999947e+00
8.482346670000000088e+00 1.830678975000000008e+01 6.700928399999999563e+00
7.980131039999999842e+00 1.715001841000000127e+01 7.572239810000000126e+00
9.828599580000000557e+00 1.858029911999999939e+01 7.054693659999999866e+00
1.101637999000000079e+01 1.879734807999999902e+01 4.092481910000000056e+00
9.386510510000000806e+00 1.847412200000000126e+01 2.460645710000000097e+00
1.047955748999999948e+01 1.735712454000000093e+01 1.685051129999999731e+00
8.734591879999999975e+00 1.629599817000000073e+01 3.172239040000000010e+00
1.155201734000000080e+01 1.564781299000000026e+01 4.182194189999999701e+00
1.013817483000000053e+01 1.457046378999999980e+01 4.036356689999999858e+00
1.092336616999999954e+01 1.515807694000000083e+01 2.586638649999999817e+00
8.618218410000000773e+00 1.894273700000000105e+01 4.654042999999999708e+00
7.492991189999999690e+00 1.757621325999999939e+01 4.893399610000000344e+00
7.826372420000000218e+00 1.920463576665059691e+01 6.872919440000000435e+00
8.528781119999999660e+00 1.625850508999999988e+01 7.360696560000000055e+00
8.149908090000000271e+00 1.740977820999999892e+01 8.657673580000000868e+00
6.932413600000000287e+00 1.697546810000000050e+01 7.423959820000000320e+00
1.032392935000000023e+01 1.806791790999999847e+01 6.406989000000000267e+00
-6.831121966505973031e-01 1.494913962000000041e+01 3.772595930000000042e+00
-2.207883766505955858e-01 1.418080931999999983e+01 2.671154560000000178e+00
1.311793449999999916e+00 1.394631412999999931e+01 2.774937110000000207e+00
2.044966669999999986e+00 1.525854430000000050e+01 3.067259910000000200e+00
1.593745959999999906e+00 1.304117770000000043e+01 3.867228959999999827e+00
1.385748860000000082e+00 1.164150955999999937e+01 3.552599620000000069e+00
1.567297230000000097e+00 1.079259073000000058e+01 4.860285349999999838e+00
3.007303369999999809e+00 1.032377220999999956e+01 5.054515050000000009e+00
1.214502219999999966e+00 1.159978513000000078e+01 5.982187829999999984e+00
-1.624657466505963210e-01 1.466916312000000033e+01 4.573737740000000329e+00
-7.284469166505969095e-01 1.321575733999999969e+01 2.630545619999999918e+00
-4.540253766505946142e-01 1.469846579000000020e+01 1.731477280000000007e+00
1.651713820000000110e+00 1.354284044999999992e+01 1.847476009999999835e+00
1.839245690000000044e+00 1.565620724000000052e+01 4.081151779999999896e+00
3.152717679999999856e+00 1.509927178000000048e+01 3.036076330000000212e+00
1.782503240000000044e+00 1.602881414999999876e+01 2.341295679999999990e+00
3.997405099999999933e-01 1.147054649000000026e+01 3.155112149999999893e+00
2.090708949999999788e+00 1.128120756000000036e+01 2.768153530000000195e+00
9.009827700000000439e-01 9.907593770000000077e+00 4.791697730000000099e+00
3.669398279999999346e+00 1.116768964000000075e+01 5.156822560000000166e+00
3.064403599999999894e+00 9.710742800000000230e+00 5.950189820000000296e+00
3.350811540000000033e+00 9.719050689999999548e+00 4.179017280000000056e+00
1.293402380000000074e+00 1.249114063999999935e+01 5.654875490000000227e+00
4.097251370000000392e+00 1.865062851000000066e+01 8.929926209999999642e+00
4.799116979999999977e+00 1.790089080999999993e+01 9.935166979999999981e+00
3.804583479999999795e+00 1.696653471000000124e+01 1.066701106000000010e+01
2.934650580000000009e+00 1.770408774999999935e+01 1.167582844999999914e+01
2.904463269999999930e+00 1.638951332999999977e+01 9.689105250000000780e+00
3.452374369999999804e+00 1.537799157999999977e+01 8.829533749999999515e+00
2.381916359999999955e+00 1.502901070999999966e+01 7.757017379999999740e+00
1.155031410000000092e+00 1.429762958999999967e+01 8.318362320000000310e+00
1.925051749999999950e+00 1.624211285000000160e+01 7.157567900000000094e+00
3.413712419999999970e+00 1.801726691000000002e+01 8.555112319999999215e+00
5.569399370000000182e+00 1.729569397999999936e+01 9.465752390000000460e+00
5.291333250000000099e+00 1.860893670000000100e+01 1.066421599000000064e+01
4.366163799999999817e+00 1.616294019000000048e+01 1.115837014999999965e+01
2.190064190000000188e+00 1.831374695999999958e+01 1.117863812000000046e+01
2.411236970000000035e+00 1.696137518999999827e+01 1.229936509999999927e+01
3.538907440000000015e+00 1.833920944999999847e+01 1.231659877000000058e+01
4.328857730000000181e+00 1.570471913000000086e+01 8.290110090000000653e+00
3.681702969999999908e+00 1.444340912000000010e+01 9.419065850000000850e+00
2.829183730000000008e+00 1.436313348000000012e+01 6.993633189999999722e+00
6.868123200000000317e-01 1.488018701000000021e+01 9.143595910000000160e+00
4.093613299999998567e-01 1.413598357999999955e+01 7.546595169999999797e+00
1.427828649999999922e+00 1.331775082999999960e+01 8.726865630000000706e+00
1.460460700000000056e+00 1.670018625999999884e+01 7.844331069999999961e+00
1.742208016000000015e+01 6.458816760000000379e+00 -1.965594766505960322e-01
1.608401978999999926e+01 6.610599040000000315e+00 2.694900300000000470e-01
1.600453308000000163e+01 7.522044550000000385e+00 1.520050219999999896e+00
1.684935219999999845e+01 6.955625610000000236e+00 2.665482879999999888e+00
1.655892279000000045e+01 8.797004380000000623e+00 1.200909189999999960e+00
1.577163673999999993e+01 9.663140849999999560e+00 3.418710499999999541e-01
1.672428534000000155e+01 1.068861652999999912e+01 -2.608292466505988116e-01
1.711175065000000117e+01 1.180836593000000079e+01 7.107634099999999844e-01
1.792511723999999873e+01 9.985761249999999478e+00 -6.099801866505965009e-01
1.799110967000000016e+01 6.251531720000000014e+00 5.696874200000000554e-01
1.544384213000000017e+01 7.028076470000000242e+00 -5.406884366505986250e-01
1.564565439999999974e+01 5.633305830000000292e+00 5.669793800000000328e-01
1.495727461000000069e+01 7.617137460000000360e+00 1.868035939999999950e+00
1.792563948000000096e+01 7.203654039999999981e+00 2.513039640000000130e+00
1.655420754000000017e+01 7.338755830000000202e+00 3.630336869999999827e+00
1.674161653000000172e+01 5.865852270000000424e+00 2.695466039999999897e+00
1.529080444000000050e+01 9.102376630000000191e+00 -4.313849466505965680e-01
1.499950182000000076e+01 1.016316338000000030e+01 9.394137599999999866e-01
1.626927677000000116e+01 1.113239343999999953e+01 -1.180340966650597956e+00
1.761223912999999897e+01 1.138431051000000060e+01 1.591442369999999995e+00
1.779527918000000142e+01 1.255501864999999917e+01 2.542350500000000180e-01
1.620899019000000152e+01 1.235050324999999916e+01 1.062186180000000091e+00
1.788421560000000099e+01 9.169310859999999508e+00 -7.817494665059587788e-02
4.759340700000000091e+00 4.128310029999999742e+00 1.397011284000000053e+01
4.423921309999999885e+00 5.485820829999999759e+00 1.411678196999999990e+01
5.680322989999999628e+00 6.375770079999999673e+00 1.386817749000000077e+01
6.666383999999999865e+00 6.383322780000000307e+00 1.502277819999999942e+01
6.356373460000000364e+00 5.903177580000000368e+00 1.269530435000000068e+01
5.663009640000000289e+00 6.043148809999999926e+00 1.145114097999999991e+01
6.454530840000000325e+00 5.274983060000000279e+00 1.036621419999999993e+01
7.836390680000000053e+00 5.868244849999999957e+00 1.013180589999999981e+01
6.600556270000000225e+00 3.910800630000000222e+00 1.076718338999999958e+01
5.443026910000000385e+00 4.094977250000000346e+00 1.329367082999999994e+01
3.625942250000000033e+00 5.739852049999999650e+00 1.339275173000000052e+01
3.994842010000000165e+00 5.677237169999999722e+00 1.513545960999999984e+01
5.328218159999999592e+00 7.429801999999999573e+00 1.369658556000000083e+01
7.086637360000000108e+00 5.398492540000000339e+00 1.522557566000000051e+01
7.488206159999999834e+00 7.056446929999999895e+00 1.480553392999999929e+01
6.215894750000000357e+00 6.730709309999999945e+00 1.593282096999999986e+01
4.647927909999999940e+00 5.644512269999999887e+00 1.148797783000000017e+01
5.613885820000000137e+00 7.089605869999999754e+00 1.114717556000000087e+01
5.885964399999999763e+00 5.302583620000000053e+00 9.450410039999999512e+00
8.485768500000000714e+00 5.702022669999999849e+00 1.099810749000000065e+01
8.275994100000000131e+00 5.397528340000000036e+00 9.237474549999999951e+00
7.772006539999999575e+00 6.952133879999999877e+00 9.957187180000000026e+00
7.059129170000000286e+00 3.915030830000000073e+00 1.162763889000000006e+01
9.214711160000000234e+00 6.710101840000000095e+00 3.605255829999999939e+00
9.708388819999999697e+00 8.054265360000000484e+00 3.553127579999999952e+00
9.778812679999999702e+00 8.508340130000000556e+00 2.073095690000000157e+00
1.088200793000000033e+01 7.765946139999999609e+00 1.293473630000000041e+00
8.515214000000000283e+00 8.207628370000000118e+00 1.436338810000000077e+00
7.462405069999999974e+00 9.144748390000000171e+00 1.729302050000000035e+00
6.085221080000000171e+00 8.620803229999999928e+00 1.250130870000000005e+00
5.455498940000000019e+00 9.454389759999999754e+00 1.173915000000000930e-01
6.198755529999999681e+00 7.292833400000000132e+00 7.658972200000000452e-01
8.684102199999999883e+00 6.648198729999999834e+00 2.826416039999999796e+00
9.044618859999999927e+00 8.704789659999999429e+00 4.109405980000000014e+00
1.073685440999999940e+01 8.107948679999999797e+00 3.957252990000000192e+00
1.001350189000000057e+01 9.594665239999999429e+00 2.016297199999999901e+00
1.057889772000000050e+01 6.703632110000000033e+00 1.094470459999999923e+00
1.108101607999999949e+01 8.219957100000000239e+00 3.122581799999999408e-01
1.180994472000000073e+01 7.763744289999999992e+00 1.842598729999999962e+00
7.402159969999999589e+00 9.327263849999999579e+00 2.804382790000000014e+00
7.676185770000000019e+00 1.009783035000000062e+01 1.263701240000000059e+00
5.372514559999999939e+00 8.629929219999999290e+00 2.087844089999999930e+00
6.011925689999999989e+00 9.344558149999999230e+00 -8.115256366505954055e-01
4.417944750000000198e+00 9.151311079999999265e+00 -6.878454665059630102e-02
5.475310930000000020e+00 1.052739376999999976e+01 3.873988299999999718e-01
7.173569539999999911e+00 7.134357549999999826e+00 6.084393799999999741e-01
1.534868050999999944e+01 1.742100059999999928e+01 8.282482650000000390e+00
1.469326034999999919e+01 1.722695227999999901e+01 7.010300680000000284e+00
1.393166596000000013e+01 1.587258047999999988e+01 6.989624649999999662e+00
1.486802179999999929e+01 1.467163743000000053e+01 6.956922589999999573e+00
1.310932464999999958e+01 1.574312832999999934e+01 8.174215350000000768e+00
1.190846769999999921e+01 1.654185078000000075e+01 8.177524710000000141e+00
1.130316542999999996e+01 1.655088306000000031e+01 9.597584669999999818e+00
1.046423790999999959e+01 1.527926259999999914e+01 9.888097690000000384e+00
1.235027941999999967e+01 1.666939199000000116e+01 1.055093102999999921e+01
1.513688353000000042e+01 1.660129939999999849e+01 8.798024299999999798e+00
1.401405706000000073e+01 1.804162755999999845e+01 6.808652330000000141e+00
1.542755481999999922e+01 1.718952807999999877e+01 6.213451909999999856e+00
1.330682707000000065e+01 1.579346329000000004e+01 6.069163249999999898e+00
1.556501102000000003e+01 1.464378319000000062e+01 7.799533679999999691e+00
1.429064918000000084e+01 1.373681698000000040e+01 7.030766640000000400e+00
1.543006742999999936e+01 1.462576342999999923e+01 6.005658239999999815e+00
1.214271665999999961e+01 1.756742374999999967e+01 7.868249160000000408e+00
1.121388825000000011e+01 1.610610180000000113e+01 7.447970960000000140e+00
1.064107242000000042e+01 1.740795741000000163e+01 9.681277559999999838e+00
1.081398760000000081e+01 1.443708379999999991e+01 9.302181640000000584e+00
1.056030780999999941e+01 1.499650996999999997e+01 1.093853745999999916e+01
9.388670949999999849e+00 1.546033927999999946e+01 9.683137609999999285e+00
1.311734743999999964e+01 1.621178197000000054e+01 1.012569155999999992e+01
1.455374414999999999e+01 1.051864229000000073e+01 8.862926350000000397e+00
1.557925271999999950e+01 9.564327349999999228e+00 8.617169040000000280e+00
1.692592315999999997e+01 1.011885052999999957e+01 9.173164429999999925e+00
1.748988356999999993e+01 1.130852027000000071e+01 8.369292149999999708e+00
1.674538362999999919e+01 1.059185665999999948e+01 1.051373056999999989e+01
1.644752000000000081e+01 9.566986890000000798e+00 1.149038316000000037e+01
1.658370632999999827e+01 1.006012014000000043e+01 1.294617035999999999e+01
1.782832675999999950e+01 1.090951309000000080e+01 1.319207673999999919e+01
1.544554572999999920e+01 1.083385445999999952e+01 1.330798163000000045e+01
1.495876479000000003e+01 1.119620394000000019e+01 9.455671159999999631e+00
1.532498945999999940e+01 8.617851549999999250e+00 9.142644510000000224e+00
1.567211318000000020e+01 9.318477820000000023e+00 7.576040719999999951e+00
1.765159468999999959e+01 9.283352060000000350e+00 9.109649729999999224e+00
1.679251895000000161e+01 1.215883868000000056e+01 8.362692669999999495e+00
1.843817363999999870e+01 1.162883573000000048e+01 8.816058090000000291e+00
1.767817932000000170e+01 1.100946296000000046e+01 7.355475339999999917e+00
1.544750606000000026e+01 9.134265870000000120e+00 1.133252556999999960e+01
1.715415516999999923e+01 8.782907330000000456e+00 1.139315344000000074e+01
1.664088526999999829e+01 9.182723890000000111e+00 1.361287223999999974e+01
1.772038245999999972e+01 1.184330188999999933e+01 1.263816409999999912e+01
1.796140069000000139e+01 1.110591684000000079e+01 1.422919195999999964e+01
1.870307431000000165e+01 1.041464047000000015e+01 1.279947461000000075e+01
1.546684682000000066e+01 1.167965766000000016e+01 1.278865436999999972e+01
1.543268929999999983e+01 2.281777130000000042e+00 1.833612673000000015e+01
1.639980922000000163e+01 3.334288850000000082e+00 1.829681573999999955e+01
1.746370399999999989e+01 2.973784129999999859e+00 1.725372287000000071e+01
1.839720757999999989e+01 1.864415570000000022e+00 1.775193592000000109e+01
1.678766484999999875e+01 2.463213699999999839e+00 1.606093197999999944e+01
1.595902047000000046e+01 3.391020179999999939e+00 1.534481159999999988e+01
1.521144834000000046e+01 2.607456330000000211e+00 1.424139560999999965e+01
1.614462122000000122e+01 1.964349710000000027e+00 1.320148591999999965e+01
1.442952282000000075e+01 1.589574730000000047e+00 1.484558069000000025e+01
1.540660946999999936e+01 1.932292960000000059e+00 1.741974447000000126e+01
1.590874576999999945e+01 4.261433580000000276e+00 1.804805406999999917e+01
1.684958183999999903e+01 3.478003750000000061e+00 1.929143032665059820e+01
1.806707094000000069e+01 3.852951270000000150e+00 1.702604562999999871e+01
1.782784288999999944e+01 1.089555070000000070e+00 1.831989795999999870e+01
1.888240508000000162e+01 1.338139940000000028e+00 1.691717389000000082e+01
1.916286850665059660e+01 2.280130489999999899e+00 1.838867902000000143e+01
1.521009626000000026e+01 3.865441300000000080e+00 1.598668838000000036e+01
1.658619308999999831e+01 4.190353410000000167e+00 1.490532141000000088e+01
1.451603582000000081e+01 3.293800510000000070e+00 1.373760410000000043e+01
1.685562214000000125e+01 1.289269570000000087e+00 1.368809906999999981e+01
1.557117399000000013e+01 1.400412140000000027e+00 1.244288141000000003e+01
1.673321556000000143e+01 2.749501159999999889e+00 1.268587720999999924e+01
1.487723944000000031e+01 7.397492100000000459e-01 1.467855065000000003e+01
1.569841210000000054e+01 1.534557105999999926e+01 1.051340489000000034e+01
1.707053232000000165e+01 1.562308894000000059e+01 1.086130331000000027e+01
1.714767124999999837e+01 1.642842264000000085e+01 1.219390214999999955e+01
1.646602864000000110e+01 1.778652427000000102e+01 1.209523805000000074e+01
1.651383453000000046e+01 1.571016499999999994e+01 1.326114276999999930e+01
1.726292004000000091e+01 1.461065128999999985e+01 1.381669319999999956e+01
1.647015891999999937e+01 1.388160141000000003e+01 1.492150067000000035e+01
1.708011283000000091e+01 1.401397477000000080e+01 1.633167861000000087e+01
1.514093135999999973e+01 1.435116717000000008e+01 1.496757979999999932e+01
1.536770847000000018e+01 1.470125301000000029e+01 1.120993535000000030e+01
1.764256744000000054e+01 1.467134708000000032e+01 1.094253628999999961e+01
1.752236534000000034e+01 1.621234087999999929e+01 1.004743543000000017e+01
1.821278459999999910e+01 1.658941524000000101e+01 1.242045157000000088e+01
1.543483771000000004e+01 1.769356661999999858e+01 1.171903046999999987e+01
1.644321228000000090e+01 1.821676388999999929e+01 1.307371174999999930e+01
1.703445237000000034e+01 1.847819327999999928e+01 1.142167601000000055e+01
1.750410235000000014e+01 1.393053542000000000e+01 1.302293981000000045e+01
1.821998342999999920e+01 1.499045304000000023e+01 1.423501242999999938e+01
1.643106519999999904e+01 1.283489952999999950e+01 1.468343044999999947e+01
1.729627848000000157e+01 1.507087723000000068e+01 1.656377415000000042e+01
1.643839583999999832e+01 1.362830813000000063e+01 1.711512094000000062e+01
1.800151857000000177e+01 1.344088185999999929e+01 1.638392937000000060e+01
1.516344454000000042e+01 1.520267328000000084e+01 1.448150427000000029e+01
1.168979009999999930e+00 1.476874877000000019e+01 1.288023036999999960e+01
1.395531239999999951e+00 1.347412618999999978e+01 1.232581455999999953e+01
2.569143910000000197e+00 1.282273642000000002e+01 1.307950897999999995e+01
3.904860289999999790e+00 1.339477274999999956e+01 1.258593817999999942e+01
2.461511209999999839e+00 1.310255304000000010e+01 1.449450945999999973e+01
1.391942910000000033e+00 1.243507722000000015e+01 1.520218709999999973e+01
1.573833639999999923e+00 1.252585887000000042e+01 1.676060469999999825e+01
2.525995679999999854e+00 1.146946660999999956e+01 1.733324351999999990e+01
2.063192340000000069e+00 1.380370686000000013e+01 1.716307742000000047e+01
1.559685030000000028e+00 1.470880550000000042e+01 1.377929759999999959e+01
4.744341800000000386e-01 1.285059767000000086e+01 1.244117645000000039e+01
1.584890150000000109e+00 1.351419169000000053e+01 1.124753572999999918e+01
2.572041679999999886e+00 1.177391712999999918e+01 1.291172762000000063e+01
3.916372910000000207e+00 1.447003295999999928e+01 1.259929392999999997e+01
4.739878690000000283e+00 1.301241716000000004e+01 1.321828685000000014e+01
4.115046109999999757e+00 1.306150698999999982e+01 1.154922999999999966e+01
4.353389800000000420e-01 1.292380069999999925e+01 1.494058552000000084e+01
1.323937829999999982e+00 1.138538613999999960e+01 1.491738999000000021e+01
5.920660300000000209e-01 1.233850838999999944e+01 1.724060040000000171e+01
3.525200729999999893e+00 1.149027230000000088e+01 1.683022679999999838e+01
2.695671509999999937e+00 1.162801246000000077e+01 1.841600449999999967e+01
2.101918089999999850e+00 1.046102667000000075e+01 1.721126647000000176e+01
1.380550340000000098e+00 1.446731707000000000e+01 1.699417516999999833e+01
1.546503992000000061e+01 1.632062850999999881e+01 1.792003087000000150e+01
1.557733310000000060e+01 1.774243775000000056e+01 1.796068855000000042e+01
1.587806001000000045e+01 1.831077008000000106e+01 1.654855096000000003e+01
1.732732040000000140e+01 1.810304650999999865e+01 1.607744001000000011e+01
1.504131942000000066e+01 1.769329438999999837e+01 1.554868229999999940e+01
1.361924521000000077e+01 1.767907933000000043e+01 1.576270919999999975e+01
1.285746467000000059e+01 1.737097769000000014e+01 1.444467037000000076e+01
1.287034711000000087e+01 1.850839840000000081e+01 1.341177751000000029e+01
1.338769809999999971e+01 1.620354813000000149e+01 1.381743490000000030e+01
1.525096156000000036e+01 1.610973302000000018e+01 1.701466458999999887e+01
1.465796721000000069e+01 1.816974077000000065e+01 1.835806094999999871e+01
1.639762750999999952e+01 1.804543037999999910e+01 1.864954399999999879e+01
1.566466212999999996e+01 1.936655346665059696e+01 1.658876908999999955e+01
1.746262778999999910e+01 1.707792660999999867e+01 1.562858113000000060e+01
1.757071940999999882e+01 1.883936807999999985e+01 1.527540355000000005e+01
1.802662327000000175e+01 1.819274667999999906e+01 1.689741744999999895e+01
1.337046888999999972e+01 1.690854168999999985e+01 1.648841217000000015e+01
1.326058865999999981e+01 1.865508707000000044e+01 1.616289245999999835e+01
1.179665688999999951e+01 1.715959090000000131e+01 1.469478407000000075e+01
1.388243014000000031e+01 1.875102127999999979e+01 1.310048622999999957e+01
1.229600414999999991e+01 1.821325666999999981e+01 1.252049629999999958e+01
1.240288596999999982e+01 1.940596717665059501e+01 1.384407874999999954e+01
1.332493211000000066e+01 1.636283949999999976e+01 1.286408733000000026e+01
4.883566799999999652e+00 1.381649619999999956e+01 1.572350173999999967e+01
5.455011240000000150e+00 1.487495091000000080e+01 1.649675218999999871e+01
4.955533469999999774e+00 1.628024805000000086e+01 1.604073221000000160e+01
4.986530700000000316e+00 1.647678571999999875e+01 1.450112636999999971e+01
3.584311249999999838e+00 1.647281747999999979e+01 1.643867897000000156e+01
3.355015199999999975e+00 1.670723295000000164e+01 1.784182866000000089e+01
1.814168680000000089e+00 1.672758705000000035e+01 1.809789380000000136e+01
1.299774730000000211e+00 1.805352088000000066e+01 1.870360057999999981e+01
1.149179710000000298e+00 1.648222566999999827e+01 1.686455112000000156e+01
3.892737589999999859e+00 1.384301742000000068e+01 1.582335654000000069e+01
5.234610179999999779e+00 1.473104494999999936e+01 1.756454026999999840e+01
6.553700639999999744e+00 1.485586963999999988e+01 1.635362605999999985e+01
5.610379110000000225e+00 1.704798289000000011e+01 1.651291026000000173e+01
4.047723490000000091e+00 1.614347122999999939e+01 1.407149616999999964e+01
5.116810440000000071e+00 1.752890996000000001e+01 1.426490169999999935e+01
5.853641239999999968e+00 1.592814032000000068e+01 1.404568841000000035e+01
3.800249480000000180e+00 1.592305945000000023e+01 1.848159263000000152e+01
3.791281269999999815e+00 1.765011545999999854e+01 1.816666611000000131e+01
1.557102669999999911e+00 1.593358965000000005e+01 1.882884925999999837e+01
1.530272099999999913e+00 1.887054091999999983e+01 1.804775234999999967e+01
2.357634399999999353e-01 1.801370525000000100e+01 1.889265229000000090e+01
1.819647460000000105e+00 1.825001775999999865e+01 1.967858108665059547e+01
1.888951229999999981e+00 1.660579783000000020e+01 1.619448695999999899e+01
1.512149394000000058e+01 1.149920829000000033e+01 6.151389469999999804e+00
1.512751103999999991e+01 1.155629507999999994e+01 4.714348860000000307e+00
1.573029698999999937e+01 1.026830563000000041e+01 4.126616099999999676e+00
1.725589765000000142e+01 1.016391768000000084e+01 4.381362219999999752e+00
1.512464976000000050e+01 9.119922700000000049e+00 4.735145229999999650e+00
1.374141632999999985e+01 8.882419770000000270e+00 4.435964750000000123e+00
1.329521648000000056e+01 7.587003469999999972e+00 5.187017159999999905e+00
1.348870145000000065e+01 6.300022519999999737e+00 4.375186549999999563e+00
1.405994386999999968e+01 7.484326180000000051e+00 6.375853300000000168e+00
1.471644455000000029e+01 1.065589559000000008e+01 6.391481709999999872e+00
1.412967976999999919e+01 1.169849733000000036e+01 4.345561469999999815e+00
1.570339161999999966e+01 1.244787806999999979e+01 4.393512310000000198e+00
1.555165938000000025e+01 1.026333123999999941e+01 3.031647389999999831e+00
1.741294381999999885e+01 9.774172450000000012e+00 5.383213930000000147e+00
1.773019526999999940e+01 9.530001600000000295e+00 3.651702429999999833e+00
1.770352751000000069e+01 1.117670024000000062e+01 4.349176179999999725e+00
1.316782307999999979e+01 9.713951599999999686e+00 4.791295429999999911e+00
1.357061065999999983e+01 8.776696899999999246e+00 3.377246490000000101e+00
1.224079968999999934e+01 7.672118489999999902e+00 5.411347730000000134e+00
1.451367781999999984e+01 6.190104909999999627e+00 4.083756010000000103e+00
1.321562300999999984e+01 5.443597220000000014e+00 4.997184559999999998e+00
1.285382345000000015e+01 6.304863970000000428e+00 3.470340789999999842e+00
1.487721570000000071e+01 7.991521640000000204e+00 6.152132110000000154e+00
1.779381255999999922e+01 5.076793989999999646e+00 1.008191865999999948e+01
1.743112972999999855e+01 6.333204870000000319e+00 1.064400327000000068e+01
1.670738946000000169e+01 6.189751079999999739e+00 1.203625111999999930e+01
1.539558262000000077e+01 5.432015859999999918e+00 1.200759831000000055e+01
1.757422734000000020e+01 5.570265189999999755e+00 1.300192337999999914e+01
1.877130731000000097e+01 6.302696069999999651e+00 1.331540752999999988e+01
1.938079108665059636e+01 5.722556570000000065e+00 1.460210056999999928e+01
1.864668520000000029e+01 6.261471099999999623e+00 1.585021000000000058e+01
1.927761141665059696e+01 4.304580950000000072e+00 1.456000266999999937e+01
1.820696238000000022e+01 4.554081590000000013e+00 1.080590594999999965e+01
1.831178566999999902e+01 6.938990000000000435e+00 1.076813693000000072e+01
1.675178514999999990e+01 6.853946139999999687e+00 9.941923109999999397e+00
1.646925013999999976e+01 7.161205899999999680e+00 1.240242577999999973e+01
1.551882862000000074e+01 4.394723479999999682e+00 1.165213770999999987e+01
1.493276952000000080e+01 5.406615900000000252e+00 1.301685303000000005e+01
1.470766386000000026e+01 5.946161639999999693e+00 1.133543771999999983e+01
1.949488504665059807e+01 6.220774930000000147e+00 1.252380125000000000e+01
1.854082468000000006e+01 7.367065840000000421e+00 1.345028824000000078e+01
2.043217432665059619e+01 6.055084729999999915e+00 1.463944520999999988e+01
1.760627849000000111e+01 5.978262479999999712e+00 1.584921053999999963e+01
1.915805663665059555e+01 5.845381500000000230e+00 1.676885127999999980e+01
1.874256682000000040e+01 7.372657499999999864e+00 1.591198239999999942e+01
1.832197563000000073e+01 4.107884819999999770e+00 1.463133264000000011e+01
1.241538989000000015e+01 1.068722874000000012e+01 1.659889230000000104e+00
1.238764117999999925e+01 1.127646088999999918e+01 3.468493100000000773e-01
1.172673123999999945e+01 1.268959064000000048e+01 3.782038199999999684e-01
1.032447145999999982e+01 1.267283308000000019e+01 9.911398300000000550e-01
1.252444013999999939e+01 1.357807466000000041e+01 1.184101539999999897e+00
1.370376710000000031e+01 1.411594818000000018e+01 5.233000500000000166e-01
1.458820047999999936e+01 1.476471128000000022e+01 1.611193689999999901e+00
1.411566080999999961e+01 1.615395523000000111e+01 2.060152449999999913e+00
1.456794718000000088e+01 1.390239691999999927e+01 2.729171089999999911e+00
1.217083618000000023e+01 1.142324286000000022e+01 2.305218729999999994e+00
1.339518952999999968e+01 1.138682148000000005e+01 -4.864028665059594303e-02
1.184395042999999959e+01 1.064108157000000077e+01 -3.379809866505962823e-01
1.167178666000000042e+01 1.307443658000000042e+01 -6.382989666505953785e-01
1.031177321000000013e+01 1.243206486000000055e+01 2.045420149999999992e+00
9.857435940000000230e+00 1.365327658000000000e+01 9.148406700000000225e-01
9.703571379999999635e+00 1.195666265999999922e+01 4.625358999999999998e-01
1.426078633999999923e+01 1.333746853999999971e+01 3.046242000000010108e-02
1.344626927000000016e+01 1.489235973999999985e+01 -2.404373066505951506e-01
1.560678571000000048e+01 1.485857485999999916e+01 1.225976249999999990e+00
1.307317736000000075e+01 1.609791045000000054e+01 2.423778319999999820e+00
1.473974171000000055e+01 1.651414420000000050e+01 2.864556439999999871e+00
1.411255191999999958e+01 1.689301683000000054e+01 1.245092520000000036e+00
1.366123630000000055e+01 1.352331648000000008e+01 2.668932390000000154e+00
1.176666638999999925e+01 7.022616389999999598e+00 1.414752810000000061e+01
1.160153327999999995e+01 8.296090789999999160e+00 1.354225405000000038e+01
1.010545085999999948e+01 8.727840419999999710e+00 1.360925499000000016e+01
9.212421470000000667e+00 7.891459769999999985e+00 1.268795854999999939e+01
9.580715299999999601e+00 8.545544180000000267e+00 1.493920579999999987e+01
1.021763574999999946e+01 9.296225670000000108e+00 1.600590857999999983e+01
9.269551570000000851e+00 9.391067539999999880e+00 1.722002465999999998e+01
8.398445830000000001e+00 1.066238908999999957e+01 1.720925087000000175e+01
8.417315430000000376e+00 8.253983720000000801e+00 1.724162769999999867e+01
1.110259004000000083e+01 6.964798270000000180e+00 1.488052172999999989e+01
1.222849888000000007e+01 9.009272550000000379e+00 1.401418272000000087e+01
1.190111311000000072e+01 8.249937960000000459e+00 1.247624908000000055e+01
1.004559852999999947e+01 9.753275580000000389e+00 1.329429836999999992e+01
9.121136419999999134e+00 6.878073640000000211e+00 1.304370023999999972e+01
8.177479290000000844e+00 8.258020359999999727e+00 1.269227200999999994e+01
9.596379699999999957e+00 7.872712289999999946e+00 1.168213100000000004e+01
1.116607622999999982e+01 8.800484660000000403e+00 1.632701699000000062e+01
1.042920349000000080e+01 1.029695414000000042e+01 1.565809136000000024e+01
9.854590399999999306e+00 9.433603420000000739e+00 1.811968127000000095e+01
7.648852630000000374e+00 1.060047658000000048e+01 1.643904935000000123e+01
7.868602499999999722e+00 1.073237643999999946e+01 1.816099592000000129e+01
9.005488749999999598e+00 1.153218494000000049e+01 1.705365390000000048e+01
8.487685250000000181e+00 7.883978469999999739e+00 1.632044803000000144e+01
8.568398809999999699e+00 3.181633510000000165e+00 1.786423708999999960e+01
7.369503639999999578e+00 2.481087259999999795e+00 1.820472582000000017e+01
6.225796579999999913e+00 2.918778189999999828e+00 1.726027389000000056e+01
5.655752800000000136e+00 4.312533949999999727e+00 1.760561424999999858e+01
6.689827260000000386e+00 3.005951019999999918e+00 1.589834893999999998e+01
7.129368870000000413e+00 1.766207690000000108e+00 1.529107033000000015e+01
7.403927559999999630e+00 1.943113990000000069e+00 1.377406524000000054e+01
6.313052149999999862e+00 1.316603860000000070e+00 1.286537882999999916e+01
7.495151990000000097e+00 3.334391740000000048e+00 1.345731355999999934e+01
8.395294010000000640e+00 3.516830859999999781e+00 1.693199807999999962e+01
7.517146330000000098e+00 1.401402870000000078e+00 1.812003763999999961e+01
7.116047299999999964e+00 2.698430640000000214e+00 1.927510284665059714e+01
5.422099420000000336e+00 2.198941660000000020e+00 1.734651751000000175e+01
6.441612659999999657e+00 5.044167850000000008e+00 1.764797516000000144e+01
4.934587350000000150e+00 4.647039350000000013e+00 1.686976042999999947e+01
5.101134899999999917e+00 4.312375590000000258e+00 1.856935904999999920e+01
8.069903710000000174e+00 1.454499610000000054e+00 1.577710002000000067e+01
6.387278819999999691e+00 9.741833099999999135e-01 1.545942969000000033e+01
8.362933809999999468e+00 1.428252950000000077e+00 1.356520483999999982e+01
5.354310779999999603e+00 1.820863319999999952e+00 1.299596906000000018e+01
6.573221529999999646e+00 1.434582180000000040e+00 1.179709238999999954e+01
6.184307239999999872e+00 2.700801799999998920e-01 1.310310843000000069e+01
7.139075440000000050e+00 3.790389300000000183e+00 1.426416616000000026e+01
6.216019099999998687e-01 1.476004139999999687e+00 1.999938420000000106e+00
1.818262199999999940e+00 1.330098950000000002e+00 2.761574060000000053e+00
2.867777859999999901e+00 2.317784790000000150e+00 2.193921990000000211e+00
3.438722610000000124e+00 1.820252559999999908e+00 8.490072399999999408e-01
2.223069429999999791e+00 3.582939989999999852e+00 1.918625990000000003e+00
1.782785749999999947e+00 4.356670000000000265e+00 3.052370550000000016e+00
1.207791440000000049e+00 5.701458900000000440e+00 2.565695170000000136e+00
2.300887429999999956e+00 6.745738399999999579e+00 2.240474519999999803e+00
4.673771600000000692e-01 5.469116699999999831e+00 1.363721259999999935e+00
6.768775499999999390e-01 2.378989869999999840e+00 1.615084289999999978e+00
1.643883210000000039e+00 1.551921069999999681e+00 3.800117320000000021e+00
2.198807589999999923e+00 2.879848499999999589e-01 2.708016680000000065e+00
3.669656690000000054e+00 2.418448829999999994e+00 2.931419110000000217e+00
2.654102659999999947e+00 1.723819900000000072e+00 7.043017000000006966e-02
4.205031560000000113e+00 2.526057620000000004e+00 4.499104800000000015e-01
3.916371020000000147e+00 8.526072000000000095e-01 9.949359500000000134e-01
9.726912899999999862e-01 3.809055760000000124e+00 3.579111199999999826e+00
2.600580840000000116e+00 4.499751820000000180e+00 3.754202240000000135e+00
5.702621100000000443e-01 6.113642620000000250e+00 3.369324849999999927e+00
2.969048229999999844e+00 6.375596159999999735e+00 1.466238240000000026e+00
1.842989159999999904e+00 7.698299160000000363e+00 1.895274990000000104e+00
2.931610300000000002e+00 6.950520489999999718e+00 3.136219210000000146e+00
1.087615640000000106e+00 4.954545160000000337e+00 8.347338100000001315e-01
1.399571068999999923e+01 -4.206101665059458483e-02 3.645149669999999897e+00
1.415994092000000038e+01 1.175307679999999966e+00 4.384645110000000123e+00
1.393439169000000000e+01 2.404051850000000101e+00 3.468263170000000173e+00
1.485014892999999958e+01 2.413711759999999984e+00 2.241645730000000114e+00
1.256988856000000077e+01 2.440527850000000054e+00 2.973934069999999874e+00
1.158708151000000086e+01 2.819470439999999911e+00 3.962257329999999911e+00
1.022152237999999969e+01 3.028927089999999822e+00 3.295439800000000030e+00
1.024385101000000020e+01 4.013936099999999563e+00 2.114845809999999826e+00
9.712594909999999970e+00 1.789576880000000036e+00 2.832851100000000066e+00
1.307987593000000004e+01 5.301719999999843225e-03 3.238399960000000188e+00
1.348195158999999954e+01 1.180958930000000073e+00 5.218420179999999853e+00
1.516216361000000035e+01 1.219642949999999892e+00 4.792060359999999797e+00
1.412838488000000048e+01 3.325010450000000173e+00 4.032937709999999676e+00
1.461862233999999994e+01 1.599846380000000012e+00 1.604840849999999985e+00
1.473486343000000076e+01 3.341667240000000039e+00 1.654484339999999998e+00
1.591802827000000065e+01 2.347759659999999915e+00 2.507646859999999922e+00
1.152211497999999956e+01 2.057335950000000135e+00 4.745727119999999744e+00
1.189747784000000053e+01 3.781029059999999831e+00 4.422853579999999951e+00
9.585191919999999755e+00 3.445356540000000134e+00 4.056306929999999866e+00
1.070341718000000064e+01 3.559238140000000161e+00 1.255307610000000018e+00
9.234938689999999895e+00 4.275399229999999662e+00 1.821692459999999958e+00
1.080363052999999951e+01 4.926773139999999884e+00 2.398316760000000158e+00
1.023081735999999964e+01 1.555749829999999889e+00 2.021605220000000092e+00
7.760922479999999624e+00 7.195242150000000336e+00 7.220436180000000093e+00
6.996320080000000274e+00 8.368429649999999498e+00 7.457553449999999806e+00
5.738953320000000247e+00 8.391443239999999193e+00 6.550747399999999665e+00
6.085984179999999633e+00 8.478676880000000082e+00 5.048094670000000228e+00
4.989747839999999712e+00 7.179952169999999967e+00 6.750814400000000326e+00
4.158194540000000217e+00 7.148979859999999853e+00 7.927836000000000105e+00
3.319177090000000163e+00 5.847302459999999869e+00 7.908029919999999713e+00
2.096802990000000033e+00 5.944896019999999837e+00 6.986243100000000261e+00
4.143672070000000041e+00 4.799716639999999757e+00 7.435749200000000059e+00
7.136560489999999923e+00 6.454083619999999577e+00 7.061410580000000436e+00
6.693199449999999828e+00 8.410740029999999479e+00 8.476310099999999181e+00
7.594793600000000033e+00 9.254797460000000697e+00 7.260489930000000314e+00
5.135315270000000432e+00 9.247735529999999926e+00 6.825470939999999764e+00
6.854315719999999779e+00 7.775384319999999683e+00 4.792793170000000380e+00
5.190215219999999796e+00 8.278956230000000360e+00 4.403462799999999788e+00
6.458935170000000170e+00 9.515194960000000535e+00 4.847083060000000110e+00
4.769792169999999665e+00 7.179130609999999635e+00 8.837518830000000492e+00
3.492728000000000055e+00 8.011425020000000785e+00 7.920411139999999683e+00
2.961171069999999794e+00 5.601821260000000358e+00 8.939085439999999494e+00
2.393541120000000078e+00 6.222523319999999636e+00 5.973509830000000242e+00
1.538000939999999872e+00 4.987327470000000318e+00 6.961277960000000320e+00
1.405086489999999966e+00 6.688106420000000440e+00 7.320093599999999867e+00
4.691478530000000369e+00 5.220477340000000410e+00 6.776353369999999821e+00
1.119602783000000024e+01 1.166582947999999931e+01 4.578731150000000305e+00
1.168688882999999912e+01 1.252303558000000017e+01 5.611029489999999953e+00
1.070531882000000046e+01 1.249190188999999940e+01 6.791716730000000091e+00
9.360575089999999321e+00 1.319406928999999984e+01 6.449633050000000090e+00
1.038528718000000062e+01 1.111804919999999974e+01 7.125111300000000369e+00
1.149346494000000085e+01 1.031382965000000063e+01 7.590376799999999591e+00
1.102245399000000070e+01 8.855103050000000309e+00 7.791939359999999759e+00
1.019980544999999950e+01 8.656867849999999365e+00 9.060103149999999772e+00
1.024711849000000008e+01 8.426282520000000886e+00 6.640761989999999670e+00
1.064901155000000088e+01 1.102684844999999925e+01 5.074670280000000311e+00
1.264209518000000010e+01 1.219462895000000024e+01 5.941779640000000029e+00
1.182534607000000015e+01 1.353894782000000063e+01 5.221742790000000412e+00
1.115588215000000005e+01 1.300261985000000031e+01 7.650490829999999853e+00
8.921048380000000222e+00 1.277609784999999931e+01 5.506041520000000133e+00
8.626522680000000776e+00 1.303093102000000059e+01 7.244374510000000100e+00
9.504689430000000883e+00 1.425106025000000010e+01 6.349610300000000151e+00
1.230355647999999924e+01 1.029109446000000005e+01 6.866956130000000158e+00
1.191478367999999932e+01 1.071131085000000027e+01 8.532477809999999607e+00
1.187922187000000029e+01 8.201654879999999537e+00 7.882870650000000090e+00
9.276398609999999323e+00 9.253029740000000558e+00 9.066469279999999742e+00
9.935558130000000432e+00 7.597699060000000060e+00 9.178093660000000042e+00
1.080811205000000008e+01 8.942745070000000851e+00 9.926000309999999160e+00
9.455413460000000825e+00 7.956490780000000207e+00 6.995710279999999948e+00
6.708450319999999856e+00 1.193894848999999958e+01 2.723279629999999951e+00
6.959034619999999727e+00 1.290190343000000084e+01 1.699205550000000065e+00
5.758078809999999770e+00 1.387075568000000025e+01 1.609578600000000081e+00
4.531290819999999719e+00 1.325841984999999923e+01 9.255016099999999746e-01
5.362146649999999681e+00 1.421932196000000026e+01 2.936822129999999920e+00
6.268007830000000169e+00 1.508805221999999979e+01 3.673889239999999834e+00
5.725345660000000336e+00 1.534064292999999957e+01 5.094480609999999743e+00
4.854265360000000307e+00 1.660976571999999862e+01 5.240463939999999710e+00
4.955190140000000021e+00 1.419597328999999952e+01 5.502637649999999603e+00
6.080124119999999799e+00 1.236402419000000030e+01 3.349083620000000039e+00
7.865711619999999904e+00 1.348350596000000046e+01 1.951008979999999893e+00
7.140930230000000378e+00 1.240461997000000061e+01 7.196755100000000738e-01
6.074947039999999632e+00 1.477747394999999919e+01 1.060486440000000030e+00
4.123961920000000170e+00 1.239907204999999912e+01 1.502711279999999983e+00
3.716104510000000083e+00 1.396819711999999925e+01 7.961586899999999467e-01
4.782423879999999627e+00 1.288120482999999972e+01 -7.839859665059689675e-02
7.235686020000000163e+00 1.464133647000000060e+01 3.747046899999999958e+00
6.380707819999999586e+00 1.603570017999999919e+01 3.154370940000000179e+00
6.565058940000000121e+00 1.544995746999999930e+01 5.758840339999999891e+00
3.905961660000000002e+00 1.650437073999999882e+01 4.715433970000000308e+00
4.651768299999999634e+00 1.678915742999999949e+01 6.291375140000000421e+00
5.370729039999999621e+00 1.749232196999999900e+01 4.828819639999999858e+00
4.544774809999999832e+00 1.387510596000000085e+01 4.654097130000000249e+00
7.247629289999999891e+00 1.346547422000000083e+01 1.401108724000000016e+01
8.161757250000000852e+00 1.240313603999999970e+01 1.374866109999999964e+01
7.580895349999999588e+00 1.133374047999999945e+01 1.277314688000000054e+01
6.466613869999999764e+00 1.050039471999999918e+01 1.340790587000000045e+01
7.036811440000000140e+00 1.197061251000000048e+01 1.161159222999999940e+01
7.961305870000000340e+00 1.253022336000000081e+01 1.067769082000000047e+01
7.177876200000000040e+00 1.341276446000000000e+01 9.680230520000000283e+00
6.242683579999999566e+00 1.257912589000000025e+01 8.764583560000000162e+00
6.381176990000000160e+00 1.433483947999999941e+01 1.043181210000000014e+01
6.456350930000000155e+00 1.313181651999999922e+01 1.451073185999999993e+01
9.044871170000000404e+00 1.279734344000000057e+01 1.331665996999999990e+01
8.437465070000000011e+00 1.190702661999999989e+01 1.467308672999999963e+01
8.372241779999999522e+00 1.066812250000000084e+01 1.246547443999999949e+01
5.715538569999999652e+00 1.110822843999999954e+01 1.385002219999999973e+01
6.006367899999999871e+00 9.843299540000000292e+00 1.264901180999999930e+01
6.899362189999999728e+00 9.861503409999999192e+00 1.420863570000000031e+01
8.713399060000000418e+00 1.319241071999999981e+01 1.122168279999999996e+01
8.498139600000000016e+00 1.173111450999999938e+01 1.012619325000000003e+01
7.851870390000000199e+00 1.395817856999999940e+01 9.067283290000000662e+00
5.515028499999999667e+00 1.203831955999999970e+01 9.348305420000000865e+00
5.699488460000000423e+00 1.323162744999999951e+01 8.083996389999999366e+00
6.793430319999999689e+00 1.185546721999999953e+01 8.184446019999999322e+00
6.343380609999999642e+00 1.392862236000000031e+01 1.134506129000000030e+01
1.030731334000000032e+01 1.033197780000000066e+00 1.870447001999999870e+01
1.173060682999999926e+01 1.211541650000000025e+00 1.856672557999999995e+01
1.208374008999999916e+01 2.077213469999999784e+00 1.730371150999999941e+01
1.130829871999999980e+01 1.665979129999999975e+00 1.604615086000000090e+01
1.176288038999999941e+01 3.452973399999999859e+00 1.753027918000000085e+01
1.273095164000000068e+01 4.203113819999999556e+00 1.829704584999999994e+01
1.248344406000000006e+01 5.700391169999999619e+00 1.802860726999999841e+01
1.327372654000000018e+01 6.193083569999999760e+00 1.679832714000000138e+01
1.109756368000000037e+01 5.877788299999999744e+00 1.776327570999999850e+01
9.908632470000000581e+00 1.894059429999999988e+00 1.843985384999999866e+01
1.212336157000000014e+01 1.727691869999999907e+00 1.946682985665059817e+01
1.221274423000000020e+01 2.413872900000000321e-01 1.849136095000000068e+01
1.315836454000000089e+01 1.950733940000000111e+00 1.709951075000000031e+01
1.022058621000000045e+01 1.919381409999999955e+00 1.615119500999999858e+01
1.171768989000000083e+01 2.204187070000000137e+00 1.516886453999999951e+01
1.143270434999999985e+01 5.874538899999999231e-01 1.587234293999999934e+01
1.263927480000000081e+01 3.984579720000000158e+00 1.939125298665059560e+01
1.374393770000000004e+01 3.955083870000000168e+00 1.796670218999999946e+01
1.276832573999999987e+01 6.264580060000000117e+00 1.891544452999999848e+01
1.300196174000000049e+01 5.624660510000000002e+00 1.590871723000000060e+01
1.310451736999999994e+01 7.254329730000000254e+00 1.661210625000000007e+01
1.432727234999999943e+01 6.069544289999999620e+00 1.694028241999999906e+01
1.080323974000000042e+01 4.931476700000000157e+00 1.759050236999999939e+01
1.817850406000000163e+01 5.434639999999999915e+00 6.040395710000000307e+00
1.746566366000000059e+01 4.744732019999999828e+00 5.012626179999999820e+00
1.717728758000000155e+01 3.301175629999999916e+00 5.449374330000000377e+00
1.838507557000000148e+01 2.346342850000000091e+00 5.417051169999999694e+00
1.670136382000000097e+01 3.315654819999999781e+00 6.808559930000000371e+00
1.530357346999999990e+01 3.615048579999999845e+00 6.955222390000000310e+00
1.496844946000000043e+01 3.633233600000000063e+00 8.454914219999999148e+00
1.569150265000000033e+01 2.537987579999999799e+00 9.274567790000000755e+00
1.526651273999999958e+01 4.907702819999999910e+00 8.966107250000000306e+00
1.786771047999999951e+01 5.019834900000000211e+00 6.865413479999999957e+00
1.652702946000000139e+01 5.263596790000000247e+00 4.818213199999999752e+00
1.806270269999999911e+01 4.735116930000000224e+00 4.048359800000000064e+00
1.642220054999999945e+01 2.885543849999999910e+00 4.762502229999999948e+00
1.921688436665059641e+01 2.733066319999999827e+00 6.000452479999999866e+00
1.813065083000000044e+01 1.366324709999999998e+00 5.805350950000000232e+00
1.872238335000000120e+01 2.195133080000000181e+00 4.387805809999999695e+00
1.502402191999999914e+01 4.574861870000000330e+00 6.484149740000000328e+00
1.469087932999999957e+01 2.825277949999999816e+00 6.484267069999999578e+00
1.390372059000000071e+01 3.445467190000000013e+00 8.575597050000000721e+00
1.677386390999999932e+01 2.709173910000000074e+00 9.315539349999999885e+00
1.524757767999999913e+01 2.515876640000000108e+00 1.029981408000000087e+01
1.554125121000000043e+01 1.540402000000000049e+00 8.803068469999999479e+00
1.621759559999999922e+01 4.886281369999999846e+00 9.168847380000000769e+00
1.200011113000000051e+01 3.320503319999999814e+00 7.063033660000000324e+00
1.081999199999999917e+01 2.735392189999999779e+00 7.580867979999999839e+00
1.110681944000000065e+01 2.070493990000000117e+00 8.958966930000000772e+00
1.220980385000000012e+01 9.973641500000001159e-01 8.901794980000000024e+00
1.160199163999999961e+01 3.073845260000000135e+00 9.881516910000000209e+00
1.063174708999999929e+01 4.013099740000000359e+00 1.036258276999999950e+01
1.129448765999999971e+01 4.831554449999999612e+00 1.148165310999999988e+01
1.188863315000000043e+01 3.963945289999999844e+00 1.260262771000000015e+01
1.230642716000000014e+01 5.665269239999999762e+00 1.089489230000000042e+01
1.241094161999999912e+01 3.816493200000000030e+00 7.812169700000000105e+00
1.003118397000000073e+01 3.474578070000000185e+00 7.732368160000000046e+00
1.041019780999999966e+01 1.978803120000000026e+00 6.874128419999999906e+00
1.018047965999999960e+01 1.596162190000000036e+00 9.331056179999999145e+00
1.318375540000000079e+01 1.389139150000000100e+00 9.149683019999999445e+00
1.198507151999999998e+01 1.850051200000000229e-01 9.613668009999999597e+00
1.223995709000000076e+01 5.664521499999999321e-01 7.863522670000000048e+00
1.031705342000000059e+01 4.704968860000000141e+00 9.552763179999999466e+00
9.745361559999999201e+00 3.497614529999999888e+00 1.074531473999999953e+01
1.050345382999999977e+01 5.469826770000000060e+00 1.192353909000000023e+01
1.262509934000000023e+01 3.290057519999999958e+00 1.221736169000000061e+01
1.237649876999999954e+01 4.570092660000000251e+00 1.335926465000000007e+01
1.109574742000000036e+01 3.380349299999999779e+00 1.308475598000000062e+01
1.283569433999999987e+01 5.075237790000000082e+00 1.040112577000000016e+01
4.491377700000001028e-01 9.022366200000000447e+00 1.074113129999999927e+01
1.530732149999999958e+00 8.715921070000000270e+00 9.861831340000000168e+00
2.773190549999999810e+00 9.583194889999999688e+00 1.021429621999999959e+01
2.606045139999999982e+00 1.100638600999999994e+01 9.672688799999999532e+00
2.877120249999999935e+00 9.669538620000000861e+00 1.163972715000000058e+01
3.321140799999999782e+00 8.478592689999999266e+00 1.232925937000000083e+01
2.757929600000000203e+00 8.490307259999999800e+00 1.377006420000000020e+01
3.532715220000000045e+00 9.354353529999999139e+00 1.477415388000000007e+01
1.417643420000000098e+00 8.951306360000000240e+00 1.368734423000000078e+01
-2.613882665059907850e-02 9.839340390000000269e+00 1.033389788999999936e+01
1.791656310000000030e+00 7.647494469999999822e+00 9.981368610000000530e+00
1.255597010000000013e+00 8.841019740000000127e+00 8.812052559999999701e+00
3.659636579999999917e+00 9.136493559999999903e+00 9.754583170000000081e+00
1.660798919999999956e+00 1.146427833999999990e+01 1.007140537000000080e+01
3.455555389999999782e+00 1.162520145999999954e+01 1.002740591000000059e+01
2.564432070000000063e+00 1.103594093999999970e+01 8.605061179999999865e+00
2.927182950000000172e+00 7.594658790000000437e+00 1.181264645999999985e+01
4.406373730000000322e+00 8.451000360000000100e+00 1.229683482999999988e+01
2.744321719999999853e+00 7.475447120000000112e+00 1.414254936999999934e+01
3.485236389999999851e+00 1.042793516000000054e+01 1.452079943000000029e+01
3.102625540000000015e+00 9.213655530000000482e+00 1.573369933999999937e+01
4.586854419999999877e+00 9.069292389999999315e+00 1.483139517999999946e+01
1.340133589999999986e+00 9.288197540000000529e+00 1.278031645999999988e+01
1.366239670000000039e+01 1.264004878999999981e+01 1.644311082000000113e+01
1.293783636999999942e+01 1.171353870000000086e+01 1.563842370999999964e+01
1.189475578999999961e+01 1.244382225999999925e+01 1.472026821999999946e+01
1.117590030999999939e+01 1.358283540999999950e+01 1.542929153999999947e+01
1.252893760000000078e+01 1.294025755000000011e+01 1.354391406999999958e+01
1.262400309999999948e+01 1.198100986999999940e+01 1.246008394999999958e+01
1.372677868000000068e+01 1.240854835999999928e+01 1.146696511000000029e+01
1.321183474000000047e+01 1.317735799000000085e+01 1.025920660999999967e+01
1.469976265999999931e+01 1.322954028000000015e+01 1.213023349000000017e+01
1.412041366000000053e+01 1.327107816999999912e+01 1.582534058999999971e+01
1.363529398999999920e+01 1.110011438999999989e+01 1.501581116000000016e+01
1.240868623999999976e+01 1.102509822999999933e+01 1.632058035000000018e+01
1.112564760999999969e+01 1.169163205000000083e+01 1.440111643999999913e+01
1.183569778999999933e+01 1.449240207999999974e+01 1.554278365999999956e+01
1.026979955000000011e+01 1.385145825999999936e+01 1.489556409999999964e+01
1.084980046000000087e+01 1.330881783000000063e+01 1.644568480999999949e+01
1.293850935000000035e+01 1.099370535000000082e+01 1.285040539000000059e+01
1.167569662999999913e+01 1.185045983000000014e+01 1.195527212000000006e+01
1.420618355000000044e+01 1.148716119000000013e+01 1.110537249999999965e+01
1.279950172999999936e+01 1.414197775000000057e+01 1.059491172999999975e+01
1.401471517999999961e+01 1.334962196999999939e+01 9.535687669999999727e+00
1.239894289000000072e+01 1.260855351999999918e+01 9.772802199999999218e+00
1.420690487999999974e+01 1.356952809999999943e+01 1.291219247000000081e+01
