Run semi-empirical minimization
 &qmmm
  qm_theory='AM1', grms_tol=0.05, scfconv=1.d-10, ndiis_attempts=700,   qmcharge=0,
 /
   6     C        2.0820        4.9040       -0.0380 
   6    C1        3.4120        4.1470       -0.1160 
   8     O        3.9680        3.8070        1.1560 
   6    C2        3.1810        2.9620        2.0000 
   6    C3        2.8180        1.6120        1.3710 
   8    O1        2.3490        0.6290        2.2930 
   6    C4        1.1750        0.9400        3.0400 
   6    C5       -0.0990        1.0870        2.2000 
   8    O2       -1.2940        1.0480        2.9870 
   6    C6       -1.4760        2.1860        3.8260 
   6    C7       -2.8550        2.1280        4.4820 
   8    O3       -3.0250        3.2000        5.4040 
   8    O4        2.1860        6.0890        0.7440 
   1     H        1.2990        4.2860        0.4070 
   1    H1        1.7570        5.1880       -1.0440 
   1    H2        3.3150        3.2500       -0.7330 
   1    H3        4.1540        4.7900       -0.6000 
   1    H4        3.7690        2.7860        2.9080 
   1    H5        2.2860        3.5010        2.3270 
   1    H6        2.0870        1.7340        0.5660 
   1    H7        3.7150        1.1940        0.8980 
   1    H8        1.0280        0.1160        3.7470 
   1    H9        1.3500        1.8280        3.6550 
   1   H10       -0.0800        2.0060        1.6030 
   1   H11       -0.1570        0.2570        1.4860 
   1   H12       -0.7080        2.2040        4.6060 
   1   H13       -1.3840        3.1100        3.2430 
   1   H14       -3.6370        2.2030        3.7200 
   1   H15       -3.0080        1.1770        5.0030 
   1   H16       -2.6970        2.8950        6.2660 
   1   H17        3.0750        6.4610        0.6120 

