Run semi-empirical minimization
 &qmmm
  qm_theory='AM1', grms_tol=0.05, scfconv=1.d-10, ndiis_attempts=700,   qmcharge=0,
 /
   6     C        1.1350       -1.5030        2.0170 
   6    C1        0.5710       -0.2240        1.4150 
   6    C2        0.9960        1.0100        2.2150 
   6    C3        0.4750        2.3380        1.6300 
   6    C4       -1.0530        2.4050        1.5910 
   6    C5        1.0160        3.5140        2.4470 
   1     H        2.2300       -1.4980        1.9970 
   1    H1        0.7900       -2.3710        1.4460 
   1    H2        0.8100       -1.6270        3.0540 
   1    H3        0.9100       -0.1310        0.3780 
   1    H4       -0.5200       -0.3100        1.3970 
   1    H5        0.6560        0.9070        3.2530 
   1    H6        2.0930        1.0460        2.2470 
   1    H7        0.8500        2.4400        0.6030 
   1    H8       -1.4800        2.2570        2.5880 
   1    H9       -1.3880        3.3790        1.2200 
   1   H10       -1.4700        1.6460        0.9230 
   1   H11        2.1110        3.5160        2.4540 
   1   H12        0.6830        4.4680        2.0240 
   1   H13        0.6710        3.4670        3.4860 

