Run semi-empirical minimization
 &qmmm
  qm_theory='AM1', grms_tol=0.05, scfconv=1.d-10, ndiis_attempts=700,   qmcharge=0,
 /
   8     O       -0.1670       -7.1170       -0.9110 
   6     C        0.7960       -6.9230        0.1180 
   6    C1        2.0160       -7.8570       -0.0010 
   6    C2        1.5180       -9.3040       -0.1190 
   8    O1        2.8720       -7.6410       -1.1340 
   6    C3        3.4290       -6.3500       -1.4020 
   6    C4        4.4900       -5.7790       -0.4270 
   6    C5        5.6920       -6.7230       -0.2840 
   8    O2        5.1010       -4.5460       -0.8580 
   6    C6        4.2940       -3.4360       -1.2260 
   6    C7        3.5700       -2.7300       -0.0700 
   6    C8        4.5720       -2.0840        0.8990 
   8    O3        2.7280       -1.6590       -0.5240 
   6    C9        1.5050       -2.0030       -1.1810 
   6   C10        0.4690       -2.7370       -0.3050 
   6   C11        0.3180       -2.1700        1.1000 
   8    O4       -0.8050       -3.0050       -0.8990 
   6   C12       -1.5210       -2.0100       -1.6360 
   6   C13       -2.6310       -1.2620       -0.8650 
   6   C14       -2.1720       -0.0850       -0.0230 
   8    O5       -3.7310       -0.8890       -1.7280 
   6   C15       -3.6250        0.2530       -2.5930 
   6   C16       -2.9260       -0.0330       -3.9400 
   6   C17       -3.7920       -0.9570       -4.8050 
   8    O6       -2.6840        1.1300       -4.7420 
   6   C18       -1.7780        2.1150       -4.2500 
   6   C19       -0.3100        1.6680       -4.0850 
   6   C20        0.2470        1.0540       -5.3680 
   8    O7        0.5660        2.7570       -3.7530 
   6   C21        0.3350        3.4330       -2.5180 
   6   C22        0.5040        2.5660       -1.2640 
   6   C23        1.8890        1.9520       -1.1360 
   8    O8        0.2100        3.3510       -0.1100 
   1     H        0.5050        2.8590        0.6760 
   1    H1        0.2550       -6.8920       -1.7580 
   1    H2        1.0970       -5.8750        0.1090 
   1    H3        0.2830       -7.1120        1.0680 
   1    H4        2.6230       -7.7610        0.9070 
   1    H5        1.0090       -9.4700       -1.0750 
   1    H6        2.3600      -10.0020       -0.0880 
   1    H7        0.8330       -9.5620        0.7080 
   1    H8        3.9070       -6.4470       -2.3840 
   1    H9        2.6130       -5.6400       -1.5480 
   1   H10        4.0510       -5.6300        0.5630 
   1   H11        6.2490       -6.7870       -1.2280 
   1   H12        6.4030       -6.3160        0.4470 
   1   H13        5.4100       -7.7300        0.0290 
   1   H14        4.9790       -2.7070       -1.6910 
   1   H15        3.6160       -3.7150       -2.0380 
   1   H16        2.9800       -3.4460        0.5050 
   1   H17        4.1140       -1.2490        1.4420 
   1   H18        4.9390       -2.8110        1.6290 
   1   H19        5.4400       -1.6710        0.3710 
   1   H20        1.0860       -1.0460       -1.5080 
   1   H21        1.7060       -2.5650       -2.0990 
   1   H22        0.8800       -3.7390       -0.1520 
   1   H23       -0.6850       -2.3550        1.4980 
   1   H24        1.0350       -2.6370        1.7830 
   1   H25        0.5240       -1.0970        1.1240 
   1   H26       -0.8490       -1.3350       -2.1630 
   1   H27       -2.0310       -2.5880       -2.4180 
   1   H28       -3.0590       -1.9860       -0.1620 
   1   H29       -1.8140        0.7360       -0.6290 
   1   H30       -2.9980        0.3000        0.5880 
   1   H31       -1.3550       -0.3350        0.6600 
   1   H32       -4.6570        0.5660       -2.8050 
   1   H33       -3.1930        1.1050       -2.0710 
   1   H34       -1.9770       -0.5370       -3.7750 
   1   H35       -4.3690       -0.3930       -5.5460 
   1   H36       -3.1480       -1.6440       -5.3660 
   1   H37       -4.4840       -1.5660       -4.2150 
   1   H38       -1.8020        2.9430       -4.9700 
   1   H39       -2.1710        2.5380       -3.3230 
   1   H40       -0.2300        0.9040       -3.3060 
   1   H41        1.3230        1.2500       -5.4720 
   1   H42        0.0990       -0.0290       -5.3830 
   1   H43       -0.2370        1.4680       -6.2610 
   1   H44        1.0480        4.2640       -2.4720 
   1   H45       -0.6510        3.9090       -2.5260 
   1   H46       -0.2190        1.7540       -1.2950 
   1   H47        2.6450        2.7210       -0.9490 
   1   H48        1.9150        1.2690       -0.2780 
   1   H49        2.1650        1.3840       -2.0290 

