Run semi-empirical minimization
 &qmmm
  qm_theory='AM1', grms_tol=0.05, scfconv=1.d-10, ndiis_attempts=700,   qmcharge=0,
 /
   6     C       -1.4200        0.3280       -0.2240 
   6    C1       -0.9910       -1.0630        0.2340 
   6    C2        0.4250       -1.3910       -0.2310 
   6    C3        1.4200       -0.3280        0.2260 
   6    C4        0.9970        1.0650       -0.2310 
   6    C5       -0.4240        1.3960        0.2230 
   1     H       -1.5040        0.3430       -1.3180 
   1    H1       -2.4140        0.5590        0.1760 
   1    H2       -1.0360       -1.1160        1.3280 
   1    H3       -1.6910       -1.8130       -0.1530 
   1    H4        0.7250       -2.3710        0.1570 
   1    H5        0.4440       -1.4600       -1.3260 
   1    H6        1.4970       -0.3470        1.3210 
   1    H7        2.4170       -0.5590       -0.1670 
   1    H8        1.6930        1.8120        0.1650 
   1    H9        1.0520        1.1220       -1.3240 
   1   H10       -0.7230        2.3710       -0.1780 
   1   H11       -0.4470        1.4780        1.3170 

