0.0 0.07446662066260094 0.1063524633219293
1.0 0.003071440295700865 0.05527415217662384
2.0 0.002762518958401675 0.052443646742457606
3.0 0.002091687759535229 0.045491789364532256
0.0 0.07446662066260094 0.1063524633219293
1.0 0.003071440295700865 0.05527415217662384
2.0 0.002762518958401675 0.052443646742457606
3.0 0.002091687759535229 0.045491789364532256
0.0 0.030459289639631088 0.08555030096386372
1.0 0.00304792652631087 0.05505228766788346
2.0 0.002001436804416049 0.044472766034503855
3.0 0.0015534413113138207 0.03928077002082395
0.0 0.016241809065572203 0.08931087305955843
1.0 0.003192000092635031 0.0563629886551165
2.0 0.0029215069055551013 0.05393285065257528
3.0 0.0025886501289278385 0.050760850892168786
0.0 0.011172843427889998 0.07932609270661575
1.0 0.002976136895345657 0.0544447093475546
2.0 0.002730904319443133 0.05216242951151816
3.0 0.002071332212575986 0.04528038098115226
0.0 0.011172843427889998 0.07932609270661575
1.0 0.002976136895345657 0.0544447093475546
2.0 0.002730904319443133 0.05216242951151816
3.0 0.002071332212575986 0.04528038098115226
0.0 0.011172843427889998 0.07932609270661575
1.0 0.002976136895345657 0.0544447093475546
2.0 0.002730904319443133 0.05216242951151816
3.0 0.002071332212575986 0.04528038098115226
0.0 0.011172843427889998 0.07932609270661575
1.0 0.002976136895345657 0.0544447093475546
2.0 0.002730904319443133 0.05216242951151816
0.0 0.011172843427889998 0.07932609270661575
1.0 0.002976136895345657 0.0544447093475546
2.0 0.002730904319443133 0.05216242951151816
3.0 0.002071332212575986 0.04528038098115226
