Run semi-empirical minimization
 &qmmm
  qm_theory='AM1', grms_tol=0.05, scfconv=1.d-10, ndiis_attempts=700,   qmcharge=0,
 /
   6     C       -1.8480       -0.0010        0.0410 
   6    C1       -1.1490        1.2030        0.0180 
   6    C2        0.2490        1.2000       -0.0200 
   6    C3        0.9610       -0.0030        0.0020 
   6    C4        0.2480       -1.2030       -0.0210 
   6    C5       -1.1500       -1.2060        0.0160 
   7     N        2.3490       -0.0030       -0.1880 
   1     H       -2.9350       -0.0010        0.0560 
   1    H1       -1.6880        2.1460        0.0120 
   1    H2        0.7770        2.1480       -0.0730 
   1    H3        0.7750       -2.1520       -0.0760 
   1    H4       -1.6900       -2.1480        0.0090 
   1    H5        2.8070       -0.8470        0.1400 
   1    H6        2.8070        0.8400        0.1420 

