# index dipole_x dipole_y dipole_z 
#UNITCELL[Ang] 12.9116 0 0 0 12.9116 0 0 0 12.9116
#TEMPERATURE[K] 300
#TIMESTEP[fs] 0.242
    0        -11.4988          4.4162         12.7381
    1         7.73684        -13.1498         8.81983
    2        -5.64206        -4.16228         21.3391
    3        -7.98506        -14.9871         5.61875
    4         2.79717          6.9458         14.5116
    5        -7.91244         18.1145       -0.683359
    6        -17.8022         23.9735         22.5573
    7        -11.0453         7.79124         15.8652
    8         1.05387        -12.8677         28.6659
    9        -1.06236        -13.9008         11.7553
   10         15.6328        -4.03171          9.3801
   11      -0.0983225        -4.30891         19.8022
   12         10.9122         2.99187         18.0986
   13          12.509         13.4413         26.6252
   14         18.0724         2.39822         25.9994
   15         2.05407        -1.11851         16.1984
   16         2.76292         14.4899         14.6204
   17          28.289         16.3005         11.8859
   18         12.8021         30.5125         18.8484
   19         3.60194         18.7652         3.64693
   20        -11.5594         25.3053         -4.6143
   21        -6.30533         14.5995       -0.548687
   22        -13.1142         17.5433         -17.208
   23        -6.16693         27.3414      -0.0369646
   24        -13.0343         5.63857        0.715591
   25         6.45286         11.0224        -7.26362
   26         3.59125         17.2117        -1.37353
   27          6.4482         3.25375        0.116392
   28        -2.74332        -2.04308         7.33993
   29          10.027         7.07598         3.60287
   30         15.5971          -2.536         13.6695
   31         16.1053        0.872735          20.217
   32        -5.83498       -0.275918         4.67009
   33        -15.9094        -2.82142         7.46681
   34        -12.8072        -6.79605         13.5099
   35       -0.685961        -10.3037         4.97891
   36        -12.8638        -7.21233          7.9458
   37        -19.2343         15.6985        -1.45633
   38        -18.5845          1.7508         6.90449
   39        -23.2983         12.5587        -1.47555
   40        -23.1831         13.6806        -3.81493
   41        -27.1247        -4.93808        -13.3081
   42        -15.3242        -8.28938        -19.2588
   43        -17.7895        -2.70756        -16.8854
   44        -10.8137        -10.0998        -3.54807
   45         -23.307         -12.643        -2.57307
   46        -23.7846        -12.4663          5.4964
   47        -20.6212        -21.9627         3.37565
   48        -20.2151        -20.1809         8.11844
   49        -17.9224        -10.1616       -0.112702
   50        -18.8149        -8.66572         2.60025
   51        -12.7009        -1.06669        -7.33713
   52        -21.0437         0.63307        -13.5737
   53         -20.929         3.85699        -10.0971
   54        -27.7766        -5.28586        -10.5833
   55        -22.0806         2.42225       -0.446603
   56        -12.5547         10.8045        -9.43202
   57           1.202         7.35163        -4.34316
   58         1.99843         9.11738        -5.19621
   59        0.699712         16.9838        -5.43651
   60        -18.0319         14.0229         3.81999
   61        -9.06422         15.8055        -4.58129
   62        -17.0296         15.6325        -11.2355
   63        -12.4924         4.33664        -10.4286
   64        -22.1278         1.02294        -8.39676
   65        -19.2011        -3.62044       -0.447806
   66        -24.2026        -8.80722          3.7093
   67        -23.4317        -15.1463         5.97821
   68        -31.5657        -4.69055         5.67013
   69        -33.8662        -15.0206        -18.4992
   70         -31.562        -11.7086        -30.6658
   71        -24.9627        -16.9969         -24.019
   72        -9.94474        -23.9776         -14.138
   73        -1.67536        -28.9722         1.96461
   74        -17.2025        -16.1664        -15.7374
   75        -8.76973        -17.4594        -20.5975
   76       -0.757926        -8.67387        -14.4754
   77        0.422791         -21.756        -18.5016
   78         -8.9355        -23.1707        -23.1548
   79        -1.37828        -23.7369        -17.4895
   80        -2.42961        -18.9883        -22.5223
   81        -5.77152        -18.5542        -20.6647
   82        -5.13049        -7.81956         -22.518
   83         5.16379        -14.9903        -20.6575
   84         13.2137        -16.7976        -35.0626
   85         2.98544        -13.3101        -28.6613
   86        -1.83489        -5.03574        -30.3347
   87         4.34879        -2.58734        -25.1693
   88         3.23799         -12.158        -30.5926
   89        -3.11401        -6.65891        -33.1928
   90         12.3449        -11.8746        -25.2876
   91         14.2953        -4.18504        -28.3116
   92         22.4282         -15.453        -27.8129
   93         16.5377        -3.81591        -17.2315
   94         11.7147        -13.2982        -15.4224
   95         14.4006         -7.3613        -6.04759
   96         2.64198        -5.67998        -12.8935
   97         18.7178        -10.2884        -9.43633
   98         3.68843        -14.8988        -16.4622
   99         10.8914        -12.7418        -7.21373
  100         1.28036        -13.3428        -7.20862
  101       0.0240934         -17.879        -13.1384
  102         9.19299        -14.8269        -17.4468
  103         14.3909         -14.419        -7.70067
  104         6.40446        -16.0168        -21.5435
  105         1.57557        -19.4451         -31.181
  106        -7.59755        -6.22403        -23.9698
  107        -6.25879        -8.10183        -15.7126
  108        -2.52891        -7.06075        -12.3483
  109         4.36405       -0.492504        -7.79182
  110         17.5747        -5.87926        -9.51569
  111         10.7834       -0.339191        -3.26102
  112         13.0246         5.83321        -4.80542
  113         17.9235         1.06481        -4.84929
  114         4.01722       -0.857751        -7.16477
  115         4.55268         1.87199        -6.35512
  116        -2.30978         5.14211         -10.893
  117         4.06691         4.35371        -16.1121
  118          12.904         12.5286        -27.3567
  119         16.5976          8.5967        -21.2627
  120         12.1507          6.0857        -21.0404
  121         7.04002        -0.84104        -22.4651
  122         3.54995        -7.20702        -24.8752
  123         3.06619        -13.3957        -15.4267
  124         24.2707        -9.86254        -2.12559
  125         22.8018        -5.17252       0.0255064
  126         15.4898        -1.45136          7.1209
  127         14.1934       0.0991769         10.2162
  128         16.7748          7.4975         29.7158
  129         24.6954         9.88012          29.703
  130         9.89436         2.03123          24.658
  131         16.6784         1.89813         16.9675
  132         3.15193         8.83236         12.3266
  133         13.2169         5.67261         7.38384
  134         8.04553        -1.65863         8.80982
  135          9.2659         4.29424         4.35142
  136         1.86589         3.27796         8.75818
  137         7.22008        -7.29915         13.0094
  138         9.87922         5.66592         11.8168
  139        -13.6193         4.41859        -5.47235
  140        -9.23457         3.17914        -14.9147
  141        -7.59342        -1.53562        -19.9064
  142        -21.0929         -4.5577        -28.1842
  143        -23.5045        -14.2408         -23.506
  144        -22.4545        -14.6595        -16.5448
  145        -26.4702        -14.6319        -25.6462
  146        -11.3428        -8.72799        -17.6715
  147        -5.62007        -5.47966          -18.27
  148        -10.9822        -13.0513          -18.45
  149         -10.588        -19.4131        -14.3732
  150        -1.57829        -28.1796        -6.11837
  151        -4.63165        -10.7148        -3.09082
  152         3.42108        -17.9844        -10.4689
  153        -1.00284        -10.8897         4.35872
  154        -16.3912        -6.38468        -21.4338
  155        -5.93663        -12.0305         -11.855
  156        -2.94537        -29.9806          -3.076
  157         3.65326        -24.9554          -1.448
  158          14.076        -17.7148        -5.66453
  159         11.0334        -18.7983        -12.2326
  160        -1.12493        -19.3351        -3.72332
  161         6.52335        -20.1204         5.47517
  162         15.2526        -8.11143         14.5381
  163        -6.33017        -29.3997         7.25007
  164        -4.61841        -19.6876         3.26536
  165        -4.94259        -28.1237         -7.5767
  166        -12.2617        -27.1406        -9.50718
  167        -14.4769        -9.40084        -3.89481
  168        -11.4454        -8.54379       -0.501968
  169         1.16778         -10.641         1.04246
  170         -6.5806        -7.38061        -6.14056
  171         11.7875        0.719007        -3.64781
  172         12.3199        -5.59054        -4.58774
  173         21.4895        -11.6816        -8.66208
  174         7.12949        -8.12564        -6.21372
  175         6.62004        -4.71408        -12.1712
  176       -0.540872        -6.63447        -14.8555
  177        -5.76569        -5.65914        -18.0706
  178        -14.5713         10.5372        -6.96155
  179        -12.1914         7.49715          6.1957
  180        -6.49624         27.8928        -8.08896
  181         3.77354         17.4433         -14.782
  182        -3.13137         14.1873        -4.30174
  183         8.77356         19.7082        -20.1461
  184         14.5349         27.2979        -6.99071
  185        -11.3949         13.3755         2.69702
  186        -2.97647         1.00655         3.41013
  187         1.82542         4.61187          11.076
  188        -5.40749         11.8692         16.1823
  189         9.50218         1.51969         11.4686
  190          7.4339         7.61928        -5.53579
  191         14.1302        -5.44633         2.36268
  192         17.7322        -15.2821        -1.34951
  193         14.2493        -9.57152        -5.25121
  194         4.72925        -16.4236        -6.32378
  195         31.9468        -18.9748        -10.0817
  196          25.735        -10.0601         6.88303
  197          33.844         6.25698         4.47629
  198          33.871         14.7849        -5.02862
  199         36.5576         9.41789       -0.987142
  200         28.7418         5.39773         1.87399
  201         30.6189         5.75988       -0.287849
  202         28.9374        -2.46596         2.46246
  203         30.8259        -8.05556        -6.04302
  204         20.7596        -8.56791         -1.9116
  205         12.5385         -15.908        -5.25618
  206         14.9071        -13.4205        -17.4208
  207         11.4177        -14.4418        -6.24021
  208         24.2093        -14.5668        -2.03528
  209         12.8142        -5.23137        -10.1294
  210         10.2132        -2.26525         -5.1628
  211          2.4064        -9.08109        -11.0979
  212         6.15743         6.08124        -11.6363
  213         11.4779        -7.64329        -21.1813
  214         9.77902         1.70702        -13.7842
  215        -6.90966         6.20641        -8.47046
  216        -3.76231          3.3649        -10.6904
  217        -15.5087         10.6301        -9.46079
  218        -8.55667         13.3086        -6.62132
  219        -3.13736         7.00449        -11.1551
  220        -4.81518          17.768        -17.4834
  221        -8.11819         16.4838        -2.24849
  222        -2.33004         9.79297        -4.24749
  223          1.2629         10.4714       -0.838832
  224        -3.12627         6.94913        -11.0966
  225        -20.3054         15.1948         4.59184
  226        -15.9252         14.0645         1.03404
  227        -13.3031         5.38003        -2.81573
  228        -16.0947         5.92912        -2.78303
  229        -8.18442         1.93481         -13.443
  230        -11.0594         3.81771        -3.78402
  231        -4.52614          12.893        -4.58995
  232        -13.7857         15.7263        -24.7805
  233         -5.3701         9.40336        -18.6601
  234        -10.2432          8.9131        -5.81708
  235        -22.9433         5.91809           -6.19
  236        -20.6491         17.2751        -7.32737
  237        -29.1183         27.6215        -9.64371
  238        -26.6846         22.0817        -9.65497
  239        -29.2792         9.83081        -14.4094
  240        -18.9377         4.86556        -14.4605
  241        -26.7651        -1.70103        -14.7169
  242        -21.7419        -5.05287        -13.8292
  243        -12.6108         2.28129        -3.65744
  244         -8.2165         5.36573          4.6745
  245        -24.8251         2.28352       -0.370023
  246        -23.0182          1.9279         7.75926
  247        -7.87767        -7.79003         7.54853
  248         -9.1766        -1.39144         4.60011
  249        -7.77042         -8.0592         9.91666
  250        -8.14847        -11.4056         2.01586
  251         8.97852        -15.0951        -5.23502
  252         2.93851          -6.915        -4.11935
  253        -11.1506        -12.0782        -8.71328
  254        -17.3639        -16.7081        -5.94868
  255        -5.35045        -8.89556        -1.45133
  256        -11.5753        -6.30647        -3.98841
  257         1.67405        -22.0522       -0.956066
  258        -2.19292        -6.68426        -6.57482
  259        -4.28192        -12.5173        -2.31428
  260         9.63391        -13.4524        -11.5404
  261         7.28403         -18.661        -10.8002
  262         4.99351        -29.1697        -6.51782
  263         13.3826        -29.0623         -10.015
  264        -4.90254        -30.3449        -14.7016
  265       -0.677708        -31.0267        -14.0908
  266         3.26915        -32.6532         -13.497
  267         7.45733        -30.2069        -12.0253
  268         10.7094        -23.5892        -8.50085
  269         19.5486         -16.526        -7.06949
  270         13.2959        -16.7629        -22.0792
  271         12.9223        -21.5387        -18.9191
  272         9.24779        -13.0104        -18.4593
  273         28.0693        -27.5801        -3.01437
  274         23.3507        -22.7621         1.18275
  275         24.9582        -11.3692        -1.65805
  276         27.5375        -26.7171        -14.7708
  277          20.114        -15.9418        -11.1335
  278         10.5319        -12.8236        -16.8857
  279         12.5211        -6.32287        -13.4317
  280         21.5276        -5.70241        -4.72669
  281         22.0668         1.75886        -7.79938
  282         26.4566        -1.52192        -4.06033
  283         8.13459        -12.3877         5.38464
  284         27.6945        -18.6984        -3.05241
  285         21.8725        -13.4477        -6.51054
  286         21.8178        -21.6675        -5.39369
  287         29.5737        -16.0889         8.88957
  288         18.3793        -19.8624         13.2749
  289         18.3731        -23.3414        0.784499
  290         25.3363        -20.1132          11.872
  291         28.7815        -11.1718       0.0489823
  292         24.3308        -15.4706         8.07485
  293         23.4739        -7.46907        -4.21477
  294         7.48972        -8.99605        0.720459
  295         12.7635       -0.383161         1.48415
  296         9.38083         -7.4398        -11.2629
  297         8.04684        -5.50717        -17.9823
  298         5.49052         -1.5656        -28.6857
  299         8.43768        -2.95569        -29.6162
  300         3.23959        -4.79155        -22.6866
  301         8.06849         7.92523        -30.3805
  302         12.9452        -3.78192        -16.8261
  303         3.51752          6.6492        -23.1363
  304         2.72198        -4.79651        -11.8654
  305         22.3311        -1.24661        -13.4957
  306         15.7871         8.76683        -21.9835
  307           20.84        -10.5509        -20.5451
  308         30.8093        -21.5094        -27.2687
  309         28.1963        -5.41055        -28.7093
  310         23.6084        -21.2697        -23.8181
  311         18.4566        -11.6057        -13.7721
  312         16.7511        -15.3227        -10.5422
  313         11.0417        -3.47272         -15.205
  314         8.75638         -19.493        -17.3043
  315         8.08127        -16.1605         -9.3488
  316         13.3989        -12.6951        -12.0599
  317         4.01013        -10.9984        -3.48188
  318         8.17144         5.21851        -11.0394
  319         4.55821         6.93776        -8.25306
  320          11.502         6.61403        -10.3081
  321      -0.0937532          10.795        0.562267
  322         1.17818         14.4861       -0.434494
  323         4.28481         1.19612        0.986262
  324         1.49642         11.9267         -5.0455
  325         6.68096         8.81715        -5.08771
  326        -7.22582         5.23445         9.87143
  327         1.80912          8.7721       -0.947241
  328        -6.39927        -2.66409        -6.63455
  329        0.488896         7.80655        -11.7219
  330        -5.17789          1.6704        -16.4292
  331         1.39413         6.01778        -17.6389
  332         -1.2986         5.49694        -18.3202
  333        -6.88214       -0.995425        -13.8855
  334        -4.90749         22.1096        -24.0733
  335        -20.6211           13.15       -0.766652
  336        -12.7893         11.7401        -2.84252
  337        -6.00549         21.6095        -8.47829
  338       -0.170672         27.1088        -7.45521
  339        -2.39662         14.0131        -7.83265
  340          1.0254         24.6907        -1.56075
  341      -0.0897365         22.4268        -2.23049
  342         3.22251         36.2776        -7.38568
  343         2.99103         34.9326        -14.1264
  344         7.89919         28.5938         -16.341
  345         12.8388         13.3181        -21.1576
  346        -5.40196         20.2687        -10.4151
  347         4.21084         7.79791        -16.5994
  348        -10.0848         10.5368        -21.8861
  349         -2.4508         2.57934        -19.5058
  350        -2.52625        -7.30398        -37.2443
  351        -15.0142         12.8952        -16.5531
  352         -10.543          12.077        -28.2487
  353         -9.7362       0.0231305          -22.38
  354        -13.5322         5.04838        -25.8042
  355        -5.28546         5.44354        -35.7108
  356        -20.0331         12.8156        -38.7463
  357        -20.0541         21.3419        -35.6893
  358        -20.1276         3.23906        -40.2366
  359        -5.55949         14.7094        -40.1273
  360         -19.589         21.5795        -31.2699
  361        -12.1778         5.40682        -32.3293
  362        -23.8807         23.6941        -13.3353
  363        -12.9327         11.8596        -2.74424
  364        -11.4683         8.09932        -14.8729
  365        -11.4395        -3.18985        -24.9413
  366        -9.61501        -2.46115         -24.895
  367        -4.51345         3.76814        -13.0645
  368        -3.60898         9.41561        -20.2944
  369        -6.85232         16.3837         -29.712
  370        -9.65463         24.5213        -11.1134
  371        -16.5841         29.9859        -8.09936
  372        -24.2203         36.2678        -6.32996
  373        -27.6271         8.59336      -0.0560017
  374        -23.5727         23.5758        -4.86277
  375        -10.7231         22.3054        -4.61897
  376        -14.5344         19.0588        -2.81995
  377        -20.3241         18.7546         3.23258
  378         -26.022         18.5929         16.7515
  379        -23.8745         22.6317        -3.77787
  380        -14.7188         20.4559        -1.86623
  381        -14.0258         31.3847          -2.435
  382        -18.8672         26.9193        -1.37423
  383        -19.3694         22.8613         3.81248
  384        -20.1779         14.2512         5.25288
  385        -18.3672         5.87534         1.90567
  386        -11.4591        -3.70169         8.40923
  387        -11.7877        -10.2968        0.620595
  388             -20        -11.5703        -5.96222
  389        -17.9182        -6.53154        -7.44607
  390        -4.60419        -7.85285        -7.91982
  391        -3.36858        -1.22304         -5.1364
  392        -2.79369         2.22363        -8.24914
  393        -6.44863        -3.78061         5.95601
  394         -2.6648         14.9666         6.60584
  395        -7.03829         4.05073        -6.61034
  396         -17.288        -5.45744         14.3483
  397        -12.3398       -0.643265         19.1266
  398        -4.02708        -9.22697         25.8768
  399          3.0523         10.3855         19.5272
  400         3.45347         8.46287           18.66
  401         11.1048         7.11555         22.5284
  402         12.5959        -4.66157         23.0513
  403         2.55594         8.74765         28.6825
  404         2.87137         7.36917         23.8647
  405        -3.36957            5.01         23.8445
  406        -15.4015         7.77197         24.1766
  407        -14.5329         2.87899         28.1172
  408        -11.4447         8.56336         29.6569
  409        -12.0305            10.5         29.8085
  410        -10.6015         9.21871         25.8962
  411        -3.52128         8.20016         39.7641
  412         -4.3335         4.55952         28.5872
  413        -5.80499         1.01719         21.1083
  414         -15.328        -2.68857         33.2181
  415         -8.9922         3.78577         22.2143
  416        -10.3959         5.94549         26.3458
  417         -7.6299         7.48334         13.1737
  418         17.8281        -8.53832         19.8848
  419          20.874        -16.7796         9.56756
  420         23.7333        -12.2521         8.19368
  421         16.3329        -19.2951          2.0233
  422           22.26        -1.55942         6.10955
  423         24.6091        -10.4054         4.50682
  424         11.4225        -7.92098         14.5686
  425         16.1698        -7.02621          10.725
  426         5.52982        -5.13551         1.40209
  427        -6.22016        -2.64235         -6.7735
  428        -14.0452        -13.4757         12.7305
  429        -10.2873        -4.27936         7.76168
  430        -14.1417        -13.1754        -8.86145
  431        -11.1481        -9.96013        -5.07317
  432        -8.16301        -19.3562        -3.06436
  433        -10.2215        -11.0424         -6.6875
  434        -18.5132        -18.0182        -12.3028
  435         -6.9425         -13.836        -1.44368
  436        -7.61624         -10.543         7.64173
  437        -3.25752        -5.25326        -1.05169
  438        -5.28583        -9.59733          2.9777
  439        -7.88869        -12.0862         11.9704
  440        -4.39425        -18.0183         14.3475
  441        -5.60093        -18.0204         11.3267
  442        -9.18154        -19.0478         19.7621
  443         -13.528        -10.9989          18.047
  444           -12.3        -10.6208         24.2851
  445        -25.2626        -13.4907         16.5193
  446        -9.81513        -15.1002         10.2224
  447        -19.1681        -9.31725         15.0438
  448         -9.3762        -12.3724         27.9085
  449        -11.2422        -6.17494         21.1506
  450        -9.01754       -0.204063         20.5271
  451        0.516716        -20.5031         28.4265
  452        -14.4946        -9.86437         8.88194
  453        -7.05033        -7.06265         13.7256
  454        -20.6022        -8.67995         6.76968
  455        -10.0068        -19.2163         12.6474
  456        -12.9628        -15.5793         24.9563
  457        -27.7468        -9.32091         22.9355
  458        -11.8773        -1.84822         10.9446
  459         -16.071        -4.63668         25.0089
  460        -15.1651        -26.8355         15.1594
  461        -1.75285        -17.2948         18.9565
  462        -14.5503        -33.9302         7.06767
  463        -15.8857        -29.6758         3.28703
  464         -6.3114        -20.9848         8.98906
  465        -2.12169        -21.4996         7.44699
  466         -8.6497        -10.0322         15.8899
  467        -11.8068        -21.2836          10.154
  468        -22.2362        -22.7954         10.8579
  469        -26.9187        -13.9474         10.0907
  470        -28.8537         3.37279         14.4638
  471         -22.315         -2.8082         12.6986
  472        -12.3657       -0.341673        -2.45372
  473        -24.2631         2.65774        -2.97809
  474        -4.13245         6.51692        -2.30699
  475         5.88017         8.59124        -5.72531
  476        0.337209          5.8312        -6.34484
  477        -4.97779        0.180576        -9.07647
  478        -9.53749         3.53625        -9.43879
  479         -5.8103        -1.64252        -12.0836
  480        -3.23582         10.6222        -2.69414
  481         2.54977         9.22929        -7.89046
  482        -7.23663         13.6768        -5.00756
  483        -4.60898         2.46323         5.89787
  484         6.57949         26.7181        -2.53606
  485         -4.2813          24.563        -1.24815
  486         10.7022          1.3778        -4.52166
  487         5.12548         24.7977        -14.3585
  488         12.3831         10.2101        -8.02631
  489         1.78889         27.8275        -8.40167
  490        -5.10329         17.0517        -4.44197
  491          10.322         14.6909         8.71479
  492         6.73717         10.6602         7.62758
  493       -0.214801         18.2955         9.19536
  494         7.89955         20.1301         9.34441
  495         12.5796         14.1433         12.4042
  496         6.83163        -9.49366         4.87448
  497         1.91612         2.40666         14.5397
  498         3.62944        -11.6665         26.6262
  499        0.663413        -19.2268         13.1311
  500         -4.5355        -21.9283         15.8543
  501        -7.79691        -25.8841         14.7124
  502        -11.1212        -16.0176         20.1579
  503        -18.6905        -12.4511         20.3073
  504          -12.17        -6.42512         17.6974
  505         -15.511         4.58396         12.0812
  506        -5.37876         2.05219         27.1714
  507        -12.3875        -0.51922         25.4124
  508         -15.279          5.6517         32.4755
  509        -5.78538         -2.2917         36.6342
  510        -15.4598         9.20267         33.3285
  511        -8.18808         6.62775         32.3212
  512        -10.2739        -4.67012         27.2942
  513           -22.7        -6.73029         20.7865
  514        -14.8731         -16.428         28.1458
  515        -8.59193        -4.12494         31.6555
  516        -2.56955        -10.9697         27.0747
  517        -22.4926        0.837056         20.3283
  518        -10.5825        -15.8015         12.0211
  519        -2.28228        -15.2101         2.30483
  520        -5.32206        -15.1805         2.75395
  521        -8.98731        -18.7646         7.11733
  522        -20.0235        -19.6123        -6.78494
  523        -15.8365        -12.9139        -16.4704
  524        -21.5484        -11.3743        -19.6278
  525        -15.1782        -7.21042        -26.1779
  526         -6.2554        -13.7134         -25.597
  527        -12.5441        -6.52983        -15.8478
  528        -10.2399        -5.06693        -11.4749
  529         2.63284        -10.6038        -17.1809
  530        -2.68492        -21.3228        -22.7031
  531          1.4706        -15.9969        -16.5688
  532          9.5457        -19.8338        -15.8939
  533         4.91467        -26.0181        -18.0626
  534        -9.90325        -18.5124        -19.8888
  535        -15.6453        -21.8583        -21.7062
  536        -22.0684         -13.607        -21.1808
  537        -20.8033        -16.5065        -24.8853
  538        -25.3946        -18.6447        -28.6429
  539        -22.4612        -26.9505        -21.0075
  540        -23.1781        -29.1758        -13.3048
  541        -22.2321        -29.0238        -2.62483
  542         -29.518         -34.102       -0.728693
  543        -19.6837        -33.2296         6.57506
  544         -15.376        -33.2442         1.75105
  545        -28.2654        -42.2156         13.4855
  546        -21.0795        -38.3346         6.64261
  547        -28.6027        -27.3567         16.6196
  548        -30.2008         -28.964         20.5484
  549        -31.5058        -24.5402         20.4791
  550          -20.95         -24.604         7.60823
  551        -7.98145        -35.6306          4.6048
  552        -14.5782        -21.6898        -1.37112
  553        -15.2878        -21.6141         4.37125
  554         -15.291        -19.5755         -4.2398
  555        -3.31153        -29.1334        -8.99976
  556         3.59211        -18.8218        -10.8149
  557          9.3913        -22.8613        -15.8365
  558         19.7793        -31.9009         -22.255
  559         7.77646        -24.6648        -16.1147
  560         3.00434        -26.6387         -10.625
  561         3.67617        -14.8538        -4.98708
  562        -7.49566        -14.4569          3.6637
  563        -19.2068        -18.9998        -6.54839
  564         11.1584         1.15531        -8.00026
  565           1.682        -14.1531         -4.4874
  566         18.0186        -13.5648         2.36711
  567         9.85271        -5.47854         3.17066
  568         19.7883        -10.7479         9.86211
  569         28.2396        -14.0172        -5.68674
  570         29.6499        -20.9416         -12.365
  571         14.1422        -30.7254        -3.46036
  572         15.3979        -32.6321        -6.02761
  573         6.38337        -35.0346        -6.15696
  574        0.834005        -34.0246        -3.35001
  575         3.21665        -31.9066        -3.28807
  576        -14.6664        -37.1264        -23.4148
  577        -11.6008        -27.1295        -14.2548
  578        -5.18458        -25.0977        -22.4409
  579        -10.0536        -28.2609        -22.2123
  580         2.96419        -24.6936        -26.2802
  581         10.2683        -26.5347         -28.948
  582          17.082        -14.1103        -21.3955
  583         1.72149        -20.4538        -25.7646
  584         8.41471        -17.7277         -29.778
  585         7.82345        -18.8904        -22.0043
  586         12.8838        -20.1711        -25.1042
  587         3.70424        -6.78129        -31.5149
  588         10.8007        -1.93688        -22.1849
  589         10.3685         2.13729        -23.1586
  590         11.1827         14.8543        -25.8678
  591         10.7464         5.61038        -25.5061
  592         5.42082          15.581        -20.9091
  593         2.52427         15.8917        -17.0581
  594        -4.63624         14.8207        -15.0017
  595         11.8066         13.4293        -17.5683
  596         12.5827         17.0386        -3.78937
  597         30.6256         15.4013        -2.95677
  598         13.8104         10.0366        -8.95859
  599         2.94417         18.0149        -7.50207
  600         7.02053         24.7884        -6.69172
  601         10.5785         18.0879        -1.72646
  602         12.2932         15.5508        -27.7809
  603         3.97257         26.2461        -6.81546
  604        -2.40255           22.63        -21.6548
  605        0.735064         23.9453        -22.4802
  606       -0.856285           16.86        -33.5531
  607         5.16595         9.21746        -26.0226
  608        0.132148         23.3631         -19.998
  609         -1.1481         20.4589        -22.5167
  610       0.0237169         29.1184         -30.935
  611         -7.4283         27.5034        -23.3044
  612        -8.42017          21.289        -18.0911
  613        -2.37974         15.1759        -20.5829
  614         5.14151         14.8767        -29.5081
  615        -1.32747         5.29509        -32.5196
  616          10.479         3.53345        -28.2271
  617        -9.67022         6.09663        -30.3495
  618         14.3627         13.2348        -21.9456
  619          21.411         15.5443        -20.7426
  620          17.979         14.1352        -28.2519
  621         9.05041         13.0406        -16.0251
  622         13.5351         9.87084       -0.476655
  623         5.33078         15.6235        -6.28743
  624         5.31356         14.4053        -1.49578
  625         22.5054         0.47672        -9.57126
  626         14.5086         8.78405        -23.8479
  627         16.2697        -1.05529        -16.1648
  628         14.2464        -1.43353        -21.8274
  629         16.2287         10.1145        -28.0486
  630         24.9482         18.7477        -25.4778
  631         22.8411         16.8522        -17.9813
  632         15.3617         12.0261        -13.2083
  633          4.8599         14.9752        -15.0597
  634         9.76187         12.9945        -2.09161
  635         6.95701         12.9328      -0.0127812
  636         9.19801         4.26489         1.88827
  637         1.97386         5.92562         0.69922
  638        -9.62352         4.75662        0.506563
  639        -9.99717     -0.00752626         0.78707
  640        -7.47873         5.52737         7.03004
  641        -1.40064         24.1813         3.01714
  642        -4.71066         14.4801         1.89154
  643        -20.3161         27.2099          5.4091
  644        -11.2425         11.3541         3.01951
  645         -8.6656         18.1196        -3.81096
  646         3.67397         20.2432         -5.5261
  647        0.611262         15.5577        -2.75254
  648         2.54854         29.7605         4.07728
  649        -3.36275         18.9657         15.4566
  650         4.89778         9.61969         3.12938
  651         4.84255        -1.09294         5.81613
  652         4.62747         13.5831         19.1247
  653        -6.10441         13.7713         16.7284
  654         2.87653         3.40403         12.3769
  655        -5.48214         5.11842         18.2662
  656        -2.93625         2.77676         6.01748
  657        -7.53572        -5.04148        -2.96425
  658        -10.7091        -2.04737         9.71654
  659        -9.72013        -6.61661         1.81041
  660        -17.8795        -22.3002         18.1496
  661        -20.0699        -21.9279         15.9637
  662        -14.2812        -19.2357         17.0148
  663        -25.2167        -18.7453         13.1972
  664        -25.6573        -13.7016         12.9647
  665        -20.6673        -23.5263         10.8133
  666        -30.2265        -11.0845           25.91
  667        -16.7935        -18.4621         22.8457
  668         -28.624        -22.3072         19.7544
  669        -31.3321        -22.8104         17.6821
  670        -36.8086        -24.6641         30.2629
  671        -18.7212        -14.8698         28.5937
  672        -24.1314        -11.2103         27.5536
  673        -17.0448         -3.6578         37.7807
  674        -24.7347         -14.109         32.0067
  675        -40.6964        -20.1986         36.3659
  676        -22.0395        -19.9191         27.7949
  677        -13.4418        -9.68404          18.849
  678        -2.89667        -15.0355         20.2282
  679        -11.2826        -10.8764          22.709
  680        -13.6914        -5.23233         24.1904
  681         1.76925        -6.68416         27.5733
  682       -0.129193        -8.01913          19.898
  683         6.61604       -0.565284         24.3427
  684        -3.76635         6.87755         22.7441
  685          13.995         7.91253         11.7538
  686         -1.6042         4.31053         11.4931
  687         2.55629         4.87468         17.7076
  688         8.73477         7.70898         7.69548
  689         10.5709         10.5385         2.34304
  690         10.8897         5.93315         2.94042
  691         11.5584         4.16224         9.51294
  692          5.0324         9.91906         2.22854
  693        0.229122         18.5504        -1.87634
  694        -1.85561         19.2437         3.36468
  695         11.1447         4.59579         5.06172
  696         7.82841         12.5018         3.98373
  697         15.3432         20.8383         9.38973
  698         13.9678         11.8168         10.0369
  699        -3.84549          17.511         3.97191
  700        -6.48458         8.85315         12.0175
  701        0.760882         19.9166          5.3809
  702         -8.3311         20.2223         3.38799
  703        -9.21145         16.5617        -6.12832
  704         7.25845        -4.18548        -1.39037
  705        -7.75209        -4.46301          9.8107
  706       -0.738707         2.50074          9.9868
  707        -8.04014         2.85847         8.79758
  708        -8.26685         -7.2186         30.7255
  709        -14.0888        -9.50324         13.2878
  710        -7.05971        -5.13282         1.28825
  711         -3.5584        -4.12837         6.82785
  712        -13.2468        -7.55915         6.91801
  713        -5.57583        0.553409          14.042
  714        -3.41902        -7.18958         14.3586
  715        -9.28253         4.77402         17.6016
  716        -3.66698        0.518668         24.2861
  717        -11.8061        -1.89817         12.6481
  718        -14.7608        -14.7276         20.6062
  719        -8.68844        -17.6954         21.3447
  720        -12.0199        -5.55364         21.7241
  721        -20.0643        -15.8438         29.3444
  722        -16.2101        -5.13427         25.5522
  723        -10.7097        -4.28678         20.0894
  724        -6.83217        -22.9334         33.8921
  725        -13.7807        -14.4696         24.0281
  726        -4.74354         -11.321         29.7747
  727        -10.4484        -10.4187         24.7379
  728        -16.2952         2.78986         21.5448
  729        -14.9719       -0.367361         32.8124
  730        -12.7657        -1.95149         12.0771
  731         -16.147        -1.38861         10.9139
  732        -9.44203       -0.670158         16.3542
  733        -6.21305        -11.7633        -2.73978
  734          3.3913        -7.79801         2.04068
  735         6.31868         2.49834        -11.6531
  736        -5.17791        -5.62572        -16.6207
  737        -9.90724         4.55281        -15.4215
  738        -7.64711         13.8548         1.54748
  739        -11.9729         3.13918       -0.830149
  740         1.36509         3.10195         16.4807
  741        0.113814        -1.78776         17.0485
  742        -5.19918      -0.0695038         13.0258
  743        -6.17318       -0.848516         5.63305
  744         5.44961         19.0522       -0.666131
  745         33.6542          20.483        -2.34846
  746         14.6668          12.411        -10.6457
  747         17.8995         17.7085        -6.23313
  748         19.5225         2.73017        0.143905
  749         25.4259        -6.51229        -5.27019
  750         20.1848        -1.00372         -4.3427
  751         28.4113         10.5717            2.72
  752         5.93433         18.0505        0.923381
  753       -0.660964         12.6596         4.78834
  754       -0.980993          16.526         -8.8071
  755        -23.2052         6.51454         -15.668
  756        -10.4027         18.8527        -17.6283
  757        -12.1679         6.60516        -3.44805
  758        -15.9134        -4.95444        -18.5358
  759        -22.8935         1.14584         1.07549
  760          -14.17        -0.55427         2.06081
  761        -14.4267         16.3285         14.2688
  762        -5.45049          3.0547         11.7548
  763         2.56431         5.75115        -2.87286
  764        0.264037         4.00221         2.06141
  765        -12.2126       -0.843819         14.5073
  766         -12.075         -5.4249            -5.4
  767        -21.1655         4.14475        -17.7867
  768        -19.0941         14.6205        -13.1519
  769        -8.36701         6.89173          -6.574
  770        -9.60105        -3.62871        -10.1426
  771        -12.1238        -1.99072         3.77827
  772        -22.9035         2.73324         9.13393
  773        -25.5021         7.65888         17.6904
  774        -25.1705      -0.0833243          23.168
  775        -20.7173         4.14034         14.1018
  776        -20.4607         1.91737         13.8637
  777        -22.7578         3.62369         10.9801
  778          -28.56        -6.73088         14.4916
  779        -12.4986        -2.76891           18.96
  780        -2.83021        -11.9032         10.0361
  781         3.65895         -1.8381         13.1422
  782         -13.321        -1.45545         3.23344
  783         12.0794        -3.66861         28.8056
  784         9.84033        -14.1992          25.444
  785         5.36087        -6.57728         15.0777
  786         13.3826        -7.29767         24.4337
  787         11.1009        -6.29931         26.6923
  788         10.3154        -6.68299         24.6826
  789         27.2282       -0.653197         3.02059
  790         1.87887        -4.90351         7.97611
  791         7.07605        -5.31216         9.57956
  792         8.43732        -3.13652         4.23814
  793         11.5565         -2.9611         3.98306
  794         7.03816         19.3411         9.32792
  795         2.67559        0.974204         9.95484
  796         0.62691         9.26426          5.6732
  797        -7.68374        0.937927        -13.8449
  798        -14.3757       -0.872787        -14.5326
  799        -7.73161         3.80974        -14.3132
  800        -9.11744         10.4269        -9.19904
  801        -8.71506         1.21543        -5.32824
  802        -23.3909         3.91038        -5.70001
  803         -30.381        -13.8554        -16.4402
  804          -28.71        -5.26154        -11.0805
  805        -25.0119        -7.99315        -20.4297
  806        -10.6687        -1.00895        -5.57965
  807        -7.22728        0.323266         -15.066
  808         2.20618        -1.81831        -21.7398
  809         4.32173        0.648686        -15.7294
  810         18.0366        -8.06805         -12.425
  811         6.66087         10.1131         6.33392
  812         4.68351        -13.0321       -0.477159
  813        -5.69657        -4.41269         2.14172
  814        -14.7987        -6.82293        0.156469
  815        -11.7536          1.9659         8.27942
  816        -22.3874         5.72192         14.0138
  817        -19.3539         19.0399         2.63905
  818        -9.25798          14.787         12.7539
  819        -9.03864         17.9445         8.79696
  820        -21.0112         3.02989         4.64683
  821        -19.7971         7.44622         11.9889
  822        -18.4719        -2.71906         21.8166
  823        -15.1587        -1.97685         15.7159
  824        -15.3457        -7.94495         21.8141
  825        -5.23269         2.35472         21.3109
  826         -5.1436        -1.71554          18.183
  827        -12.9201         3.66893          26.946
  828        -11.1874         9.94558         20.7345
  829        -9.45385       -0.676877          20.478
  830        -20.3538        -3.41105         14.8538
  831        -12.5329        -6.97682         16.0815
  832        -6.63854        -7.45193          11.483
  833        -1.37988        -15.0902         9.58928
  834        -5.31856        -17.1289         8.82118
  835        -4.83324          -18.81         14.4678
  836        -7.38791        -11.9649         19.3948
  837        -6.23131        -7.39226         24.8419
  838        -9.13512        -9.19434         19.1186
  839        0.776687        -10.5724         22.7122
  840         4.54403        -17.9688         18.8563
  841         6.22043        -16.1103         18.1696
  842         8.35895        -4.01057         17.0632
  843         9.63137        -13.2371         22.4363
  844          -2.429        -6.72655          15.252
  845        -8.82183        -12.9768         15.1719
  846       -0.896513        0.204481         23.0948
  847        -2.22162        -4.42455         20.5923
  848        -14.4945        -2.99093         22.9538
  849        -5.72989         -17.471         15.0187
  850        -4.88698        -12.1818         17.8567
  851        -12.3443        -4.85633         4.90913
  852        -7.69104        -19.2028         11.4486
  853          -3.856        -16.4702         10.8896
  854        -11.9859        -16.5451         5.36942
  855        -2.07941        -23.8169        -1.03739
  856       0.0187837        -20.4935         20.5047
  857         8.73682        -16.3528         19.2698
  858         10.5701        -13.2585       0.0136311
  859        -2.69782        -11.4946         7.41427
  860         10.3055        -22.0693         6.01861
  861        -4.96936        -23.2424         -2.2523
  862         0.32507        -19.5872         3.35772
  863         5.35167         -13.585         9.00513
  864         5.46331        -27.1134         6.55511
  865        -5.06387         -11.788         10.3223
  866        -10.2517        -5.02762         7.59407
  867        -3.69436        -8.52073         9.95285
  868        -5.09027        -6.09968         1.75236
  869        -18.7247        -3.75145        -6.13432
  870         -12.055        -7.57091          1.8054
  871        -14.5966        -2.04973         3.54064
  872        -11.5384        -1.11317        -5.08693
  873        -3.26864          14.808        -5.09163
  874         -13.136         6.28396        -13.8255
  875        -2.35068         3.81053        -11.1442
  876        -9.50116         8.36691        -5.60907
  877        -9.34214        -5.73644        -2.96577
  878         2.11405        -4.24961        -8.83547
  879        0.894144         4.80033        -6.69802
  880        -5.18809         1.80512        -6.93672
  881        -2.62121            1.19        -12.7244
  882          2.9772         2.12168        -14.5397
  883        -9.37274        0.799412        -10.1019
  884        -3.30139         6.54109        -5.30234
  885         13.9489         6.30792         1.53138
  886         10.0178        -1.82613        -7.96914
  887          9.5273         5.32989        -3.91941
  888         13.9446         1.10397        -6.41965
  889         13.4427          10.414        -14.5286
  890      0.00997487        0.515026        -27.8475
  891         20.0931        -11.5985        -30.0533
  892         11.1999        -5.47379        -20.5954
  893         3.84501         5.36508        -16.7592
  894         2.76023        0.282212        -6.26629
  895         7.35114        -9.29568        -14.2483
  896          4.2311        -6.04521        -9.01535
  897         19.2785        -4.44478         -8.9711
  898        -3.45962        -8.46216        -10.8147
  899         1.90856        -6.60424          3.1403
  900         1.56175        -16.6303        -8.70136
  901         8.39809        -26.9656        -18.1396
  902         -2.3673        -35.1036        -7.90683
  903        -2.99985        -25.5937        -3.46229
  904        -6.96511        -22.8535        -7.99837
  905         -7.5422        -13.9485      -0.0412304
  906         6.66467        -11.6005        -3.85556
  907       -0.137957        -15.2387          8.5414
  908        -13.6128        -22.3573        -5.52496
  909        -15.8364         -14.119        -6.82259
  910        -17.7874        -9.51281        0.614236
  911       -0.115478        -6.11519        -11.5333
  912         4.38591         2.80957        -10.3391
  913        0.518574        -10.7578        -3.01735
  914         6.34085        -6.05626         6.62721
  915         8.12986        -11.2147         6.22943
  916         9.68954        0.300866         2.78306
  917         6.50431          10.716        -9.90569
  918         4.78211         12.9784         1.31431
  919        -2.27812         5.61094         5.09558
  920         11.7178         10.6708        -1.81283
  921         2.54601        -2.71225         9.62753
  922         5.92637         4.60937        -10.2741
  923         9.99184         3.63381       -0.292974
  924         10.9934        -2.98525        0.587016
  925         11.2296       -0.632796           -7.97
  926         7.76718        -3.90994        -9.85948
  927         1.16288        -4.71674        -16.4492
  928        -3.33561        -1.38426        -11.7493
  929         1.13498       -0.589901        -7.75655
  930        -11.9869        -4.35489        -11.3308
  931         5.40751        -3.84807         -6.5518
  932         10.2007         2.36806        -2.61583
  933         8.72645         13.3437        -6.69374
  934         7.62391         9.80678        -11.8547
  935        -2.55522          1.8115         -2.3993
  936        -6.27431          1.7874        -1.35246
  937         6.52413         5.56309        -18.8488
  938        -5.94197         15.6793         -10.179
  939        0.542542         10.3159        -8.94453
  940         6.18728         12.3225        -7.50078
  941         14.2797         7.75583        -20.0743
  942         18.1186         10.7332        -16.3612
  943         16.0197         14.5889        -5.15321
  944         8.53098         5.17005        -16.7714
  945         12.0055        -3.70523        -13.2348
  946         11.8132         7.64255        -1.87136
  947        0.732175         5.42927         12.9331
  948        -5.90476        -1.19384         6.05749
  949         3.84961         1.58751        -12.9449
  950        -1.41515        -3.28454        -22.1453
  951         -4.6468        -2.79992        -15.7682
  952        -9.47719        -7.15602        -4.46651
  953        -1.49145        -30.1555         3.57555
  954        0.360031        -17.4251         9.78115
  955       -0.956765        -19.0519         9.08223
  956        -3.68189        -9.02545         2.88468
  957        0.567756        -4.72296        -5.28523
  958         2.70012        -12.7283        -9.32151
  959        -6.45776        -6.70213       -0.398187
  960        -12.6476        -14.1524         3.96512
  961        -2.57492        -22.7318         1.22226
  962       -0.475673        -20.3223        -3.29893
  963         2.08315        -9.92324        -2.91398
  964        -14.6316        -14.6922       -0.928555
  965        -5.64025        -7.33974        -5.46355
  966        -3.99667        -10.8538       -0.888118
  967        -3.74116        -5.74575         2.69622
  968         2.01484        -12.9008          2.9529
  969         7.98215         2.61623         3.30814
  970         7.17265         4.19652        -8.33647
  971         1.50204         5.46669        -13.4172
  972         7.12182       -0.385595        0.268948
  973         1.50213          14.284        -1.71867
  974         13.0003         1.85878        -7.43639
  975          18.664          19.296        -2.08931
  976         19.0534         5.39963        0.941071
  977         17.5335         6.67716        -5.95598
  978          18.249         2.47712        -12.2715
  979         14.5545         1.88784        -10.0699
  980         22.6329          10.762        -4.54058
  981         15.2926         6.10443      0.00325152
  982         20.6003         13.6702        -2.17896
  983         6.54737         14.5696       -0.461407
  984         9.14086         26.2698         11.7686
  985         4.81821          19.388         11.0264
  986         -1.5381         11.1762         14.2116
  987        0.199699         20.4275         10.3229
  988       -0.275672         20.2362         19.3716
  989        -4.89295         15.7077         13.3283
  990        -8.62441          17.033          9.1903
  991        -1.58966         8.44447        -4.86675
  992         9.60532         18.1473         1.46489
  993        -11.6853         14.6712         10.6931
  994      -0.0955929          13.039         8.26287
  995         17.4719         18.4558         2.24793
  996         20.7243        -1.31972        -5.80622
  997         4.47078          11.071         -13.063
  998          12.835         6.08127        -5.45719
  999         1.53971         4.22605        -2.97281
