Run semi-empirical minimization
 &qmmm
  qm_theory='AM1', grms_tol=0.05, scfconv=1.d-10, ndiis_attempts=700,   qmcharge=0,
 /
   6     C        0.6200        1.7660        1.3750 
   6    C1        0.4550        1.3880       -0.0980 
   8     O        1.0680        2.3190       -0.9890 
   6    C2        2.4910        2.2770       -0.9590 
   6    C3        3.0520        3.2040       -2.0320 
   8    O1        4.4700        3.2620       -1.9310 
   8    O2       -0.1250        0.8910        2.2150 
   1     H        0.2760        2.7910        1.5460 
   1    H1        1.6690        1.7240        1.6830 
   1    H2        0.8310        0.3760       -0.2860 
   1    H3       -0.6150        1.3600       -0.3370 
   1    H4        2.8570        2.6070        0.0210 
   1    H5        2.8510        1.2560       -1.1270 
   1    H6        2.7870        2.8380       -3.0290 
   1    H7        2.6330        4.2120       -1.9350 
   1    H8        4.7050        4.1800       -1.7090 
   1    H9        0.1660       -0.0180        2.0300 

