Run semi-empirical minimization
 &qmmm
  qm_theory='AM1', grms_tol=0.05, scfconv=1.d-10, ndiis_attempts=700,   qmcharge=0,
 /
   1     H       -0.6460        1.3790        1.5160 
   6     C        0.3830        1.2770        1.1500 
   6    C1        1.3690        1.1070        2.3080 
   6    C2        1.0040       -0.2180        3.0300 
   6    C3        2.8330        0.9680        1.8310 
   6    C4        3.6070        2.0570        1.0300 
   6    C5        3.4360        3.4580        1.6550 
   6    C6        5.1380        1.7340        1.1240 
   6    C7        5.7850        0.4110        0.6310 
   6    C8        5.3240        0.0250       -0.7930 
   6    C9        7.3130        0.6800        0.4880 
   6   C10        8.2580        1.1150        1.6320 
   6   C11        8.0840        0.2600        2.9060 
   6   C12        9.6940        0.7970        1.1190 
   6   C13       10.3110        1.3690       -0.1830 
   6   C14       10.1730        2.9060       -0.2530 
   6   C15       11.8380        1.0920       -0.0660 
   6   C16       12.4610       -0.3240        0.0780 
   6   C17       11.9230       -1.3060       -0.9870 
   6   C18       13.9750       -0.1410       -0.2450 
   6   C19       14.9230        0.8150        0.5310 
   6   C20       14.8530        0.5190        2.0510 
   6   C21       16.3880        0.4640        0.1030 
   6   C22       16.9260        0.4700       -1.3660 
   6   C23       16.7200        1.8650       -2.0020 
   6   C24       18.4890        0.2450       -1.3170 
   6   C25       19.1380       -1.0350       -0.6820 
   6   C26       18.5720       -2.3160       -1.3300 
   6   C27       20.6640       -1.0690       -1.0120 
   6   C28       21.5760        0.1160       -0.6400 
   6   C29       21.6820        0.3230        0.8590 
   8     O       21.3290        1.5930        1.1910 
   6   C30       21.2410        1.8730        2.5920 
   8    O1       22.0340       -0.5530        1.6400 
   6   C31       22.9850       -0.1930       -1.1600 
   1    H1       21.2230        1.0370       -1.1180 
   6   C32       18.9810       -1.1060        0.8520 
   8    O2       19.0130       -2.3930        1.2960 
   6   C33       18.9160       -2.5800        2.7100 
   8    O3       18.8920       -0.1280        1.5770 
   6   C34       16.2790       -0.5950       -2.2830 
   8    O4       16.3830       -0.2820       -3.6080 
   6   C35       15.8100       -1.2430       -4.5060 
   8    O5       15.7740       -1.6450       -1.8930 
   6   C36       14.6730        2.3270        0.3050 
   8    O6       15.1520        3.0760        1.3420 
   6   C37       15.0160        4.4950        1.2190 
   8    O7       14.1710        2.8130       -0.6990 
   6   C38       12.3250       -1.0030        1.4660 
   8    O8       12.8800       -2.2520        1.4660 
   6   C39       12.9790       -2.8800        2.7500 
   8    O9       11.8710       -0.4780        2.4730 
   6   C40        9.8110        0.7620       -1.5220 
   8   O10       10.4070        1.3630       -2.5940 
   6   C41       10.1880        0.7280       -3.8610 
   8   O11        9.0690       -0.2080       -1.6330 
   6   C42        8.1930        2.6090        2.0330 
   8   O12        9.0920        2.8960        3.0200 
   6   C43        9.2630        4.2860        3.3200 
   8   O13        7.5020        3.4580        1.4880 
   6   C44        5.5950       -0.8150        1.5570 
   8   O14        6.1950       -1.9260        1.0320 
   6   C45        6.2700       -3.0620        1.9010 
   8   O15        5.0690       -0.7950        2.6600 
   6   C46        3.2030        2.1400       -0.4560 
   8   O16        3.9080        3.1190       -1.0990 
   6   C47        3.7370        3.1790       -2.5170 
   8   O17        2.4200        1.3880       -1.0160 
   6   C48        1.1890        2.2270        3.3410 
   8   O18        2.0840        2.0990        4.3610 
   6   C49        2.0270        3.1160        5.3630 
   8   O19        0.3510        3.1150        3.2650 
   1    H2        0.4020        0.4050        0.4830 
   1    H3        0.5950        2.1720        0.5620 
   1    H4        1.1300       -1.0810        2.3640 
   1    H5        1.6400       -0.3910        3.9070 
   1    H6       -0.0340       -0.2100        3.3800 
   1    H7        3.4200        0.8140        2.7450 
   1    H8        2.9110        0.0390        1.2630 
   1    H9        3.7290        3.4570        2.7110 
   1   H10        4.0750        4.1990        1.1620 
   1   H11        2.4110        3.8260        1.5670 
   1   H12        5.6250        2.5350        0.5570 
   1   H13        5.4360        1.8740        2.1720 
   1   H14        5.4830        0.8520       -1.4940 
   1   H15        5.8990       -0.8210       -1.1920 
   1   H16        4.2770       -0.2830       -0.8230 
   1   H17        7.7150       -0.2710        0.1280 
   1   H18        7.4340        1.4080       -0.3250 
   1   H19        8.1680       -0.8070        2.6740 
   1   H20        8.8680        0.4680        3.6450 
   1   H21        7.1320        0.4470        3.4070 
   1   H22       10.3560        1.1110        1.9330 
   1   H23        9.7640       -0.2960        1.0490 
   1   H24       10.5440        3.3740        0.6650 
   1   H25       10.7660        3.3330       -1.0710 
   1   H26        9.1410        3.2240       -0.4250 
   1   H27       12.2710        1.5290       -0.9720 
   1   H28       12.1990        1.6900        0.7810 
   1   H29       12.0020       -0.8770       -1.9920 
   1   H30       12.4990       -2.2390       -1.0100 
   1   H31       10.8880       -1.5980       -0.7960 
   1   H32       14.4070       -1.1430       -0.1520 
   1   H33       14.0260        0.1440       -1.3040 
   1   H34       14.9750       -0.5500        2.2510 
   1   H35       15.6530        1.0270        2.6030 
   1   H36       13.9150        0.8650        2.4930 
   1   H37       17.0320        1.1470        0.6730 
   1   H38       16.5610       -0.5470        0.4910 
   1   H39       17.0390        2.6630       -1.3230 
   1   H40       17.3080        1.9780       -2.9210 
   1   H41       15.6810        2.0310       -2.2940 
   1   H42       18.8520        0.3080       -2.3530 
   1   H43       18.9120        1.1200       -0.8030 
   1   H44       18.4960       -2.2090       -2.4180 
   1   H45       19.2200       -3.1810       -1.1470 
   1   H46       17.6010       -2.5880       -0.9140 
   1   H47       21.0890       -1.9750       -0.5580 
   1   H48       20.7550       -1.2060       -2.1000 
   1   H49       20.2600        2.3160        2.7880 
   1   H50       21.3510        0.9910        3.2300 
   1   H51       22.0110        2.6050        2.8530 
   1   H52       22.9870       -0.2820       -2.2510 
   1   H53       23.7000        0.5840       -0.8740 
   1   H54       23.3520       -1.1430       -0.7500 
   1   H55       19.9200       -2.5830        3.1440 
   1   H56       18.2900       -1.8250        3.1970 
   1   H57       18.4590       -3.5590        2.8850 
   1   H58       16.5360       -2.0390       -4.6990 
   1   H59       14.8730       -1.6660       -4.1280 
   1   H60       15.5900       -0.7360       -5.4510 
   1   H61       15.8890        4.8960        0.6980 
   1   H62       14.0950        4.7910        0.7070 
   1   H63       14.9920        4.9180        2.2280 
   1   H64       13.7800       -2.4130        3.3310 
   1   H65       12.0330       -2.8360        3.3000 
   1   H66       13.2380       -3.9300        2.5940 
   1   H67       10.8260       -0.1570       -3.9470 
   1   H68        9.1390        0.4580       -4.0120 
   1   H69       10.4780        1.4320       -4.6460 
   1   H70        9.8550        4.7650        2.5330 
   1   H71        8.3050        4.7990        3.4450 
   1   H72        9.8200        4.3630        4.2580 
   1   H73        6.9980       -2.8770        2.6980 
   1   H74        5.2930       -3.3120        2.3220 
   1   H75        6.6250       -3.9120        1.3120 
   1   H76        4.1380        2.2770       -2.9890 
   1   H77        2.6850        3.3200       -2.7810 
   1   H78        4.3070        4.0380       -2.8860 
   1   H79        1.9420        4.1140        4.9240 
   1   H80        1.1930        2.9180        6.0430 
   1   H81        2.9590        3.0740        5.9340 

