Run semi-empirical minimization
 &qmmm
  qm_theory='AM1', grms_tol=0.05, scfconv=1.d-10, ndiis_attempts=700,   qmcharge=0,
 /
   6     C        3.8280       -4.9890       -4.8340 
   6    C1        3.7140       -3.6810       -4.0470 
   8     O        2.3720       -3.3850       -3.6480 
   6    C2        1.9000       -4.1940       -2.5660 
   6    C3        0.5510       -3.6470       -2.0870 
   8    O1       -0.1200       -4.4390       -1.1060 
   6    C4        0.5870       -4.7490        0.0910 
   6    C5        1.0190       -3.5310        0.9190 
   8    O2        1.6560       -3.8610        2.1590 
   6    C6        2.9030       -4.5640        2.0910 
   6    C7        4.0590       -3.7230        1.5320 
   8    O3        5.2300       -4.4610        1.1840 
   6    C8        6.0250       -5.0110        2.2360 
   6    C9        6.7350       -3.9840        3.1280 
   8    O4        7.6950       -4.5740        4.0240 
   6   C10        8.9190       -4.9490        3.3760 
   6   C11        9.9720       -5.3100        4.4300 
   8    O5        9.5210       -6.4060        5.2220 
   8    O6        3.0100       -4.9860       -6.0020 
   1     H        3.5340       -5.8480       -4.2250 
   1    H1        4.8630       -5.1380       -5.1580 
   1    H2        4.3770       -3.6840       -3.1750 
   1    H3        4.0220       -2.8530       -4.6960 
   1    H4        1.7840       -5.2340       -2.8900 
   1    H5        2.6250       -4.1700       -1.7460 
   1    H6        0.6570       -2.6170       -1.7250 
   1    H7       -0.1210       -3.5780       -2.9510 
   1    H8       -0.0840       -5.3590        0.7030 
   1    H9        1.4380       -5.3970       -0.1540 
   1   H10        1.6550       -2.8550        0.3430 
   1   H11        0.1240       -2.9460        1.1650 
   1   H12        3.1500       -4.8460        3.1220 
   1   H13        2.7850       -5.5080        1.5510 
   1   H14        3.7340       -3.2570        0.5980 
   1   H15        4.3040       -2.8960        2.2070 
   1   H16        5.4400       -5.7160        2.8360 
   1   H17        6.7840       -5.6150        1.7310 
   1   H18        7.2080       -3.1910        2.5360 
   1   H19        5.9890       -3.4890        3.7590 
   1   H20        8.7320       -5.8230        2.7480 
   1   H21        9.2960       -4.1240        2.7660 
   1   H22       10.9080       -5.6010        3.9500 
   1   H23       10.1640       -4.4690        5.1020 
   1   H24        8.6520       -6.1370        5.5680 
   1   H25        2.5980       -4.1050       -6.0770 

