Run semi-empirical minimization
 &qmmm
  qm_theory='AM1', grms_tol=0.05, scfconv=1.d-10, ndiis_attempts=700,   qmcharge=0,
 /
   8     O       -2.4910       -7.7820        0.0100 
   6     C       -2.0620       -8.9760        0.6560 
   6    C1       -3.0330       -9.3990        1.7700 
   6    C2       -2.6060      -10.8080        2.2250 
   8    O1       -3.0420       -8.5800        2.9520 
   6    C3       -3.1560       -7.1410        2.8710 
   6    C4       -4.5490       -6.5430        2.5220 
   6    C5       -5.6070       -7.1240        3.4770 
   8    O2       -4.7540       -5.1160        2.6750 
   6    C6       -3.7870       -4.1440        2.2880 
   6    C7       -3.7590       -3.7310        0.7800 
   6    C8       -5.0490       -3.1070        0.2620 
   8    O3       -2.5660       -2.9910        0.4950 
   6    C9       -2.4830       -1.5670        0.6230 
   6   C10       -1.5580       -1.0580        1.7690 
   6   C11       -0.3610       -1.9950        1.9400 
   8    O4       -1.1170        0.2860        1.4390 
   6   C12       -1.1170        1.2460        2.5160 
   6   C13       -1.4780        2.6870        2.0090 
   6   C14       -2.8030        2.6120        1.2320 
   8    O5       -1.6670        3.5620        3.1480 
   6   C15       -0.9320        4.8130        3.2230 
   6   C16       -0.3330        4.9110        4.6640 
   6   C17        0.8280        3.9010        4.7330 
   8    O6        0.2360        6.1490        5.1120 
   6   C18       -0.5600        7.2360        5.5940 
   6   C19       -1.6390        7.0190        6.6860 
   6   C20       -1.1280        6.4900        8.0290 
   8    O7       -2.4960        8.1760        6.8050 
   6   C21       -2.2050        9.2550        7.6980 
   6   C22       -1.3420       10.3990        7.0980 
   6   C23       -1.9540       10.9130        5.7990 
   8    O8       -1.2450       11.5520        7.9480 
   6   C24       -0.6070       11.4330        9.2140 
   6   C25        0.8700       10.9910        9.1960 
   6   C26        1.7300       11.8950        8.3070 
   8    O9        1.4690       11.0240       10.4990 
   6   C27        0.9050       10.1760       11.4990 
   6   C28        0.9300        8.6750       11.1750 
   6   C29        2.3350        8.1490       10.8980 
   8   O10        0.3500        7.9600       12.2680 
   1     H        0.5840        7.0210       12.1760 
   1    H1       -3.1400       -8.0380       -0.6670 
   1    H2       -1.9850       -9.7570       -0.1120 
   1    H3       -1.0580       -8.8120        1.0560 
   1    H4       -4.0600       -9.4470        1.3830 
   1    H5       -1.6160      -10.7740        2.6990 
   1    H6       -3.2930      -11.2120        2.9720 
   1    H7       -2.5570      -11.5120        1.3860 
   1    H8       -2.9000       -6.7900        3.8800 
   1    H9       -2.3690       -6.7420        2.2300 
   1   H10       -4.8230       -6.8190        1.4990 
   1   H11       -5.4070       -6.7990        4.5080 
   1   H12       -6.6040       -6.7370        3.2330 
   1   H13       -5.6450       -8.2160        3.4640 
   1   H14       -4.0410       -3.2410        2.8600 
   1   H15       -2.7920       -4.4330        2.6390 
   1   H16       -3.6450       -4.6680        0.2430 
   1   H17       -4.8790       -2.2560       -0.4100 
   1   H18       -5.6140       -3.8510       -0.3270 
   1   H19       -5.7310       -2.7850        1.0590 
   1   H20       -2.0330       -1.2250       -0.3200 
   1   H21       -3.4550       -1.0680        0.6740 
   1   H22       -2.1340       -1.0470        2.7000 
   1   H23        0.5130       -1.4900        2.3570 
   1   H24       -0.6330       -2.8300        2.5970 
   1   H25       -0.0560       -2.4320        0.9820 
   1   H26       -1.8250        0.9610        3.3020 
   1   H27       -0.1200        1.2650        2.9740 
   1   H28       -0.6930        3.0550        1.3390 
   1   H29       -3.6220        2.3420        1.9190 
   1   H30       -3.0580        3.5720        0.7950 
   1   H31       -2.7670        1.8470        0.4400 
   1   H32       -0.1490        4.8770        2.4550 
   1   H33       -1.6280        5.6400        3.0410 
   1   H34       -1.0930        4.5910        5.3810 
   1   H35        1.7780        4.3830        5.0110 
   1   H36        0.6170        3.1400        5.4840 
   1   H37        0.9980        3.3810        3.7850 
   1   H38       -1.0000        7.7520        4.7360 
   1   H39        0.1680        7.9440        6.0130 
   1   H40       -2.3100        6.2440        6.3060 
   1   H41       -1.8810        6.6160        8.8170 
   1   H42       -0.8980        5.4210        7.9680 
   1   H43       -0.2220        7.0070        8.3580 
   1   H44       -3.1740        9.6910        7.9680 
   1   H45       -1.7990        8.8990        8.6500 
   1   H46       -0.3360       10.0290        6.8860 
   1   H47       -1.8530       12.0050        5.7110 
   1   H48       -1.4640       10.4600        4.9360 
   1   H49       -3.0250       10.6940        5.7290 
   1   H50       -0.6570       12.4280        9.6800 
   1   H51       -1.2130       10.7920        9.8570 
   1   H52        0.9560        9.9760        8.7960 
   1   H53        2.7610       11.9530        8.6800 
   1   H54        1.7630       11.5180        7.2810 
   1   H55        1.3450       12.9190        8.2740 
   1   H56        1.4740       10.3500       12.4200 
   1   H57       -0.1140       10.5010       11.7350 
   1   H58        0.3010        8.4830       10.3000 
   1   H59        2.7990        7.7420       11.8020 
   1   H60        2.2780        7.3240       10.1780 
   1   H61        2.9940        8.9090       10.4690 

