Run semi-empirical minimization
 &qmmm
  qm_theory='AM1', grms_tol=0.05, scfconv=1.d-10, ndiis_attempts=700,   qmcharge=0,
 /
   6     C        3.0530        6.0370       -0.9840 
   6    C1        3.8750        4.7590       -1.1800 
   8     O        4.3150        4.1390        0.0290 
   6    C2        3.3020        3.7440        0.9520 
   6    C3        2.3880        2.6250        0.4460 
   8    O1        1.5070        2.0820        1.4320 
   6    C4        0.6300        2.9910        2.0950 
   6    C5       -0.3580        3.7150        1.1760 
   8    O2       -1.2850        4.5620        1.8580 
   6    C6       -0.7430        5.6370        2.6280 
   6    C7        0.1040        6.6300        1.8270 
   8    O3        0.5250        7.7840        2.5500 
   6    C8        1.3510        7.5790        3.6970 
   6    C9        2.6840        6.8710        3.4380 
   8    O4        3.5210        6.7610        4.5950 
   6   C10        3.0310        5.9740        5.6870 
   6   C11        2.8900        4.4840        5.3670 
   8    O5        2.3710        3.6370        6.3890 
   6   C12        1.2060        4.0060        7.1200 
   6   C13       -0.0670        4.3060        6.3190 
   8    O6       -1.2750        4.2770        7.0880 
   6   C14       -1.4040        5.1750        8.1940 
   6   C15       -1.3280        6.6610        7.8240 
   8    O7       -1.7070        7.5740        8.8560 
   6   C16       -1.0340        7.4770       10.1070 
   6   C17        0.4720        7.7540       10.0490 
   8    O8        1.1150        7.7870       11.3280 
   6   C18        1.0390        6.6070       12.1300 
   6   C19        1.6850        5.3730       11.4920 
   8    O9        1.7220        4.2210       12.3360 
   6   C20        0.4710        3.7010       12.7900 
   6   C21       -0.4970        3.3180       11.6660 
   8   O10       -1.6710        2.6210       12.0820 
   6   C22       -2.5120        3.2740       13.0380 
   6   C23       -3.0830        4.6010       12.5380 
   8   O11       -3.7990        4.4230       11.3200 
   8   O12        3.6880        6.9510       -0.0990 
   1     H        2.0700        5.8060       -0.5680 
   1    H1        2.8930        6.5370       -1.9440 
   1    H2        3.3320        4.0380       -1.7970 
   1    H3        4.7900        5.0220       -1.7240 
   1    H4        3.8090        3.4050        1.8630 
   1    H5        2.7200        4.6170        1.2470 
   1    H6        1.8030        2.9490       -0.4200 
   1    H7        3.0120        1.7980        0.0880 
   1    H8        0.0640        2.4130        2.8360 
   1    H9        1.2220        3.7000        2.6750 
   1   H10        0.1570        4.2900        0.4020 
   1   H11       -0.9470        2.9630        0.6370 
   1   H12       -1.5900        6.1710        3.0730 
   1   H13       -0.1810        5.2270        3.4700 
   1   H14        0.9750        6.1430        1.3880 
   1   H15       -0.4920        6.9840        0.9770 
   1   H16        1.5680        8.5710        4.1100 
   1   H17        0.7660        7.0660        4.4630 
   1   H18        2.5330        5.8820        3.0050 
   1   H19        3.2460        7.4380        2.6860 
   1   H20        3.7570        6.0870        6.5010 
   1   H21        2.1020        6.4050        6.0640 
   1   H22        2.3210        4.3170        4.4570 
   1   H23        3.9000        4.1020        5.1440 
   1   H24        0.9920        3.1590        7.7830 
   1   H25        1.4530        4.8430        7.7810 
   1   H26        0.0070        5.2660        5.8070 
   1   H27       -0.1840        3.5510        5.5320 
   1   H28       -2.3700        4.9780        8.6620 
   1   H29       -0.6490        4.9260        8.9440 
   1   H30       -0.3330        6.9200        7.4590 
   1   H31       -2.0030        6.8430        6.9790 
   1   H32       -1.4960        8.2140       10.7740 
   1   H33       -1.2470        6.5060       10.5570 
   1   H34        0.9910        7.0450        9.4010 
   1   H35        0.6280        8.7390        9.5930 
   1   H36        1.5540        6.8260       13.0740 
   1   H37       -0.0030        6.4230       12.4050 
   1   H38        1.2090        5.1090       10.5420 
   1   H39        2.7230        5.6140       11.2370 
   1   H40        0.6940        2.8060       13.3820 
   1   H41        0.0180        4.4120       13.4880 
   1   H42       -0.7960        4.1970       11.0920 
   1   H43        0.0260        2.6680       10.9560 
   1   H44       -3.3430        2.5830       13.2210 
   1   H45       -1.9800        3.4010       13.9850 
   1   H46       -3.7650        5.0270       13.2790 
   1   H47       -2.2910        5.3290       12.3520 
   1   H48       -3.3920        3.6690       10.8520 
   1   H49        4.6470        6.9140       -0.2690 

