&atomlist
0 O
1 C
2 C
3 C
4 O
5 C
6 C
7 C
8 O
9 C
10 C
11 C
12 O
13 C
14 C
15 C
16 O
17 C
18 C
19 C
20 O
21 C
22 C
23 C
24 O
25 C
26 C
27 C
28 O
29 C
30 C
31 C
32 O
33 C
34 C
35 C
36 O
37 C
38 C
39 C
40 O
41 C
42 C
43 C
44 O
45 C
46 C
47 C
48 O
49 H
50 H
51 H
52 H
53 H
54 H
55 H
56 H
57 H
58 H
59 H
60 H
61 H
62 H
63 H
64 H
65 H
66 H
67 H
68 H
69 H
70 H
71 H
72 H
73 H
74 H
75 H
76 H
77 H
78 H
79 H
80 H
81 H
82 H
83 H
84 H
85 H
86 H
87 H
88 H
89 H
90 H
91 H
92 H
93 H
94 H
95 H
96 H
97 H
98 H
99 H
100 H
101 H
102 H
103 H
104 H
105 H
106 H
107 H
108 H
109 H
110 H
111 H
112 H
113 H
114 H
115 H
116 H
117 H
118 H
119 H
120 H
121 H
122 H
&bondlist
1 2
1 52
1 0
2 53
2 4
3 55
3 54
3 2
4 5
5 58
5 6
5 57
6 59
6 7
6 8
7 61
7 60
8 9
9 64
9 63
10 65
10 11
10 12
10 9
11 66
11 68
13 12
13 70
13 69
14 71
14 16
14 13
15 72
15 74
15 14
17 16
17 18
18 77
18 19
18 20
19 78
19 79
20 21
21 22
21 82
22 83
22 24
23 85
23 22
24 25
25 87
25 26
26 89
26 27
26 28
27 92
27 90
29 28
29 93
30 95
30 32
30 31
30 29
31 98
33 34
33 32
34 101
34 35
35 103
35 104
35 102
36 34
37 105
37 36
38 107
38 39
38 37
39 109
39 110
40 38
41 112
41 111
41 40
42 113
42 41
43 42
43 116
44 42
45 44
45 117
46 119
46 45
46 47
47 122
47 120
48 46
49 48
50 0
51 1
56 3
62 7
67 11
73 15
75 17
76 17
80 19
81 21
84 23
86 23
88 25
91 27
94 29
96 31
97 31
99 33
100 33
106 37
108 39
114 43
115 43
118 45
121 47
&representative
23
