Run semi-empirical minimization
 &qmmm
  qm_theory='AM1', grms_tol=0.05, scfconv=1.d-10, ndiis_attempts=700,   qmcharge=0,
 /
   6     C        1.1420       -0.7300        2.3610 
   6    C1        0.5130        0.3120        1.4480 
   6    C2        0.9740        1.7270        1.8040 
   6    C3        0.4100        2.8080        0.8740 
   6    C4       -1.1160        2.9080        0.9050 
   6    C5       -1.6230        4.0270        0.0090 
   1     H        2.2330       -0.7250        2.2710 
   1    H1        0.7830       -1.7290        2.0970 
   1    H2        0.8810       -0.5410        3.4080 
   1    H3        0.7740        0.0860        0.4080 
   1    H4       -0.5750        0.2310        1.5380 
   1    H5        0.6960        1.9570        2.8400 
   1    H6        2.0690        1.7700        1.7550 
   1    H7        0.8390        3.7730        1.1710 
   1    H8        0.7470        2.6170       -0.1530 
   1    H9       -1.5670        1.9700        0.5680 
   1   H10       -1.4560        3.0840        1.9320 
   1   H11       -1.3150        3.8680       -1.0290 
   1   H12       -2.7170        4.0640        0.0350 
   1   H13       -1.2420        4.9990        0.3370 

