1.275771079999999946e+00 3.986572240000000100e+00 1.246615996999999965e+01
2.037613270000000032e+00 5.168290690000000076e+00 1.279164549999999956e+01
1.094252460000000093e+00 6.432994329999999650e+00 1.279843538999999986e+01
-2.911261078079774300e-02 6.316879250000000390e+00 1.363477662000000024e+01
1.869038500000000047e+00 7.762699559999999721e+00 1.313688916999999989e+01
4.801141399999999670e-01 4.224219500000000238e+00 1.198150101999999961e+01
2.763175069999999955e+00 5.125314279999999556e+00 1.365029127000000031e+01
2.728600380000000047e+00 5.346141760000000076e+00 1.198304307000000080e+01
6.626509600000000111e-01 6.408181510000000358e+00 1.177835722000000018e+01
-3.033897107807967952e-01 7.195391319999999702e+00 1.396404708000000028e+01
2.853588320000000067e+00 8.009644299999999717e+00 1.249854436000000035e+01
1.300309050000000077e+00 8.590889179999999570e+00 1.305275699000000067e+01
2.288596819999999976e+00 7.671895919999999869e+00 1.414537089999999964e+01
6.544370190000000420e+00 1.602178819999999781e+00 8.186600899999998404e-01
6.734470970000000278e+00 2.698477000000000237e-01 1.434607329999999958e+00
7.739377720000000238e+00 4.265571400000000013e-01 2.615372869999999850e+00
7.949632389999999660e+00 1.863014989999999926e+00 2.908179210000000126e+00
7.372986440000000030e+00 -4.186808207807980464e-01 3.848545820000000006e+00
6.862038629999999806e+00 2.021999749999999985e+00 1.607545659999999987e+00
5.766000120000000173e+00 -9.365305078079788625e-02 1.765683469999999922e+00
7.195391579999999898e+00 -5.046639007807981470e-01 7.272651100000000479e-01
8.692818859999999148e+00 5.340617000000003056e-02 2.264465669999999875e+00
8.658952579999999344e+00 1.873321299999999745e+00 3.634214350000000149e+00
7.623129660000000030e+00 -1.509004600780798455e+00 3.610941110000000176e+00
7.730647860000000371e+00 -4.192246078079786553e-02 4.830108469999999876e+00
6.246849459999999965e+00 -4.499493707807981080e-01 3.929174080000000124e+00
1.295121621999999917e+01 1.303166217999999965e+01 1.073389109000000019e+01
1.284285874000000049e+01 1.299631040000000048e+01 1.217462401999999955e+01
1.344747135000000071e+01 1.432170419999999922e+01 1.266890730000000076e+01
1.480068596999999997e+01 1.438885508999999985e+01 1.208003867999999947e+01
1.259069464999999965e+01 1.551463156078079741e+01 1.215263687000000026e+01
1.386280825999999955e+01 1.351244435000000088e+01 1.073064865999999995e+01
1.187282173000000007e+01 1.285467249000000045e+01 1.272632310000000011e+01
1.339808191000000015e+01 1.210061336999999959e+01 1.256252856000000051e+01
1.341102363999999980e+01 1.439024616000000023e+01 1.378994703000000044e+01
1.525295522000000048e+01 1.510289868999999996e+01 1.250076626000000068e+01
1.275894485999999972e+01 1.578384911078079789e+01 1.112447324000000037e+01
1.152808557000000000e+01 1.512072655999999959e+01 1.229350458999999951e+01
1.253800230999999954e+01 1.636800957078079932e+01 1.283531398999999951e+01
9.674117629999999579e+00 9.595128219999999430e+00 3.201460659999999958e+00
9.282440949999999802e+00 9.602168900000000562e+00 1.889052530000000063e+00
8.230960140000000536e+00 1.067790407000000030e+01 1.685861129999999930e+00
7.268078080000000440e+00 1.063839117000000023e+01 2.603974650000000057e+00
8.861077489999999557e+00 1.213102375000000066e+01 1.632861090000000015e+00
1.053876546000000047e+01 1.003158857999999931e+01 3.327189010000000113e+00
1.009963836999999920e+01 9.752173770000000630e+00 1.259165869999999909e+00
8.808950890000000200e+00 8.603808219999999451e+00 1.725128929999999894e+00
7.894462779999999569e+00 1.037200102999999984e+01 7.187595700000000143e-01
7.698597030000000174e+00 1.012751255999999955e+01 3.346423960000000086e+00
8.069113189999999491e+00 1.283803905000000078e+01 1.209950990000000060e+00
8.992540220000000417e+00 1.245041675999999953e+01 2.653602320000000070e+00
9.733032950000000127e+00 1.208536950999999959e+01 9.248164100000000332e-01
3.359483149999999974e+00 1.151476169999999932e+01 2.806775090000000361e+00
3.619585180000000069e+00 1.072506959999999943e+01 1.706246050000000070e+00
4.089027989999999946e+00 1.150333423999999916e+01 5.475061500000000247e-01
5.095385949999999831e+00 1.247896605000000037e+01 1.032853580000000049e+00
4.761824840000000059e+00 1.065574243999999915e+01 -5.713407307807971680e-01
4.010746990000000345e+00 1.221193221999999956e+01 2.959763150000000564e+00
4.334469109999999681e+00 9.914795890000000611e+00 1.870266599999999890e+00
2.700088560000000193e+00 1.030696992000000023e+01 1.303580469999999991e+00
3.331152729999999895e+00 1.209259937999999934e+01 9.769764999999996924e-02
5.871107900000000157e+00 1.192363929000000056e+01 1.136391909999999950e+00
5.083242040000000017e+00 1.129997715999999919e+01 -1.384891740780798353e+00
5.669021360000000342e+00 1.012929046000000000e+01 -3.307285707807976483e-01
4.024526569999999914e+00 9.778387549999999706e+00 -7.987028907807973699e-01
-4.800361007807973368e-01 3.834564750000000188e+00 4.641390389999999755e+00
-9.150427078079753640e-02 4.048662099999999597e+00 5.984962949999999893e+00
3.700704300000000058e-01 2.672443529999999789e+00 6.715570699999999782e+00
-6.540556607807987977e-01 1.654699059999999999e+00 6.578136050000000346e+00
1.602842279999999953e+00 1.999051169999999988e+00 6.119417349999999978e+00
-1.363872960780798005e+00 3.572293999999999858e+00 4.477306999999999704e+00
7.495053900000000491e-01 4.755237580000000186e+00 6.024629140000000049e+00
-1.002208750780797297e+00 4.379715449999999954e+00 6.524610049999999717e+00
5.651472800000000296e-01 2.984326750000000139e+00 7.796368679999999607e+00
-8.499187707807982495e-01 1.432136480000000045e+00 5.612965629999999706e+00
1.628807880000000097e+00 8.928911899999998347e-01 6.205497929999999940e+00
1.877596440000000033e+00 2.331422959999999822e+00 5.093536949999999841e+00
2.400123429999999836e+00 2.437099320000000180e+00 6.749392730000000284e+00
3.890776629999999958e+00 1.799704980000000010e+00 1.548558825078079870e+01
3.669375430000000105e+00 1.916609220000000002e+00 1.410069541999999920e+01
4.253918660000000074e+00 5.287712300000000365e-01 1.349761885999999933e+01
5.644970589999999788e+00 4.007692999999999950e-01 1.346732365000000087e+01
3.725136969999999881e+00 -7.466672707807975318e-01 1.411376394999999917e+01
4.875127520000000381e+00 1.800024810000000031e+00 1.544655652078079733e+01
2.675035219999999825e+00 2.063163390000000152e+00 1.394480017999999966e+01
4.228573080000000317e+00 2.644256500000000010e+00 1.354420297999999967e+01
3.993246790000000157e+00 5.557687300000000441e-01 1.242393483999999937e+01
5.804908949999999734e+00 -1.845292307807986365e-01 1.420167211999999957e+01
3.961033299999999979e+00 -9.017990707807987949e-01 1.515333614000000040e+01
2.697124909999999876e+00 -7.341356307807986870e-01 1.404995594999999931e+01
4.015101079999999989e+00 -1.608772120780797232e+00 1.338458604000000030e+01
9.305214749999999313e+00 1.116069161999999970e+01 1.306495978000000058e+01
1.032365921999999969e+01 1.026837699999999920e+01 1.347994231000000021e+01
1.063819844000000003e+01 9.336233910000000691e+00 1.224245548999999933e+01
1.124730341000000067e+01 1.009314204000000004e+01 1.126991210999999993e+01
1.156890639999999948e+01 8.141854549999999691e+00 1.241326843000000046e+01
8.869456030000000268e+00 1.100031667999999918e+01 1.221450044999999918e+01
1.123906689000000014e+01 1.072421800999999952e+01 1.370697778999999983e+01
9.957021210000000622e+00 9.638697150000000491e+00 1.434662420999999988e+01
9.653175020000000828e+00 9.022361480000000711e+00 1.182347135000000016e+01
1.065420235999999932e+01 1.085322784999999968e+01 1.108493977999999913e+01
1.100228856000000022e+01 7.381608739999999891e+00 1.289360321000000020e+01
1.202148157999999967e+01 7.692550930000000342e+00 1.149010844999999925e+01
1.238738808999999996e+01 8.245120119999999275e+00 1.321198676999999932e+01
4.533116090000000042e+00 5.452563589999999571e+00 5.628989179999999592e+00
5.725019559999999785e+00 5.712241090000000021e+00 4.881946270000000254e+00
6.014414229999999861e+00 7.248974900000000332e+00 4.690518840000000189e+00
5.853265369999999912e+00 7.979484860000000346e+00 5.933405340000000194e+00
7.447272319999999723e+00 7.399324390000000307e+00 4.092044139999999608e+00
3.968978480000000086e+00 4.700021770000000210e+00 5.163325799999999965e+00
6.566315559999999607e+00 5.382087489999999974e+00 5.460117000000000331e+00
5.760259060000000098e+00 5.181673410000000146e+00 3.863262440000000186e+00
5.313495559999999784e+00 7.629350900000000379e+00 4.052224100000000107e+00
5.021103280000000169e+00 7.459711559999999686e+00 6.186547219999999569e+00
7.967992180000000424e+00 6.450144120000000036e+00 4.368234270000000308e+00
7.448182359999999669e+00 7.472986979999999946e+00 3.011761649999999957e+00
7.883200679999999849e+00 8.284878980000000226e+00 4.493467169999999733e+00
1.356169028000000054e+01 9.827425440000000734e+00 3.490767899999999813e+00
1.344453011000000053e+01 1.019614338999999958e+01 2.133841659999999862e+00
1.470835617999999911e+01 9.813423119999999500e+00 1.329313600000000095e+00
1.483901632000000070e+01 8.404918500000000847e+00 1.029441969999999928e+00
1.466893272000000081e+01 1.058251996000000084e+01 2.652285000000009774e-02
1.397285336000000022e+01 8.935269529999999349e+00 3.390250889999999906e+00
1.249846626000000072e+01 9.742772600000000338e+00 1.764873839999999916e+00
1.340040448000000062e+01 1.132686099999999918e+01 2.091215169999999901e+00
1.555079368078079760e+01 1.020705509000000077e+01 1.875722679999999976e+00
1.573152004078079713e+01 8.258198610000000883e+00 1.216429149999999959e+00
1.569403816078079750e+01 1.060929847000000059e+01 -4.243637207807988698e-01
1.385753208999999941e+01 1.005720183999999939e+01 -5.877731107807988575e-01
1.444840534999999981e+01 1.167675005000000077e+01 6.219820000000098048e-03
7.172900160000000191e+00 6.561243700000000345e+00 1.299998794000000046e+01
7.538042449999999839e+00 7.362832690000000291e+00 1.410067951999999991e+01
6.595865840000000091e+00 7.144987269999999668e+00 1.531929554999999965e+01
5.219298679999999635e+00 7.021635530000000180e+00 1.493564240000000076e+01
6.988294589999999751e+00 5.864477120000000099e+00 1.609337087078079520e+01
7.921900769999999703e+00 5.996057229999999905e+00 1.295654694000000084e+01
8.559950349999999375e+00 7.149078620000000051e+00 1.447475423000000028e+01
7.495359510000000114e+00 8.434204499999999882e+00 1.384890191000000037e+01
6.695634870000000127e+00 8.067852410000000418e+00 1.590359514078079783e+01
5.217296649999999758e+00 6.518757919999999650e+00 1.408356777999999920e+01
6.234437480000000420e+00 5.708624630000000089e+00 1.692003672078080001e+01
7.070883030000000069e+00 5.009720830000000014e+00 1.548948027078079726e+01
7.917659310000000339e+00 6.000771819999999757e+00 1.662628021078079854e+01
7.916379159999999970e+00 1.299917862000000035e+01 5.902779749999999659e+00
6.950321640000000301e+00 1.200418662000000047e+01 5.648306609999999672e+00
5.663338699999999726e+00 1.238627287000000088e+01 6.194548540000000436e+00
4.961525169999999818e+00 1.327373425999999945e+01 5.339650690000000033e+00
4.724208349999999612e+00 1.116226930999999922e+01 6.393678320000000248e+00
7.646927579999999836e+00 1.343616117999999915e+01 6.705051939999999711e+00
6.960826179999999752e+00 1.165415441000000030e+01 4.581569439999999993e+00
7.242028249999999723e+00 1.104499155000000066e+01 6.130901829999999997e+00
5.777491450000000306e+00 1.281413900000000083e+01 7.179918439999999791e+00
4.139228600000000036e+00 1.284556313999999944e+01 5.143844549999999849e+00
3.933472370000000051e+00 1.146600134000000004e+01 7.226848740000000326e+00
4.356415690000000396e+00 1.077139576000000076e+01 5.426828920000000167e+00
5.198909650000000049e+00 1.032616892999999969e+01 6.770269960000000253e+00
6.989149620000000063e+00 1.392819564999999926e+01 8.928597820000000240e+00
6.776091000000000086e+00 1.406744351999999942e+01 1.036143444000000002e+01
7.815968930000000370e+00 1.309884936000000089e+01 1.100649849000000025e+01
7.778203000000000422e+00 1.175452265000000018e+01 1.057862446999999939e+01
9.205596059999999525e+00 1.366016491000000066e+01 1.078027304000000086e+01
6.972612540000000081e+00 1.479487020999999913e+01 8.497765030000000053e+00
7.067960030000000060e+00 1.505707501999999920e+01 1.066681724999999936e+01
5.772883079999999723e+00 1.378967545999999977e+01 1.068796030000000030e+01
7.665854649999999992e+00 1.313234972000000056e+01 1.210057250999999923e+01
6.923574750000000222e+00 1.150047804000000085e+01 1.014503230999999950e+01
9.900453479999999473e+00 1.367443328000000058e+01 1.167097616000000038e+01
9.760204169999999735e+00 1.316803664999999945e+01 1.003482827000000022e+01
9.247522039999999777e+00 1.469813521999999928e+01 1.056009951999999963e+01
4.666967549999999854e+00 2.179958560000000212e+00 1.058077826000000066e+01
4.630550819999999845e+00 3.572542620000000113e+00 1.067229911999999992e+01
3.597687370000000051e+00 3.952433720000000150e+00 9.544423169999999956e+00
2.300678299999999954e+00 3.364032139999999949e+00 9.836974480000000298e+00
3.437791209999999875e+00 5.541672499999999779e+00 9.306334420000000662e+00
5.594239439999999952e+00 1.910166870000000294e+00 1.079704710999999939e+01
4.226340880000000411e+00 3.804456500000000130e+00 1.160907644999999988e+01
5.579832960000000064e+00 4.112812349999999562e+00 1.056068065999999916e+01
3.926167550000000173e+00 3.530674100000000148e+00 8.550676210000000665e+00
2.334746099999999824e+00 2.964745300000000139e+00 1.073405065999999941e+01
2.471564129999999970e+00 5.680039019999999717e+00 8.715734199999999987e+00
3.273783690000000135e+00 5.963937089999999941e+00 1.026576382000000009e+01
4.291992689999999833e+00 6.048060480000000183e+00 8.873605510000000862e+00
3.450860500000000108e+00 6.654465749999999957e+00 1.982831180000000026e+00
3.430867179999999905e+00 5.222489050000000077e+00 1.737275020000000003e+00
2.290759330000000205e+00 4.397472989999999804e+00 2.395709080000000046e+00
2.522773280000000007e+00 4.212061730000000281e+00 3.800597579999999809e+00
9.194209500000001256e-01 5.113710010000000139e+00 2.151450189999999818e+00
3.831701209999999858e+00 7.003911910000000240e+00 1.084223979999999976e+00
3.384794970000000180e+00 5.124184640000000179e+00 6.737190900000000759e-01
4.387117390000000228e+00 4.809678840000000122e+00 2.141790569999999949e+00
2.266436570000000206e+00 3.417151409999999778e+00 1.897365079999999926e+00
1.691251119999999997e+00 4.454529589999999928e+00 4.271375289999999936e+00
9.651167000000000495e-01 5.594895440000000164e+00 1.177613690000000046e+00
1.271925399999997985e-01 4.392777680000000018e+00 2.185020380000000095e+00
6.827930100000001445e-01 5.846400090000000382e+00 2.867864759999999791e+00
-3.156447007807974270e-01 7.917631730000000090e+00 5.354935420000000335e+00
1.013502169999999980e+00 7.820199729999999683e+00 5.822018429999999967e+00
1.856055840000000012e+00 8.855299889999999507e+00 5.162097400000000391e+00
2.010776260000000093e+00 8.632158159999999469e+00 3.747558919999999905e+00
1.272954600000000047e+00 1.023286464999999978e+01 5.389124169999999658e+00
-8.147298507807982926e-01 8.605607779999999707e+00 5.834781869999999593e+00
8.483980800000001654e-01 8.073754510000000550e+00 6.842119979999999657e+00
1.530648690000000034e+00 6.833984599999999965e+00 5.824419110000000011e+00
2.960945450000000090e+00 8.872934459999999746e+00 5.527289350000000212e+00
2.468085799999999885e+00 7.744519839999999711e+00 3.591146890000000091e+00
1.865269360000000098e+00 1.102026887000000066e+01 4.899709889999999568e+00
2.370119200000000426e-01 1.029552842000000012e+01 5.045567519999999639e+00
1.284202829999999906e+00 1.054633089999999918e+01 6.452629230000000327e+00
1.167785566999999958e+01 8.864815030000000817e+00 5.526950760000000074e+00
1.094038313000000073e+01 7.585175399999999790e+00 5.519882230000000334e+00
1.166702916000000023e+01 6.615252289999999924e+00 6.419075420000000420e+00
1.204916940999999930e+01 7.139489489999999883e+00 7.652642229999999657e+00
1.103016281000000021e+01 5.238894840000000386e+00 6.619395289999999932e+00
1.144352897999999996e+01 9.294364039999999605e+00 6.409656260000000216e+00
9.909890819999999323e+00 7.796100759999999852e+00 5.682897969999999965e+00
1.090398294999999962e+01 7.253061930000000324e+00 4.480163130000000216e+00
1.257314498000000036e+01 6.195561549999999862e+00 5.932342679999999646e+00
1.260377899999999940e+01 7.952339839999999604e+00 7.447710469999999638e+00
1.041728909000000058e+01 5.172813070000000124e+00 7.562638100000000030e+00
1.048140264000000066e+01 4.854483250000000361e+00 5.803682300000000183e+00
1.185581531999999960e+01 4.540684650000000211e+00 6.784298810000000124e+00
1.454096028000000018e+01 4.072807759999999888e+00 1.491278641999999977e+01
1.531773425999999994e+01 2.947273109999999807e+00 1.532008466999999996e+01
1.489481798999999995e+01 1.597681930000000028e+00 1.469215518999999937e+01
1.554339534078079765e+01 1.462927749999999971e+00 1.338171376000000024e+01
1.526492769999999943e+01 2.918469699999999278e-01 1.546156547078079768e+01
1.507347281999999922e+01 4.656991449999999588e+00 1.425720785999999940e+01
1.636222416078079789e+01 3.083873979999999904e+00 1.507941613999999930e+01
1.533160406999999914e+01 2.826091850000000072e+00 1.639131859078079856e+01
1.380500999999999934e+01 1.695080399999999932e+00 1.452281471999999951e+01
1.554999024078079728e+01 2.400719019999999926e+00 1.312957349000000029e+01
1.481813574999999972e+01 -6.822862407807976926e-01 1.498562008000000034e+01
1.637610678078079829e+01 2.486143000000000658e-01 1.569810305078079793e+01
1.488345997000000054e+01 2.554755300000000062e-01 1.647300122078079809e+01
1.314935967000000083e+01 6.065182540000000344e+00 1.030762911999999965e+01
1.429244167999999959e+01 5.362648410000000254e+00 9.703277070000000393e+00
1.419437974999999952e+01 3.911506290000000163e+00 1.005247065000000006e+01
1.404234669000000046e+01 3.795768279999999884e+00 1.148996338999999978e+01
1.314804572999999976e+01 3.137932339999999876e+00 9.346840950000000703e+00
1.263090850000000032e+01 6.308860540000000405e+00 9.517315299999999922e+00
1.423001913000000052e+01 5.626010329999999726e+00 8.613422429999999963e+00
1.520334798999999926e+01 5.769300710000000443e+00 9.984047370000000754e+00
1.510162152000000013e+01 3.454099160000000168e+00 9.667742810000000020e+00
1.368897899000000073e+01 4.721812449999999828e+00 1.168885241000000086e+01
1.341222821999999937e+01 2.700020079999999822e+00 8.403428930000000463e+00
1.233229028000000049e+01 3.723237660000000115e+00 9.049074409999999347e+00
1.278953946999999935e+01 2.217508640000000142e+00 9.824281230000000420e+00
9.333553249999999579e+00 8.247942700000000515e-01 -5.457563507807979830e-01
1.004542119000000078e+01 -3.834843907807978791e-01 -2.078982007807991250e-01
1.130437090000000033e+01 8.295695999999999626e-02 5.136063400000000501e-01
1.100197537000000025e+01 8.099186200000000335e-01 1.668817639999999880e+00
1.199468096999999922e+01 -1.227852050780799287e+00 8.516709799999999664e-01
8.470717649999999210e+00 4.461992999999999654e-01 -8.693229107807977085e-01
9.484335989999999939e+00 -1.061872150780799329e+00 5.702072799999999830e-01
1.041823298999999992e+01 -9.054720107807987528e-01 -1.088989140780799225e+00
1.184658136000000006e+01 6.322905800000000465e-01 -1.900637107807988668e-01
1.034850963999999962e+01 1.457335400000000059e+00 1.482639770000000023e+00
1.308715613000000033e+01 -1.140008840780798449e+00 9.267340699999999654e-01
1.155331134999999954e+01 -1.611954730780799094e+00 1.802306039999999943e+00
1.167221003999999951e+01 -2.017781010780798301e+00 1.938273799999999936e-01
3.183915199999999945e+00 9.305528810000000206e+00 8.902125789999999483e+00
4.183449559999999678e+00 8.756639350000000377e+00 9.866138140000000334e+00
5.068947210000000148e+00 9.872065400000000324e+00 1.040079154000000017e+01
5.370924989999999788e+00 1.069963231000000015e+01 9.257793819999999840e+00
4.475001250000000041e+00 1.073455341000000018e+01 1.147564355999999997e+01
2.285727720000000129e+00 9.103008259999999296e+00 9.279422339999999991e+00
3.810930980000000190e+00 8.090008069999999663e+00 1.059351406999999945e+01
4.921348240000000374e+00 8.163208859999999234e+00 9.292631430000000137e+00
5.994396140000000095e+00 9.384406050000000832e+00 1.081553536999999920e+01
4.771897629999999779e+00 1.031579407999999987e+01 8.620548839999999657e+00
5.415348899999999688e+00 1.098405282999999955e+01 1.203768731000000081e+01
4.081043639999999861e+00 1.168059002999999940e+01 1.105520794000000073e+01
3.816645359999999876e+00 1.032874830000000088e+01 1.230459220999999914e+01
1.303532867000000017e+01 4.843321800000000010e-01 4.281895669999999932e+00
1.207164681000000073e+01 3.821179500000000395e-01 5.315780150000000148e+00
1.126996208000000088e+01 1.744375980000000048e+00 5.519311590000000045e+00
1.042398569000000030e+01 1.903841450000000046e+00 4.415961829999999644e+00
1.040149079999999948e+01 1.501266900000000071e+00 6.840465530000000349e+00
1.252676229999999968e+01 5.298545099999998342e-01 3.465045490000000061e+00
1.136104633000000064e+01 -3.948046507807978500e-01 4.974659510000000395e+00
1.257881992999999987e+01 1.817205299999999912e-01 6.203345549999999875e+00
1.201328821000000069e+01 2.620843170000000111e+00 5.593271610000000393e+00
1.102232517000000023e+01 2.182400760000000162e+00 3.659160459999999837e+00
9.702790070000000711e+00 6.914862600000000192e-01 6.738599469999999592e+00
1.111698003999999962e+01 1.399918790000000079e+00 7.681974430000000353e+00
9.812558100000000394e+00 2.411000329999999803e+00 7.092409140000000001e+00
9.279884819999999479e+00 9.800712750000000639e+00 7.451410019999999967e+00
9.331746750000000645e+00 9.201758299999999835e+00 8.759653950000000577e+00
8.133549419999999586e+00 8.037795300000000864e+00 8.779989240000000805e+00
8.013709220000000855e+00 7.306873079999999909e+00 7.582745329999999839e+00
8.459798830000000436e+00 7.075075759999999825e+00 9.870699679999999532e+00
8.571923449999999889e+00 1.046142223000000016e+01 7.358953660000000063e+00
1.029079188000000045e+01 8.853507909999999370e+00 8.904517679999999658e+00
9.004513080000000613e+00 1.006356792999999961e+01 9.363727210000000412e+00
7.107565469999999941e+00 8.414989800000000741e+00 9.007555590000000834e+00
7.488631309999999708e+00 7.830726979999999671e+00 6.899708419999999620e+00
8.324348690000000772e+00 7.534698380000000029e+00 1.080555496999999932e+01
7.636012949999999577e+00 6.385315280000000371e+00 9.754473680000000257e+00
9.484139040000000520e+00 6.640442529999999621e+00 9.720813659999999246e+00
1.146854088000000083e+01 4.988129680000000121e+00 -5.671842007807967878e-01
1.090289199000000053e+01 4.568246880000000232e+00 6.494774399999998504e-01
1.182776029999999956e+01 4.765643179999999646e+00 1.834101629999999927e+00
1.280851842999999946e+01 3.826966999999999786e+00 1.900601130000000083e+00
1.244641037999999966e+01 6.187731809999999832e+00 1.890133389999999913e+00
1.242275895000000041e+01 4.843021880000000223e+00 -3.406323207807979703e-01
1.007338232000000033e+01 5.255922639999999646e+00 7.609404699999999799e-01
1.041734356000000083e+01 3.586920090000000005e+00 5.558546599999998339e-01
1.120887004000000076e+01 4.704410639999999866e+00 2.802274559999999859e+00
1.360583689999999990e+01 4.102792019999999873e+00 1.474521689999999996e+00
1.165006052999999930e+01 6.903363719999999759e+00 1.823412250000000068e+00
1.309266968000000020e+01 6.304313409999999784e+00 2.785197800000000168e+00
1.295592335000000084e+01 6.376650159999999623e+00 9.751191000000000164e-01
6.245254199999998868e-01 1.521186256999999920e+01 8.799591910000000183e+00
1.639957459999999978e+00 1.596233174078079742e+01 9.336157469999999847e+00
2.784653850000000208e+00 1.498300292000000056e+01 9.773598540000000057e+00
2.263150759999999817e+00 1.412059698999999924e+01 1.078701721000000013e+01
3.475669349999999991e+00 1.412290121000000021e+01 8.622978840000000034e+00
3.999739600000000728e-01 1.589731353078079756e+01 8.234581970000000695e+00
2.163717000000000112e+00 1.661125731078080037e+01 8.609060960000000762e+00
1.358919420000000100e+00 1.643986112078079742e+01 1.024814057000000034e+01
3.552788679999999921e+00 1.548291128078079737e+01 1.036485833999999961e+01
1.307913330000000096e+00 1.404091812000000061e+01 1.068614481000000005e+01
3.628819280000000091e+00 1.300979348000000080e+01 8.769160409999999573e+00
3.079172180000000036e+00 1.421824930999999914e+01 7.594560190000000155e+00
4.544971570000000405e+00 1.449547590000000064e+01 8.567409879999999589e+00
1.526458996000000035e+01 1.333826780000000056e+01 6.561437249999999999e+00
1.407756687999999912e+01 1.310735541999999931e+01 7.343410470000000245e+00
1.294547430999999982e+01 1.236324266999999999e+01 6.643822459999999985e+00
1.337041639999999987e+01 1.102390390999999958e+01 6.380080419999999641e+00
1.154897826000000016e+01 1.240523456000000024e+01 7.320744129999999572e+00
1.599521228078079815e+01 1.344816965999999958e+01 7.189469149999999864e+00
1.431734770999999995e+01 1.234133311999999982e+01 8.158008949999999260e+00
1.386650872000000057e+01 1.403870569999999951e+01 7.879173680000000068e+00
1.280716901999999990e+01 1.274979231999999918e+01 5.601683580000000440e+00
1.383150591999999968e+01 1.106915640000000067e+01 5.584897330000000437e+00
1.163820025999999963e+01 1.156413852000000020e+01 8.076322779999999923e+00
1.143571071000000039e+01 1.338244940000000049e+01 7.695599999999999774e+00
1.073910374999999995e+01 1.202238097999999944e+01 6.681020120000000340e+00
6.555652470000000065e+00 4.391993740000000201e+00 8.000474840000000754e+00
7.398190890000000408e+00 3.505131050000000137e+00 7.301265719999999959e+00
6.648552389999999868e+00 2.118319660000000049e+00 6.961593500000000212e+00
6.322780120000000004e+00 1.525609020000000093e+00 8.292065750000000790e+00
5.443405330000000042e+00 2.283966620000000169e+00 5.994044060000000229e+00
7.270525290000000140e+00 4.893750439999999813e+00 8.325340909999999539e+00
7.895500799999999764e+00 3.902896820000000044e+00 6.357290609999999731e+00
8.265121020000000485e+00 3.313942850000000107e+00 8.051936429999999589e+00
7.358432979999999901e+00 1.514372080000000009e+00 6.431626330000000280e+00
5.475096930000000306e+00 1.848705119999999980e+00 8.623075999999999297e+00
5.006882619999999839e+00 1.373166249999999922e+00 5.573995609999999878e+00
4.743071119999999752e+00 3.017856089999999991e+00 6.264236490000000046e+00
5.652130960000000037e+00 2.795818099999999973e+00 5.045262300000000089e+00
1.441796654999999916e+01 9.323240079999999708e+00 8.245030330000000518e+00
1.390998360999999939e+01 9.481459759999999903e+00 9.672120680000000803e+00
1.514895706999999980e+01 9.504403930000000500e+00 1.062914306000000053e+01
1.605742694078080035e+01 8.502914900000000387e+00 1.018755887000000016e+01
1.588424744078079698e+01 1.088245541000000038e+01 1.050223964999999993e+01
1.407010443000000066e+01 1.007720841000000078e+01 7.677452240000000039e+00
1.342687459999999966e+01 1.046608501000000047e+01 9.849089830000000489e+00
1.322756635000000003e+01 8.635720920000000689e+00 9.847066149999999851e+00
1.480287442000000020e+01 9.267579810000000862e+00 1.160796857000000060e+01
1.576062779078079856e+01 8.182436750000000814e+00 9.350111130000000159e+00
1.656216807078079967e+01 1.104862274999999983e+01 9.575347609999999676e+00
1.514938607999999931e+01 1.176848223000000004e+01 1.041398329999999994e+01
1.657793244078079908e+01 1.105010758999999965e+01 1.138042407000000011e+01
8.498086550000000017e+00 1.958860770000000251e+00 1.229028968000000077e+01
8.308129160000000013e+00 3.051666169999999845e+00 1.149818160999999961e+01
9.315882419999999442e+00 4.169401800000000158e+00 1.174670004000000034e+01
9.132733999999999241e+00 4.735191870000000414e+00 1.300458609999999915e+01
1.088715514999999989e+01 3.791896899999999793e+00 1.164015853999999983e+01
8.956572039999999291e+00 2.245555749999999851e+00 1.312460541999999997e+01
8.328555630000000320e+00 2.588682910000000170e+00 1.050805347999999917e+01
7.276998850000000019e+00 3.530151270000000174e+00 1.163168723999999976e+01
9.072706110000000379e+00 5.027876199999999685e+00 1.107512323000000087e+01
9.966868619999999623e+00 5.229343319999999906e+00 1.315589164999999916e+01
1.151165869000000086e+01 4.664749060000000114e+00 1.150870177000000005e+01
1.121003535000000007e+01 3.163670170000000059e+00 1.244810310000000086e+01
1.099408161999999933e+01 3.081678510000000148e+00 1.077669226999999985e+01
-7.266146507807975663e-01 1.303584316000000065e+01 3.493496669999999860e+00
5.043498699999999779e-01 1.322074811999999966e+01 2.816966929999999980e+00
1.316168220000000000e+00 1.449119151999999922e+01 3.445859659999999991e+00
1.864030309999999968e+00 1.387088533000000012e+01 4.621298600000000256e+00
2.490832170000000012e+00 1.492872058999999929e+01 2.568822669999999864e+00
-1.135925030780798428e+00 1.394474753999999983e+01 3.664662439999999854e+00
1.129396250000000101e+00 1.231113202999999956e+01 2.775647869999999795e+00
3.911306299999999236e-01 1.352013211000000048e+01 1.791940770000000072e+00
6.183126100000000402e-01 1.533506608999999976e+01 3.719174220000000197e+00
1.102325259999999973e+00 1.355267382000000076e+01 5.167934480000000441e+00
2.434331129999999899e+00 1.605484562078079591e+01 2.542322469999999779e+00
3.497830989999999751e+00 1.462544980999999922e+01 2.903905840000000182e+00
2.258606750000000218e+00 1.469195835000000017e+01 1.521652379999999916e+00
