2.383106825000000040e+00 5.257216225000000520e+00 1.238734428500000107e+01
1.656692174999999878e+00 4.577431465000000088e+00 1.262890273500000049e+01
5.325699246096011752e-01 6.374936789999999576e+00 1.321660600499999916e+01
8.784517099999999967e-01 6.420587920000000004e+00 1.228839630499999913e+01
1.565932865000000174e+00 5.800642509999999419e+00 1.279504044499999971e+01
-1.662511607807972691e-01 6.756135285000000046e+00 1.379941185000000026e+01
1.481645480000000070e+00 7.097846944999999685e+00 1.296766227999999899e+01
8.779426099999999566e-01 4.105395870000000613e+00 1.222383049499999963e+01
2.400394170000000216e+00 5.146802485000000260e+00 1.322096838499999905e+01
2.361313410000000168e+00 7.886171929999999719e+00 1.281771676500000012e+01
1.584673775000000173e+00 8.176794369999999645e+00 1.309482308000000117e+01
2.078817659999999901e+00 7.717297739999999351e+00 1.364113003499999976e+01
6.964931274999999644e+00 -1.174081003903990617e-01 1.080936219999999892e+00
6.639420580000000349e+00 9.360132599999999581e-01 1.126633709999999899e+00
7.844505054999999949e+00 1.144786064999999908e+00 2.761776039999999988e+00
8.216098289999999693e+00 2.399816550000000159e-01 2.439919269999999862e+00
7.236924345000000258e+00 3.482024200000000125e-01 2.024990100000000126e+00
8.304292484999999502e+00 1.868168144999999836e+00 3.271196780000000359e+00
7.556182080000000134e+00 3.938159609600977440e-03 3.231959344999999928e+00
6.703204409999999669e+00 1.812089284999999883e+00 1.213102874999999914e+00
6.250235545000000670e+00 8.809732460960106870e-02 1.600145399999999940e+00
7.498058050000000030e+00 -9.638427107807981953e-01 3.729743465000000313e+00
7.551817149999999756e+00 -2.303016407807979560e-01 4.339327145000000385e+00
6.809917949999999998e+00 -4.343150957807980772e-01 3.888859950000000065e+00
1.312047032499999943e+01 1.254846188500000004e+01 1.236857629000000003e+01
1.289703747999999983e+01 1.301398629000000007e+01 1.145425755499999987e+01
1.412407866000000034e+01 1.435527964499999953e+01 1.237447299000000100e+01
1.342924749500000026e+01 1.435597517999999972e+01 1.322942716500000060e+01
1.314516504500000060e+01 1.365900729999999896e+01 1.242176566000000015e+01
1.502682059500000022e+01 1.474587688999999990e+01 1.229040247000000008e+01
1.301908300000000018e+01 1.491816788039039920e+01 1.241077208500000140e+01
1.340701224000000025e+01 1.327205326500000027e+01 1.073226987500000007e+01
1.235784023500000117e+01 1.292549144500000047e+01 1.245047355999999894e+01
1.267481975499999969e+01 1.564924033578079765e+01 1.163855505500000120e+01
1.205939010999999894e+01 1.531767906039039850e+01 1.222307072999999988e+01
1.256434847999999960e+01 1.594132056578079748e+01 1.249397542999999899e+01
9.045695920000000001e+00 9.102988560000000007e+00 1.807090730000000089e+00
9.478279289999999691e+00 9.598648560000000884e+00 2.545256595000000122e+00
7.749519110000000488e+00 1.065814762000000115e+01 2.144917889999999883e+00
8.062711459999999164e+00 1.052495255000000007e+01 1.202310349999999861e+00
8.756700545000001057e+00 1.014003648499999954e+01 1.787456829999999997e+00
7.483337555000000307e+00 1.038295186499999900e+01 2.975199305000000294e+00
8.546018815000000046e+00 1.140446391000000048e+01 1.659361109999999861e+00
1.010644154499999914e+01 9.813358399999998483e+00 3.264324835000000036e+00
9.691039659999999500e+00 9.677171335000000596e+00 1.574109200000000097e+00
8.465095339999999524e+00 1.248453140000000161e+01 1.421406039999999926e+00
8.926808855000000875e+00 1.229072025500000009e+01 2.143231704999999820e+00
9.297055220000000730e+00 1.210819663000000013e+01 1.278838750000000024e+00
3.159836870000000353e+00 1.051601975999999894e+01 1.504913259999999919e+00
3.489534165000000243e+00 1.111991564999999937e+01 2.256510570000000104e+00
4.592206969999999444e+00 1.199115014499999887e+01 7.901798650000000368e-01
3.710090359999999698e+00 1.179796680999999836e+01 3.226018999999999970e-01
3.854306584999999785e+00 1.111420191999999929e+01 1.126876100000000047e+00
5.483246924999999550e+00 1.220130267000000046e+01 1.084622744999999888e+00
4.425426415000000446e+00 1.107953833999999915e+01 -1.191729039039857163e-02
3.685115070000000159e+00 1.186334695999999944e+01 2.883269120000000463e+00
3.977027145000000097e+00 1.031993274499999913e+01 1.788256325000000091e+00
4.922533440000000482e+00 1.097785979999999917e+01 -9.781162357807977603e-01
5.215423100000000645e+00 1.039251644999999868e+01 -4.510346507807974081e-01
4.393175704999999986e+00 1.021706499499999943e+01 -6.850218107807972689e-01
-5.468565107807974446e-01 4.214188775000000220e+00 6.254786499999999805e+00
-2.857701857807974366e-01 3.941613424999999893e+00 5.313176669999999824e+00
-1.419926153903993682e-01 2.163571294999999672e+00 6.646853375000000064e+00
4.676088550000000454e-01 2.828385139999999964e+00 7.255969689999999694e+00
1.392830796096012347e-01 3.360552814999999693e+00 6.350266825000000281e+00
-7.519872157807985236e-01 1.543417770000000022e+00 6.095550839999999582e+00
9.864563550000000625e-01 2.335747350000000111e+00 6.417494024999999880e+00
-9.219545307807976986e-01 3.703429374999999801e+00 4.559348694999999729e+00
3.290005596096012841e-01 4.401949840000000336e+00 6.004796044999999971e+00
1.615825080000000025e+00 1.445971179999999912e+00 6.162457639999999515e+00
1.740219359999999993e+00 2.165237064999999905e+00 5.606477149999999909e+00
2.001482854999999894e+00 2.218075245000000084e+00 6.434405039999999687e+00
3.948974255000000433e+00 2.280432859999999895e+00 1.382244919999999944e+01
3.780076030000000031e+00 1.858157099999999895e+00 1.479314183539039895e+01
4.949444624999999931e+00 4.647702650000000157e-01 1.348247125500000010e+01
4.123582725000000337e+00 5.422699800000000403e-01 1.296077684999999846e+01
3.961647045000000311e+00 1.222690225000000019e+00 1.379915713999999838e+01
5.724939769999999761e+00 1.081200346096006792e-01 1.383449788500000111e+01
3.989527814999999755e+00 -1.089480203903987476e-01 1.380569140499999925e+01
4.382952075000000391e+00 1.799864895000000020e+00 1.546607238578079802e+01
3.172205325000000187e+00 1.989886304999999966e+00 1.402274779999999943e+01
3.843085134999999930e+00 -8.242331707807981633e-01 1.463355004499999978e+01
3.211130939999999878e+00 -7.404014507807981094e-01 1.408185994999999835e+01
3.870119025000000157e+00 -1.177719695780797382e+00 1.374917499500000062e+01
1.014034021500000016e+01 9.953537074999999845e+00 1.391328326000000004e+01
9.814436985000000391e+00 1.071453430999999945e+01 1.327245104500000039e+01
1.094275092500000035e+01 9.714687975000000364e+00 1.175618379999999874e+01
1.014568673000000132e+01 9.179297695000000701e+00 1.203296341999999974e+01
1.048092882999999986e+01 9.802305454999999057e+00 1.286119889999999977e+01
1.095075288499999999e+01 1.047318494499999986e+01 1.117742594499999953e+01
1.110355241999999976e+01 8.739044230000001079e+00 1.232786195999999990e+01
9.087335389999999791e+00 1.108050414999999944e+01 1.263973011499999899e+01
1.078136305499999992e+01 1.049629750499999936e+01 1.359346005000000090e+01
1.128559747999999985e+01 7.761731644999999347e+00 1.265343582000000033e+01
1.179519398999999957e+01 7.917202740000000460e+00 1.195168843999999986e+01
1.197814724499999883e+01 8.193487335000000371e+00 1.281262759999999901e+01
5.742639309999999497e+00 5.446957250000000528e+00 4.372604354999999998e+00
5.129067824999999914e+00 5.582402339999999796e+00 5.255467724999999923e+00
5.933839799999999443e+00 7.614229879999999895e+00 5.311962089999999748e+00
5.663954894999999823e+00 7.439162900000000356e+00 4.371371469999999704e+00
5.869716894999999823e+00 6.480607994999999732e+00 4.786232554999999778e+00
5.437184325000000484e+00 7.719598210000000016e+00 6.059976279999999882e+00
6.730843274999999792e+00 7.324149645000000319e+00 4.391281489999999899e+00
4.251047285000000286e+00 5.076292679999999891e+00 5.396157490000000223e+00
6.145667559999999696e+00 5.547164289999999554e+00 5.171031635000000293e+00
7.707632249999999630e+00 6.924734255000000616e+00 4.230139205000000402e+00
7.447727340000000140e+00 7.436155685000000126e+00 3.551902894999999560e+00
7.665236499999999786e+00 7.842101685000000266e+00 4.292755654999999670e+00
1.342246729500000058e+01 1.076150219499999849e+01 2.112528414999999882e+00
1.350311019500000143e+01 1.001178441500000105e+01 2.812304779999999838e+00
1.477368625000000080e+01 9.109170810000000174e+00 1.179377785000000012e+00
1.512957493039039747e+01 1.001023910500000014e+01 1.602518139999999924e+00
1.407644314499999894e+01 1.000478325499999954e+01 1.731577629999999868e+00
1.528526818039039981e+01 8.331558555000000865e+00 1.122935559999999944e+00
1.468864444999999996e+01 1.019797154000000106e+01 6.779182250000000964e-01
1.376727182000000127e+01 9.381347484999999153e+00 3.440509395000000303e+00
1.297149818500000151e+01 9.969457994999999073e+00 1.949357749999999889e+00
1.518148544039040004e+01 1.059590921500000071e+01 -1.989204353903992750e-01
1.426323240500000011e+01 1.031986090000000011e+01 -2.806251303903992689e-01
1.455866903500000120e+01 1.112963500500000080e+01 1.637133500000009789e-02
7.516700979999999532e+00 7.898518595000000531e+00 1.397479071500000103e+01
7.355471305000000015e+00 6.962038194999999874e+00 1.355033373000000019e+01
5.907582259999999863e+00 7.083311399999999480e+00 1.512746897499999932e+01
6.645750355000000553e+00 7.606419840000000043e+00 1.561144534539039874e+01
7.066954145000000409e+00 7.253909979999999535e+00 1.470998753499999978e+01
5.218297664999999697e+00 6.770196724999999915e+00 1.450960509000000087e+01
6.792080215000000365e+00 6.504732194999999884e+00 1.570633321039039743e+01
7.547400464999999947e+00 6.278650465000000125e+00 1.297826743999999977e+01
8.048996400000000051e+00 7.255955655000000171e+00 1.428771687500000098e+01
6.611366034999999641e+00 5.786550874999999650e+00 1.650670379578079761e+01
7.029588809999999910e+00 5.437098974999999612e+00 1.579142557078079712e+01
7.452976950000000045e+00 5.932624470000000372e+00 1.635982554078079687e+01
7.096174944999999568e+00 1.152458908500000057e+01 5.889604219999999835e+00
7.433350400000000135e+00 1.250168262000000041e+01 5.775543179999999666e+00
5.312431934999999328e+00 1.283000356500000017e+01 5.767099615000000234e+00
5.720415075000000016e+00 1.260020593500000174e+01 6.687233490000000558e+00
6.306830169999999569e+00 1.219522974500000068e+01 5.921427575000000054e+00
4.550376885000000371e+00 1.305964870000000033e+01 5.241747619999999941e+00
5.193773524999999225e+00 1.177427108999999916e+01 6.294113430000000342e+00
7.781653369999999903e+00 1.321766990000000064e+01 6.303915844999999685e+00
6.955573910000000026e+00 1.182917051500000127e+01 5.114938024999999833e+00
4.328840360000000054e+00 1.131413532499999874e+01 6.810263530000000287e+00
4.540312020000000004e+00 1.096683253499999999e+01 5.910253620000000652e+00
4.961558999999999386e+00 1.074421912000000034e+01 6.581974139999999807e+00
6.274487040000000349e+00 1.392855948999999960e+01 1.052469737000000016e+01
6.882620310000000075e+00 1.399781958499999845e+01 9.645016130000000132e+00
7.797085965000000840e+00 1.242668600500000053e+01 1.079256147999999982e+01
7.740911790000000181e+00 1.311559954000000161e+01 1.155353549999999885e+01
7.296029965000000672e+00 1.358314644000000015e+01 1.068396646500000102e+01
7.350888875000000766e+00 1.162750034500000140e+01 1.036182838999999944e+01
8.510782495000000836e+00 1.337950713500000077e+01 1.089338576500000144e+01
6.980881079999999628e+00 1.436153292999999920e+01 8.713181425000000146e+00
6.922025514999999629e+00 1.456225926999999842e+01 1.051412584499999880e+01
9.553024770000000387e+00 1.366729909500000062e+01 1.122562459999999973e+01
9.482900114999999630e+00 1.341410078000000006e+01 1.040755065500000143e+01
9.226559049999998763e+00 1.417915006499999997e+01 1.067018627999999936e+01
5.105191890000000399e+00 3.842677484999999837e+00 1.061648989000000043e+01
4.648759184999999405e+00 2.876250590000000162e+00 1.062653869000000029e+01
2.949182835000000225e+00 3.658232930000000049e+00 9.690698825000000127e+00
3.761927459999999890e+00 3.741553910000000371e+00 9.047549690000000311e+00
4.114119094999999504e+00 3.762488170000000132e+00 1.010836114499999994e+01
2.317712199999999889e+00 3.164388719999999822e+00 1.028551256999999985e+01
3.517739289999999741e+00 4.747053109999999521e+00 9.425378795000000309e+00
5.130603494999999903e+00 2.045062715000000253e+00 1.068891268500000002e+01
4.428445850000000128e+00 3.688499560000000344e+00 1.114068778500000079e+01
2.954677669999999701e+00 5.610855759999999748e+00 9.011034309999999437e+00
3.355787450000000227e+00 5.752804794999999416e+00 9.786049120000001267e+00
3.864891949999999632e+00 5.794866490000000425e+00 9.089969965000001650e+00
3.908992285000000066e+00 5.016083945000000099e+00 1.939532794999999865e+00
3.440863840000000007e+00 5.938477400000000017e+00 1.860053100000000015e+00
2.406766305000000106e+00 4.304767359999999599e+00 3.098153329999999706e+00
2.278597949999999983e+00 3.907312199999999791e+00 2.146537079999999875e+00
2.860813255000000055e+00 4.809981020000000385e+00 2.066492049999999914e+00
2.107012199999999780e+00 4.333295660000000105e+00 4.035986434999999872e+00
1.605090140000000165e+00 4.755591499999999527e+00 2.273579634999999932e+00
3.641280854999999761e+00 6.829188829999999655e+00 1.533527579999999890e+00
3.407831074999999821e+00 5.173336844999999684e+00 1.205497054999999929e+00
9.422688250000001986e-01 5.354302725000000152e+00 1.664531939999999821e+00
5.233067449999999621e-01 4.753243845000000078e+00 2.168235284999999735e+00
8.011069800000001351e-01 5.480055050000000705e+00 2.509657475000000026e+00
1.272075430000000118e+00 7.327092164999999824e+00 5.823218770000000433e+00
3.489287346096012765e-01 7.868915729999999442e+00 5.588476925000000151e+00
1.933416049999999942e+00 8.743729025000000377e+00 4.454828159999999926e+00
2.408500645000000162e+00 8.864117175000000515e+00 5.344693375000000302e+00
1.434779004999999996e+00 8.337749810000000039e+00 5.492057915000000179e+00
2.239431029999999989e+00 8.188338999999999146e+00 3.669352905000000220e+00
1.564505220000000030e+00 9.544082270000000534e+00 5.275610784999999581e+00
-5.651872757807978598e-01 8.261619754999999898e+00 5.594858645000000408e+00
9.309501250000000727e-01 7.946977119999999672e+00 6.332069204999999812e+00
1.569111980000000184e+00 1.062656675999999933e+01 5.144417029999999613e+00
7.549832600000001559e-01 1.026419653499999995e+01 5.217345844999999649e+00
1.278578715000000088e+00 1.038959777499999859e+01 5.920876699999999992e+00
1.092218304000000018e+01 7.419118665000000057e+00 5.000022680000000719e+00
1.130911940000000016e+01 8.224995214999999860e+00 5.523416495000000204e+00
1.185809928499999977e+01 6.877370889999999903e+00 7.035858825000000039e+00
1.212008707000000030e+01 6.405406919999999893e+00 6.175709050000000033e+00
1.130370614499999959e+01 7.100213844999999857e+00 5.969478825000000377e+00
1.232647420500000024e+01 7.545914664999999744e+00 7.550176349999999204e+00
1.134859598499999933e+01 5.927073565000000599e+00 6.519235355000000176e+00
1.156069232499999977e+01 9.079589535000000211e+00 5.968303510000000145e+00
1.042513697500000092e+01 7.690638079999999377e+00 5.601390099999999705e+00
1.072372595000000040e+01 5.205853955000000255e+00 7.091016695000000425e+00
1.075578272499999954e+01 5.046689045000000817e+00 6.211538795000000057e+00
1.144298906499999902e+01 4.889789744999999854e+00 6.701847049999999584e+00
1.532466916499999954e+01 2.886682480000000162e+00 1.585570163039039926e+01
1.492934727000000095e+01 3.510040434999999626e+00 1.511643554499999986e+01
1.521910666539039880e+01 1.530304839999999889e+00 1.403693447499999891e+01
1.434991399499999964e+01 1.646381164999999980e+00 1.460748495500000033e+01
1.510627612500000083e+01 2.272477519999999807e+00 1.500611993000000055e+01
1.554669279078079747e+01 1.931823384999999949e+00 1.325564362500000115e+01
1.507987284500000058e+01 9.447644499999999779e-01 1.507686033039039941e+01
1.480721654999999970e+01 4.364899604999999738e+00 1.458499713999999869e+01
1.583997921039039980e+01 3.015573544999999633e+00 1.519975040499999963e+01
1.504153172499999869e+01 -1.952196353903989934e-01 1.522359277539039901e+01
1.582051724039039797e+01 2.702306350000001078e-01 1.557983426078079781e+01
1.507419383499999910e+01 2.736612499999999670e-01 1.596728334578079789e+01
1.474789483500000031e+01 5.565974560000000793e+00 9.843662220000000573e+00
1.372090067499999932e+01 5.713915475000000299e+00 1.000545309500000002e+01
1.411836321999999910e+01 3.853637285000000023e+00 1.077121701999999992e+01
1.464800063499999894e+01 3.682802725000000166e+00 9.860106730000000042e+00
1.424341071499999956e+01 4.637077350000000209e+00 9.877873860000001116e+00
1.386566284000000060e+01 4.258790364999999412e+00 1.158940790000000121e+01
1.367121273999999964e+01 3.524719315000000019e+00 9.699655800000000383e+00
1.289013408499999969e+01 6.187021539999999931e+00 9.912472210000000672e+00
1.426123040499999917e+01 5.494329369999999990e+00 9.158349749999999290e+00
1.328013697499999957e+01 2.918976209999999849e+00 8.875134940000000583e+00
1.274016800500000102e+01 3.430584999999999773e+00 9.197957680000000025e+00
1.296879260000000045e+01 2.677720490000000009e+00 9.585561090000000561e+00
1.023182708999999946e+01 -6.444782007807983160e-01 -6.484436707807991196e-01
9.689487220000000178e+00 2.206549396096011140e-01 -3.768272757807985540e-01
1.115317313499999941e+01 4.464377900000000565e-01 1.091211990000000132e+00
1.157547613000000020e+01 3.576237700000000075e-01 1.617713146096005916e-01
1.067489604500000056e+01 -1.502637153903989276e-01 1.528540696096004625e-01
1.067524250499999994e+01 1.133627010000000102e+00 1.575728704999999952e+00
1.164952593499999978e+01 -5.724475453903996591e-01 6.826386600000000637e-01
8.902135449999999395e+00 6.354967849999999530e-01 -7.075396307807978458e-01
9.764878590000000358e+00 -7.226782707807986039e-01 1.811545396096004290e-01
1.254091855000000066e+01 -1.183930445780798868e+00 8.892025249999999659e-01
1.177399615999999938e+01 -1.419903390780799191e+00 1.326988510000000066e+00
1.183344550500000025e+01 -1.622816530780798905e+00 5.227491799999999245e-01
4.552398900000000026e+00 8.459924104999998917e+00 9.579384785000000235e+00
3.683682379999999590e+00 9.031084079999999403e+00 9.384131964999999909e+00
5.219936099999999968e+00 1.028584885500000112e+01 9.829292680000000004e+00
5.531671675000000121e+00 9.628235724999999690e+00 1.060816345499999969e+01
4.626198385000000357e+00 9.314352375000000350e+00 1.013346484000000025e+01
5.071411310000000228e+00 1.050771319500000089e+01 8.939171330000000637e+00
4.771974229999999650e+00 1.030330940500000025e+01 1.093821755000000095e+01
2.734821460000000037e+00 9.204268535000000639e+00 9.090774064999999737e+00
3.997190269999999934e+00 8.423323710000000020e+00 1.022982610500000078e+01
4.945175074999999865e+00 1.085930311999999986e+01 1.175666543500000039e+01
4.278022444999999507e+00 1.120757172000000068e+01 1.126542575000000035e+01
4.145823305000000403e+00 1.053165085500000053e+01 1.189011788499999867e+01
1.232523336999999941e+01 2.819192400000001264e-01 5.759562850000000012e+00
1.255348774000000134e+01 4.332250650000000203e-01 4.798837909999999596e+00
1.084697388500000059e+01 1.824108714999999936e+00 4.967636709999999844e+00
1.164162514500000078e+01 2.182609574999999857e+00 5.556291599999999775e+00
1.167080444500000169e+01 1.063246965000000044e+00 5.417545869999999653e+00
1.072315543000000027e+01 2.043121104999999993e+00 4.037561144999999740e+00
1.083572644000000018e+01 1.622821440000000059e+00 6.179888560000000197e+00
1.278104548499999993e+01 5.070933449999999176e-01 3.873470580000000218e+00
1.171634657000000068e+01 -6.343350390398905247e-03 5.145219830000000272e+00
1.005214043500000010e+01 1.096376580000000045e+00 6.789532499999999970e+00
1.075923541999999955e+01 1.450592845000000075e+00 7.261219979999999907e+00
1.010702445000000083e+01 1.956133614999999937e+00 6.966437335000000175e+00
9.168129915000001517e+00 9.632663114999999721e+00 9.061690580000000494e+00
9.305815785000000062e+00 9.501235525000000237e+00 8.105531985000000716e+00
8.073629320000000220e+00 7.672334190000000831e+00 8.181367285000000322e+00
7.620557444999999319e+00 8.226392549999999915e+00 8.893772415000000819e+00
8.732648085000001004e+00 8.619776800000000350e+00 8.769821594999999803e+00
7.751170265000000725e+00 7.568800030000000234e+00 7.241226874999999730e+00
8.296674124999999123e+00 7.556435529999999900e+00 9.325344460000000169e+00
8.925904134999999684e+00 1.013106748999999951e+01 7.405181840000000015e+00
9.811269315000000546e+00 9.027633104999999603e+00 8.832085814999999229e+00
8.392073760000000604e+00 7.304887069999999483e+00 1.033812732499999854e+01
8.047905889999999118e+00 6.730195520000000542e+00 9.812586679999999006e+00
8.971968934999999590e+00 6.857759144999999279e+00 9.795756669999999389e+00
1.066011777499999980e+01 4.077583484999999897e+00 6.026660499999998422e-01
1.118571643499999979e+01 4.778188280000000177e+00 4.114661960960153131e-02
1.231813936500000040e+01 4.296305089999999716e+00 1.867351380000000116e+00
1.151831517000000105e+01 4.735026910000000200e+00 2.318188095000000004e+00
1.136532614500000093e+01 4.666945029999999939e+00 1.241789534999999889e+00
1.320717766499999968e+01 3.964879509999999829e+00 1.687561410000000039e+00
1.213708533999999872e+01 5.476687495000000183e+00 1.862117510000000031e+00
1.194564991500000062e+01 4.915575780000000172e+00 -4.539082607807973790e-01
1.048813715500000043e+01 4.912084759999999939e+00 7.052089550000000262e-01
1.204823545500000037e+01 6.545547765000000240e+00 1.856772819999999991e+00
1.276954002999999993e+01 6.246022609999999808e+00 2.337665594999999819e+00
1.270116686500000114e+01 6.282190984999999728e+00 1.432626245000000020e+00
1.499438440000000039e+00 1.620109643078079742e+01 9.792149020000000093e+00
1.132241440000000043e+00 1.558709715539039919e+01 9.067874690000000015e+00
2.523902305000000013e+00 1.455179995499999990e+01 1.028030787500000010e+01
3.168721265000000287e+00 1.523295710039039896e+01 1.006922843999999984e+01
2.212305655000000204e+00 1.547266733039039899e+01 9.554878004999999064e+00
1.785532045000000068e+00 1.408075755499999993e+01 1.073658101000000009e+01
3.130161600000000099e+00 1.455295206499999949e+01 9.198288690000000045e+00
5.122496899999999798e-01 1.555458805039039838e+01 8.517086940000000439e+00
1.901837229999999934e+00 1.628679452578079889e+01 8.972609215000000304e+00
3.552244315000000263e+00 1.356634734500000050e+01 8.696069624999999803e+00
3.277420765000000014e+00 1.417057525999999967e+01 8.108769515000000538e+00
4.010320459999999976e+00 1.430918855500000042e+01 8.595194360000000700e+00
1.397203779999999895e+01 1.357303055999999941e+01 7.611292074999999713e+00
1.467107842000000062e+01 1.322281161000000083e+01 6.952423859999999678e+00
1.315794535499999895e+01 1.169357328999999979e+01 6.511951439999999813e+00
1.287632166499999897e+01 1.255651749499999958e+01 6.122753020000000213e+00
1.351152059500000036e+01 1.273529904499999965e+01 6.993616465000000559e+00
1.360096116000000066e+01 1.104653015499999924e+01 5.982488874999999595e+00
1.224722628499999999e+01 1.238423861500000100e+01 6.982283295000000223e+00
1.562990112039040014e+01 1.339321873000000096e+01 6.875453199999999931e+00
1.419745729499999953e+01 1.272434426999999957e+01 7.750709709999999752e+00
1.159358925999999990e+01 1.198468654000000022e+01 7.698533454999999748e+00
1.149234448500000028e+01 1.289384198000000126e+01 7.508172065000000117e+00
1.114404100500000006e+01 1.221380776999999895e+01 7.000882125000000400e+00
7.831655955000000446e+00 3.409536950000000122e+00 7.676601074999999774e+00
6.976921680000000237e+00 3.948562395000000169e+00 7.650870280000000356e+00
6.485666254999999936e+00 1.821964340000000071e+00 7.626829625000000945e+00
7.003492684999999440e+00 1.816345870000000140e+00 6.696609914999999802e+00
7.023371640000000582e+00 2.811725355000000093e+00 7.131429609999999641e+00
5.898938525000000155e+00 1.687157070000000036e+00 8.457570875000000044e+00
6.045978859999999955e+00 2.201143140000000109e+00 6.477818779999999776e+00
6.913088880000000103e+00 4.642872090000000007e+00 8.162907875000000146e+00
7.646845844999999642e+00 3.704013934999999869e+00 6.829278164999999845e+00
5.225143974999999941e+00 1.828566434999999935e+00 5.784019835000000498e+00
5.093238225000000341e+00 2.650911354999999858e+00 6.129140275000000138e+00
5.547768145000000040e+00 2.539892360000000071e+00 5.519653180000000603e+00
1.356877498000000060e+01 9.058590340000000296e+00 9.759593415000001215e+00
1.416397508000000016e+01 9.402349919999998917e+00 8.958575505000000661e+00
1.560319200539039919e+01 9.003659415000001331e+00 1.040835096500000034e+01
1.497591574500000000e+01 9.385991870000001569e+00 1.111855581500000056e+01
1.452947033999999960e+01 9.492931845000001090e+00 1.015063187000000156e+01
1.590902736578079768e+01 8.342675825000000600e+00 9.768834999999999269e+00
1.551660225539039928e+01 1.019342967000000044e+01 1.056569135500000023e+01
1.424403548999999991e+01 9.700224245000001133e+00 7.961241284999999834e+00
1.366842910499999952e+01 9.973772385000000185e+00 9.760605255000001534e+00
1.622320775578079832e+01 1.096553907999999922e+01 1.003879363000000069e+01
1.551681676039039814e+01 1.132546882000000110e+01 1.045811147499999905e+01
1.623108994078079803e+01 1.096628150000000090e+01 1.094133186000000002e+01
7.792564005000000016e+00 3.290908720000000010e+00 1.156493442500000057e+01
8.403107855000000015e+00 2.505263470000000048e+00 1.189423564500000019e+01
9.224308210000000230e+00 4.452296835000000286e+00 1.237564306999999886e+01
9.194294264999999911e+00 4.598639000000000365e+00 1.141091163500000150e+01
8.812005790000000616e+00 3.610533985000000001e+00 1.162244082499999998e+01
9.549801309999999432e+00 4.982267594999999716e+00 1.308023887499999915e+01
1.010151878499999967e+01 3.980649350000000197e+00 1.169342929000000098e+01
8.727329295000000542e+00 2.102208260000000273e+00 1.270744755000000126e+01
8.318342395000000167e+00 2.820174540000000007e+00 1.100311754499999850e+01
1.119940692000000126e+01 4.228322979999999731e+00 1.157443015499999994e+01
1.104859524999999998e+01 3.477783534999999926e+00 1.204413081999999946e+01
1.094061838500000050e+01 3.436787704999999971e+00 1.120842540499999984e+01
4.477402499999999508e-01 1.337044011500000096e+01 2.304453849999999804e+00
-1.111323903903989052e-01 1.312829564000000104e+01 3.155231800000000142e+00
1.590099265000000095e+00 1.418103842500000056e+01 4.033579129999999680e+00
9.672404150000000200e-01 1.491312880499999949e+01 3.582516940000000094e+00
9.102590449999999889e-01 1.385596981999999855e+01 3.131413294999999763e+00
1.483177785000000082e+00 1.371177957500000133e+01 4.894616540000000349e+00
1.903500194999999895e+00 1.470995605499999925e+01 3.007341164999999705e+00
-9.312698407807979972e-01 1.349029535000000024e+01 3.579079554999999857e+00
8.168730600000000397e-01 1.276594007499999961e+01 2.796307399999999888e+00
2.462581649999999733e+00 1.549178310539039849e+01 2.555572569999999821e+00
2.994331579999999882e+00 1.477708519999999837e+01 2.736364254999999801e+00
2.374719460000000115e+00 1.481033946999999884e+01 2.045237525000000112e+00
