Run semi-empirical minimization
 &qmmm
  qm_theory='AM1', grms_tol=0.05, scfconv=1.d-10, ndiis_attempts=700,   qmcharge=0,
 /
   1     H        0.1400       -1.0140        0.3350 
   6     C        1.1930       -0.7070        0.2820 
   6    C1        2.1330       -1.9240        0.3510 
   6    C2        1.7840       -2.8150       -0.8670 
   6    C3        3.6600       -1.5400        0.2460 
   6    C4        4.3480       -0.6240        1.3170 
   6    C5        4.1040       -1.1870        2.7360 
   6    C6        5.9120       -0.5930        1.1590 
   6    C7        6.5820       -0.2030       -0.1730 
   6    C8        6.2790        1.2210       -0.6010 
   8     O        5.8090        1.2310       -1.8760 
   6    C9        5.3890        2.5000       -2.3860 
   8    O1        6.4610        2.2000        0.1100 
   6   C10        8.1100       -0.2970       -0.0150 
   1    H1        6.2740       -0.9000       -0.9610 
   6   C11        3.8320        0.8200        1.2340 
   8    O2        3.9250        1.4470        2.4380 
   6   C12        3.4930        2.8060        2.4570 
   8    O3        3.4270        1.3450        0.2040 
   6   C13        1.8460       -2.8110        1.5770 
   8    O4        0.8110       -2.3450        2.3170 
   6   C14        0.4610       -3.1180        3.4730 
   8    O5        2.4830       -3.8250        1.8400 
   1    H2        1.3130       -0.1640       -0.6610 
   1    H3        1.3500       -0.0150        1.1120 
   1    H4        1.9600       -2.2880       -1.8110 
   1    H5        2.3840       -3.7320       -0.8790 
   1    H6        0.7300       -3.1210       -0.8460 
   1    H7        4.2270       -2.4820        0.2220 
   1    H8        3.8130       -1.0830       -0.7430 
   1    H9        4.3710       -2.2480        2.7880 
   1   H10        4.7240       -0.6760        3.4830 
   1   H11        3.0680       -1.0550        3.0560 
   1   H12        6.3120        0.0760        1.9350 
   1   H13        6.2830       -1.5960        1.4120 
   1   H14        4.3870        2.3770       -2.8070 
   1   H15        5.3520        3.2900       -1.6310 
   1   H16        6.0700        2.7970       -3.1890 
   1   H17        8.4190       -1.3160        0.2400 
   1   H18        8.6270       -0.0020       -0.9340 
   1   H19        8.4660        0.3680        0.7830 
   1   H20        4.2310        3.4420        1.9610 
   1   H21        2.5070        2.9160        1.9950 
   1   H22        3.4140        3.1130        3.5040 
   1   H23        0.5070       -4.1930        3.2770 
   1   H24        1.1170       -2.8480        4.3060 
   1   H25       -0.5680       -2.8680        3.7480 

