0.0 0.11297372747555658 0.09024747618847732
1.0 0.0030002276058179894 0.05464270157688559
2.0 0.0028055218782745734 0.05287143595832749
3.0 0.0027335737222529133 0.052188607369655506
4.0 0.002682441896727791 0.05170015131644789
5.0 0.0026415367391174577 0.05130644110804082
6.0 0.0026007768956333166 0.05090839061181317
7.0 0.0025555025540597853 0.05046511274612096
8.0 0.0025171801102520214 0.05008648904514051
9.0 0.0024755016138442443 0.04967061820937679
10.0 0.002436334416545703 0.049277879068230716
11.0 0.0023935323830041205 0.048843757339878446
12.0 0.0023382670215141843 0.04827843763828815
13.0 0.0022664248279917437 0.04753147185567488
14.0 0.002179527784522049 0.04661384692131132
15.0 0.002099319810570575 0.04574726171649406
16.0 0.002027286820001401 0.044957316619982195
17.0 0.0019664162702091354 0.04427516058539157
18.0 0.0019049710208491888 0.04357710229041334
19.0 0.0018428863689093436 0.042860154465079396
20.0 0.0017806703308451688 0.04213161035247643
21.0 0.0016973612165591995 0.041131652794344324
22.0 0.0016094817276877751 0.04004720787998749
23.0 0.0014902858403209912 0.038531964938143516
24.0 0.0013764161264069636 0.03702799308673751
25.0 0.0013068433077673294 0.03607574680712667
26.0 0.0012684614336129535 0.03554243800384714
27.0 0.0012402377612618562 0.03514301582993479
28.0 0.0012214544091356011 0.03487575729550616
29.0 0.0012040042459895112 0.034628562402642636
30.0 0.001190888523524336 0.03443711280210486
31.0 0.001180632983895131 0.03428712005950819
32.0 0.0011763396340549142 0.034224482602872634
33.0 0.0011659058730271812 0.03407391835354024
34.0 0.001156998410221734 0.03394254086051025
35.0 0.0011535899796919174 0.03389234907809701
36.0 0.00113993145825069 0.03368994798072787
37.0 0.0011399316663300851 0.033692509183671566
38.0 0.0011325901373311353 0.033582666957319506
0.0 0.032809862162788965 0.08524723699030266
1.0 0.0027790782128899343 0.05259746023148409
2.0 0.0026104803220213008 0.05100949182787583
3.0 0.0025703947095670238 0.05061664172335267
0.0 0.06587348881943658 0.08754379860260467
1.0 0.002849793186084883 0.05326216054614679
2.0 0.002709265684903325 0.051958092742186865
3.0 0.0026628474357234416 0.05151305108777976
4.0 0.0026262385642569696 0.05115787953922789
5.0 0.0025856581023617764 0.05076441369509729
6.0 0.002538810674065774 0.05030269654963894
7.0 0.0024712155788750223 0.04963018281644475
8.0 0.002366862574100586 0.04857365290128216
9.0 0.0021681352269037495 0.04648320538520073
10.0 0.001840131457226692 0.04282017691677864
11.0 0.0016625041208888952 0.04070965149935365
12.0 0.001593735782729969 0.039856609349117646
13.0 0.0015051949559555006 0.03872632341942154
14.0 0.0013875854691442718 0.03717757348702132
15.0 0.0013106565302872955 0.03613206690470067
16.0 0.0012762156279677583 0.03565504159071589
17.0 0.0012509752609081001 0.035299685041838925
18.0 0.0012379750819491164 0.035117368842230844
19.0 0.0012194144931397335 0.03485257092537168
20.0 0.0012101183834991908 0.03471693027255466
21.0 0.0011938498098840813 0.03448197066439437
22.0 0.001186613412366049 0.03437813075831871
23.0 0.0011716913967835094 0.03416224307949372
24.0 0.0011640426613926788 0.03404924481781859
25.0 0.0011587007328281679 0.03397013316266095
26.0 0.0011434140237075294 0.03374449625815187
27.0 0.0011308794814145326 0.033558519616166516
28.0 0.0011221827179334859 0.033429446324046985
29.0 0.0011139641236955608 0.03330760678340577
30.0 0.0010903805388937013 0.03295157462208325
31.0 0.001060644612152828 0.03249571657903343
32.0 0.0010066173232579395 0.03165482414173868
33.0 0.0009255225264236547 0.030346845131892102
34.0 0.0008780649139095788 0.029550004583395312
35.0 0.0008577472014751818 0.029204197963219873
36.0 0.0008421170066087923 0.02893609192928791
37.0 0.0008281611524125765 0.028693333355173517
38.0 0.00081940310178652 0.028540786745690598
