Run semi-empirical minimization
 &qmmm
  qm_theory='AM1', grms_tol=0.05, scfconv=1.d-10, ndiis_attempts=700,   qmcharge=0,
 /
   1     H       -0.7450       -3.5930       -2.1730 
   6     C        0.2640       -3.1740       -2.0920 
   6    C1        1.3280       -4.2760       -2.0680 
   6    C2        1.3080       -4.9580       -3.4590 
   6    C3        2.7580       -3.7130       -1.8670 
   6    C4        3.2160       -2.9140       -0.6200 
   6    C5        2.8260       -3.6190        0.6980 
   6    C6        4.7780       -2.9190       -0.6230 
   6    C7        5.6440       -2.3520       -1.7730 
   6    C8        5.2250       -0.9160       -2.1700 
   6    C9        7.0520       -2.1620       -1.1700 
   6   C10        7.9300       -3.2800       -0.5800 
   6   C11        8.0710       -4.5000       -1.5170 
   6   C12        9.3350       -2.6430       -0.5810 
   6   C13        9.7050       -1.3300        0.1380 
   6   C14        9.3000       -1.3430        1.6290 
   6   C15       11.2390       -1.3950        0.1520 
   6   C16       12.1140       -1.5010       -1.1120 
   6   C17       11.7940       -0.4040       -2.1520 
   6   C18       13.4940       -1.1260       -0.5570 
   6   C19       14.1910       -1.8820        0.5870 
   6   C20       14.2910       -3.4010        0.3280 
   6   C21       15.6280       -1.3670        0.4470 
   6   C22       16.0220        0.1190        0.5280 
   6   C23       15.4880        0.8160        1.7990 
   6   C24       17.5300       -0.0000        0.7460 
   6   C25       18.4750       -0.7290       -0.2320 
   6   C26       18.3340       -0.2260       -1.6850 
   6   C27       19.8290       -0.2020        0.2390 
   6   C28       20.3740       -0.4040        1.6650 
   6   C29       20.3260       -1.8770        2.1260 
   6   C30       21.8560       -0.1110        1.4440 
   6   C31       22.3820        1.2110        0.8440 
   6   C32       21.8450        2.4520        1.6000 
   6   C33       23.8600        1.1290        1.2410 
   6   C34       24.7930       -0.0220        0.8190 
   6   C35       24.7820       -0.2560       -0.7100 
   6   C36       26.1660        0.5830        1.1240 
   6   C37       26.5870        1.0720        2.5250 
   6   C38       26.3780       -0.0020        3.6150 
   6   C39       28.1090        1.1770        2.3620 
   6   C40       28.8010        2.0470        1.2960 
   6   C41       28.3100        3.5130        1.3300 
   6   C42       30.2430        2.1000        1.8200 
   6   C43       31.1260        0.8610        2.0770 
   6   C44       31.2050       -0.0580        0.8360 
   6   C45       32.5360        1.4740        2.2030 
   6   C46       32.9190        2.5560        3.2410 
   6   C47       32.5450        2.1160        4.6750 
   6   C48       34.4680        2.5600        3.2160 
   6   C49       35.3240        2.8270        1.9520 
   6   C50       34.9260        4.1880        1.3260 
   6   C51       36.7910        3.0360        2.4500 
   6   C52       37.6010        2.0020        3.2970 
   6   C53       37.7060        0.6720        2.5210 
   6   C54       39.0880        2.5230        3.3960 
   6   C55       39.4750        3.8880        4.0510 
   6   C56       38.9470        3.9500        5.4980 
   6   C57       41.0240        3.9650        4.2160 
   6   C58       41.9710        3.8110        3.0140 
   6   C59       41.8060        4.9180        1.9930 
   8     O       41.5300        4.3920        0.7720 
   6   C60       41.2090        5.3290       -0.2630 
   8    O1       41.9040        6.1090        2.2610 
   6   C61       43.4050        3.8930        3.5510 
   1    H1       41.8300        2.8340        2.5350 
   6   C62       39.0110        5.1240        3.2400 
   8    O2       38.8450        6.2080        4.0430 
   6   C63       38.4550        7.4360        3.4100 
   8    O3       38.8630        5.1320        2.0280 
   6   C64       37.0130        1.7530        4.7230 
   8    O4       37.3580        0.5450        5.2470 
   6   C65       36.8740        0.2960        6.5820 
   8    O5       36.3520        2.5710        5.3460 
   6   C66       35.2930        1.7140        0.8650 
   8    O6       35.5930        2.1840       -0.3720 
   6   C67       35.6390        1.2230       -1.4370 
   8    O7       35.0600        0.5250        1.0900 
   6   C68       32.4220        4.0180        2.9880 
   8    O8       32.8050        4.8610        3.9870 
   6   C69       32.6020        6.2620        3.7390 
   8    O9       31.8500        4.4130        1.9760 
   6   C70       30.8520       -0.0030        3.3540 
   8   O10       31.7410       -1.0320        3.4630 
   6   C71       31.7330       -1.7620        4.6990 
   8   O11       30.0240        0.2420        4.2230 
   6   C72       28.8510        1.5250       -0.1810 
   8   O12       29.5380        2.3790       -0.9950 
   6   C73       29.8810        1.8850       -2.3010 
   8   O13       28.4430        0.4400       -0.5660 
   6   C74       26.0580        2.4700        3.0280 
   8   O14       26.6000        2.7660        4.2680 
   6   C75       26.4140        4.1070        4.7410 
   8   O15       25.3800        3.2460        2.4090 
   6   C76       24.7070       -1.4110        1.5710 
   8   O16       25.6570       -2.2670        1.1060 
   6   C77       25.8540       -3.4860        1.8410 
   8   O17       23.9860       -1.6610        2.4940 
   6   C78       22.3170        1.4500       -0.7040 
   8   O18       22.8970        2.6340       -1.0530 
   6   C79       23.1240        2.8710       -2.4430 
   8   O19       21.9020        0.6490       -1.5520 
   6   C80       19.8680        0.5220        2.8220 
   8   O20       20.5570        0.2820        3.9780 
   6   C81       20.3710        1.1950        5.0700 
   8   O21       19.0400        1.4160        2.7190 
   6   C82       18.5470       -2.3000       -0.2350 
   8   O22       19.5310       -2.7480       -1.0730 
   6   C83       19.8630       -4.1440       -1.0060 
   8   O23       17.8970       -3.0520        0.4750 
   6   C84       15.7860        1.0450       -0.7170 
   8   O24       16.2900        2.2970       -0.5010 
   6   C85       16.3450        3.1830       -1.6330 
   8   O25       15.3130        0.7020       -1.7860 
   6   C86       13.7500       -1.6310        2.0640 
   8   O26       14.5320       -2.3080        2.9500 
   6   C87       14.3920       -1.9820        4.3450 
   8   O27       12.8750       -0.8410        2.4300 
   6   C88       12.2480       -2.8860       -1.8310 
   8   O28       13.1330       -2.8210       -2.8720 
   6   C89       13.5390       -4.0640       -3.4670 
   8   O29       11.7290       -3.9330       -1.4720 
   6   C90        9.2930        0.0300       -0.5160 
   8   O30        9.7640        1.0900        0.2130 
   6   C91        9.6680        2.3900       -0.3880 
   8   O31        8.7240        0.1670       -1.5870 
   6   C92        7.5990       -3.7510        0.8670 
   8   O32        8.5190       -4.6770        1.3020 
   6   C93        8.4710       -5.0360        2.6870 
   8   O33        6.7150       -3.3080        1.5800 
   6   C94        5.7770       -3.2380       -3.0450 
   8   O34        6.5870       -2.6460       -3.9710 
   6   C95        6.9830       -3.4490       -5.0960 
   8   O35        5.3200       -4.3620       -3.1790 
   6   C96        2.7200       -1.4470       -0.5740 
   8   O36        3.1820       -0.8100        0.5450 
   6   C97        2.9440        0.6010        0.6210 
   8   O37        2.0740       -0.8950       -1.4510 
   6   C98        0.9820       -5.3640       -1.0370 
   8   O38        1.9620       -6.3140       -0.9840 
   6   C99        1.7830       -7.3530       -0.0190 
   8   O39       -0.0340       -5.3850       -0.3550 
   1    H2        0.4090       -2.5100       -2.9530 
   1    H3        0.2770       -2.5710       -1.1820 
   1    H4        1.6040       -4.2550       -4.2470 
   1    H5        2.0040       -5.8050       -3.5060 
   1    H6        0.3110       -5.3390       -3.7050 
   1    H7        3.4100       -4.5940       -1.9060 
   1    H8        3.0010       -3.1110       -2.7520 
   1    H9        3.1920       -4.6530        0.7100 
   1   H10        3.2850       -3.1300        1.5670 
   1   H11        1.7490       -3.6180        0.8710 
   1   H12        5.0610       -2.3580        0.2760 
   1   H13        5.1040       -3.9550       -0.4520 
   1   H14        5.2020       -0.2650       -1.2860 
   1   H15        5.9480       -0.4580       -2.8560 
   1   H16        4.2580       -0.8770       -2.6710 
   1   H17        7.6310       -1.7350       -1.9950 
   1   H18        6.9730       -1.3830       -0.3980 
   1   H19        8.3760       -4.1820       -2.5200 
   1   H20        8.8580       -5.1840       -1.1740 
   1   H21        7.1550       -5.0870       -1.5910 
   1   H22        9.9840       -3.4210       -0.1650 
   1   H23        9.6240       -2.5120       -1.6340 
   1   H24        9.6550       -2.2600        2.1150 
   1   H25        9.7660       -0.5160        2.1790 
   1   H26        8.2240       -1.2540        1.7790 
   1   H27       11.5410       -0.4800        0.6720 
   1   H28       11.5130       -2.2420        0.7960 
   1   H29       11.7650        0.5820       -1.6740 
   1   H30       12.5720       -0.3370       -2.9220 
   1   H31       10.8510       -0.5750       -2.6740 
   1   H32       14.1540       -1.1750       -1.4290 
   1   H33       13.4340       -0.0710       -0.2540 
   1   H34       14.6730       -3.5950       -0.6820 
   1   H35       15.0000       -3.8850        1.0090 
   1   H36       13.3370       -3.9170        0.4520 
   1   H37       16.1740       -1.8870        1.2380 
   1   H38       16.0010       -1.7420       -0.5160 
   1   H39       15.7130        0.2160        2.6890 
   1   H40       15.9750        1.7840        1.9650 
   1   H41       14.4140        1.0080        1.7620 
   1   H42       17.8750        1.0350        0.8270 
   1   H43       17.6710       -0.4660        1.7320 
   1   H44       18.3550        0.8700       -1.7170 
   1   H45       19.1720       -0.5570       -2.3090 
   1   H46       17.4240       -0.5810       -2.1710 
   1   H47       20.5420       -0.6680       -0.4440 
   1   H48       19.8400        0.8780        0.0390 
   1   H49       20.7470       -2.5330        1.3550 
   1   H50       20.9410       -2.0430        3.0190 
   1   H51       19.3180       -2.2140        2.3700 
   1   H52       22.3020       -0.2200        2.4360 
   1   H53       22.2490       -0.9170        0.8120 
   1   H54       21.9670        2.3330        2.6840 
   1   H55       22.4070        3.3600        1.3410 
   1   H56       20.7950        2.6630        1.3880 
   1   H57       24.2930        2.0560        0.8570 
   1   H58       23.8980        1.1780        2.3390 
   1   H59       24.9060        0.6950       -1.2420 
   1   H60       25.6170       -0.8880       -1.0300 
   1   H61       23.8710       -0.7440       -1.0590 
   1   H62       26.8680       -0.2030        0.8350 
   1   H63       26.3000        1.4230        0.4330 
   1   H64       26.7950       -0.9640        3.2890 
   1   H65       26.9070        0.2510        4.5410 
   1   H66       25.3290       -0.1420        3.8830 
   1   H67       28.4560        1.5280        3.3360 
   1   H68       28.4790        0.1520        2.2230 
   1   H69       28.3330        3.8990        2.3570 
   1   H70       28.9630        4.1740        0.7490 
   1   H71       27.3030        3.6380        0.9290 
   1   H72       30.7680        2.7110        1.0830 
   1   H73       30.2080        2.6620        2.7640 
   1   H74       31.4390        0.5310       -0.0590 
   1   H75       32.0110       -0.7940        0.9280 
   1   H76       30.2870       -0.6210        0.6610 
   1   H77       33.1940        0.6180        2.3770 
   1   H78       32.7820        1.8840        1.2150 
   1   H79       32.9150        1.1020        4.8700 
   1   H80       33.0110        2.7580        5.4300 
   1   H81       31.4700        2.1420        4.8640 
   1   H82       34.7550        3.3150        3.9540 
   1   H83       34.7740        1.5780        3.5990 
   1   H84       34.9080        4.9720        2.0910 
   1   H85       35.6490        4.5140        0.5710 
   1   H86       33.9550        4.1540        0.8280 
   1   H87       37.3810        3.2420        1.5480 
   1   H88       36.7650        3.9600        3.0400 
   1   H89       37.9880        0.8580        1.4770 
   1   H90       38.4760        0.0180        2.9450 
   1   H91       36.7790        0.0980        2.5470 
   1   H92       39.6550        1.7430        3.9240 
   1   H93       39.4830        2.5310        2.3690 
   1   H94       39.1240        2.9980        6.0140 
   1   H95       39.4600        4.7210        6.0840 
   1   H96       37.8890        4.2060        5.5400 
   1   H97       41.2620        4.9180        4.7050 
   1   H98       41.3060        3.1770        4.9320 
   1   H99       40.2440        5.0430       -0.6910 
   1  H100       41.1420        6.3630        0.0840 
   1  H101       41.9700        5.2600       -1.0460 
   1  H102       43.6130        3.0660        4.2380 
   1  H103       44.1430        3.8700        2.7440 
   1  H104       43.5540        4.8270        4.1060 
   1  H105       39.3460        7.9920        3.1040 
   1  H106       37.7860        7.2810        2.5580 
   1  H107       37.9190        8.0330        4.1550 
   1  H108       37.5500        0.7550        7.3110 
   1  H109       35.8500        0.6570        6.7410 
   1  H110       36.8720       -0.7850        6.7490 
   1  H111       36.6160        0.7270       -1.4460 
   1  H112       34.8360        0.4800       -1.3720 
   1  H113       35.5210        1.7630       -2.3810 
   1  H114       33.3100        6.6230        2.9840 
   1  H115       31.5750        6.4850        3.4340 
   1  H116       32.8070        6.7940        4.6720 
   1  H117       32.2780       -1.2020        5.4680 
   1  H118       30.7200       -1.9920        5.0480 
   1  H119       32.2600       -2.7050        4.5330 
   1  H120       30.8130        1.3120       -2.2440 
   1  H121       29.0930        1.2720       -2.7500 
   1  H122       30.0570        2.7460       -2.9530 
   1  H123       27.1640        4.7690        4.2930 
   1  H124       25.4070        4.4960        4.5500 
   1  H125       26.5790        4.1040        5.8230 
   1  H126       26.5010       -3.3010        2.7070 
   1  H127       24.9100       -3.9410        2.1700 
   1  H128       26.3670       -4.2020        1.1920 
   1  H129       24.0350        2.3560       -2.7690 
   1  H130       22.2760        2.5660       -3.0670 
   1  H131       23.2800        3.9450       -2.5800 
   1  H132       21.0300        2.0620        4.9480 
   1  H133       19.3320        1.5210        5.1840 
   1  H134       20.6700        0.6780        5.9870 
   1  H135       20.5960       -4.3140       -0.2100 
   1  H136       18.9910       -4.7890       -0.8570 
   1  H137       20.3340       -4.4200       -1.9560 
   1  H138       17.2480        2.9810       -2.2190 
   1  H139       15.4580        3.1160       -2.2700 
   1  H140       16.4170        4.2060       -1.2520 
   1  H141       14.9760       -1.0850        4.5770 
   1  H142       13.3480       -1.8410        4.6400 
   1  H143       14.8060       -2.8090        4.9250 
   1  H144       14.3370       -4.5200       -2.8720 
   1  H145       12.7100       -4.7680       -3.5920 
   1  H146       13.9500       -3.8400       -4.4560 
   1  H147       10.4680        2.5290       -1.1230 
   1  H148        8.6910        2.5700       -0.8510 
   1  H149        9.8120        3.1310        0.4050 
   1  H150        8.9520       -4.2610        3.2950 
   1  H151        7.4510       -5.2170        3.0390 
   1  H152        9.0460       -5.9580        2.8080 
   1  H153        7.7020       -4.2150       -4.7850 
   1  H154        6.1240       -3.9060       -5.5910 
   1  H155        7.4870       -2.7910       -5.8090 
   1  H156        3.4710        1.1290       -0.1800 
   1  H157        1.8740        0.8240        0.5950 
   1  H158        3.3470        0.9530        1.5760 
   1  H159        1.4280       -6.9640        0.9410 
   1  H160        1.0970       -8.1080       -0.4110 
   1  H161        2.7580       -7.8230        0.1480 

