Run semi-empirical minimization
 &qmmm
  qm_theory='AM1', grms_tol=0.05, scfconv=1.d-10, ndiis_attempts=700,   qmcharge=0,
 /
   6     C        1.2250       -1.3780       -1.9030 
   6    C1        0.5960       -1.3070       -0.5190 
   6    C2        1.0570       -2.4630        0.3710 
   6    C3        0.4900       -2.4070        1.7940 
   6    C4       -1.0360       -2.4950        1.8520 
   6    C5       -1.5440       -2.4930        3.2860 
   1     H        2.3160       -1.3060       -1.8440 
   1    H1        0.8620       -0.5530       -2.5250 
   1    H2        0.9670       -2.3180       -2.4030 
   1    H3        0.8560       -0.3500       -0.0520 
   1    H4       -0.4930       -1.3270       -0.6380 
   1    H5        0.7820       -3.4190       -0.0940 
   1    H6        2.1530       -2.4480        0.4370 
   1    H7        0.9190       -3.2400        2.3650 
   1    H8        0.8270       -1.4840        2.2840 
   1    H9       -1.4870       -1.6480        1.3270 
   1   H10       -1.3750       -3.4100        1.3500 
   1   H11       -1.2380       -1.5790        3.8070 
   1   H12       -2.6370       -2.5370        3.2970 
   1   H13       -1.1630       -3.3530        3.8410 

