Run semi-empirical minimization
 &qmmm
  qm_theory='AM1', grms_tol=0.05, scfconv=1.d-10, ndiis_attempts=700,   qmcharge=0,
 /
   1     H        1.0510        0.2820       -0.2500 
   6     C        2.1440        0.2110       -0.2410 
   6    C1        2.6200       -1.0560       -0.9490 
   1    H1        2.2720       -1.0090       -1.9880 
   6    C2        4.1440       -1.1300       -0.9200 
   6    C3        2.0090       -2.3060       -0.3300 
   8     O        2.4180       -3.4080       -1.0240 
   6    C4        1.8930       -4.6460       -0.5420 
   8    O1        1.2410       -2.3240        0.6220 
   1    H2        2.5420        1.1030       -0.7380 
   1    H3        2.4700        0.2330        0.8050 
   1    H4        4.5140       -1.2540        0.1040 
   1    H5        4.5110       -1.9790       -1.5060 
   1    H6        4.5890       -0.2220       -1.3390 
   1    H7        2.1420       -4.7920        0.5140 
   1    H8        0.8110       -4.6840       -0.6970 
   1    H9        2.3550       -5.4530       -1.1180 

