Run semi-empirical minimization
 &qmmm
  qm_theory='AM1', grms_tol=0.05, scfconv=1.d-10, ndiis_attempts=700,   qmcharge=0,
 /
   8     O       -0.8540        1.0770       -0.5610 
   6     C        0.5640        1.0970       -0.6340 
   6    C1        1.1040        2.3150        0.1030 
   6    C2        2.6290        2.3690        0.0610 
   6    C3        3.1650        3.5980        0.7780 
   1     H       -1.0970        0.9700        0.3750 
   1    H1        0.9470        0.1660       -0.2030 
   1    H2        0.8470        1.1260       -1.6910 
   1    H3        0.6780        3.2240       -0.3400 
   1    H4        0.7550        2.2970        1.1430 
   1    H5        3.0450        1.4700        0.5300 
   1    H6        2.9740        2.3810       -0.9790 
   1    H7        2.8470        3.6120        1.8250 
   1    H8        4.2590        3.6030        0.7550 
   1    H9        2.8110        4.5160        0.2980 

