0.0 0.003733600366142768 0.06072449267438909
1.0 0.0030323192797394286 0.0550110893567673
2.0 0.0027711146686407793 0.052591815528142884
3.0 0.002584915633232157 0.05079574347286753
4.0 0.00243798812875235 0.04933217904184856
5.0 0.0023335454151690175 0.04826423029581444
6.0 0.0022573818996048604 0.047470688669227004
7.0 0.0021922914684538645 0.04678093828757104
8.0 0.0021336534823037457 0.04615090335531935
9.0 0.002079872663405863 0.045565240892791924
10.0 0.0020297823916815986 0.04501331538712925
11.0 0.0019861349347363405 0.04452656879410432
12.0 0.0019468541077618427 0.0440838473869423
13.0 0.0019124704939910845 0.04369263448501465
14.0 0.0018833117065822798 0.04335815537048346
15.0 0.0018583662736463568 0.043069691913007906
16.0 0.0018351145185486893 0.0427992361831077
17.0 0.0018141355958116905 0.04255386113507321
18.0 0.001793672940886958 0.042312927885050755
19.0 0.0017742290401462448 0.04208295384084175
20.0 0.0017563989862524763 0.041870709496148364
21.0 0.0017409402658956044 0.041686191896343094
22.0 0.0017259938367941785 0.04150686075150365
23.0 0.0017131530306565292 0.041352273221778375
24.0 0.0017012294881373418 0.0412078516056554
25.0 0.0016903231812696851 0.041075815453584755
26.0 0.0016792650383462017 0.04094060701900062
27.0 0.0016699769054747164 0.040827647372890304
28.0 0.0016599620268795121 0.04070479662918765
29.0 0.0016502045126608241 0.04058477280165237
30.0 0.0016412589342559786 0.04047492999200182
31.0 0.0016303709963718977 0.04034053489907111
32.0 0.0016199634742325572 0.040211565217309474
33.0 0.0016091531699164348 0.04007693050448731
34.0 0.0015968288236206628 0.03992341948579952
35.0 0.001587142910081195 0.03980166309429874
36.0 0.0015760643622265516 0.03966269438699593
37.0 0.0015664122699921162 0.03954107158437722
38.0 0.0015564206725387155 0.03941452318860772
