Run semi-empirical minimization
 &qmmm
  qm_theory='AM1', grms_tol=0.05, scfconv=1.d-10, ndiis_attempts=700,   qmcharge=0,
 /
   8     O        1.6550       -0.5330        8.0920 
   6     C        2.9730       -0.1820        7.6850 
   6    C1        3.8670       -1.4190        7.4710 
   6    C2        3.9660       -2.2290        8.7670 
   8    O1        3.3800       -2.3330        6.4780 
   6    C3        3.0950       -1.8310        5.1730 
   6    C4        4.2800       -1.2450        4.3800 
   6    C5        5.3490       -2.3040        4.1040 
   8    O2        3.9030       -0.7400        3.0860 
   6    C6        2.8990        0.2770        3.0440 
   6    C7        3.3260        1.6110        3.6870 
   6    C8        4.4250        2.3080        2.8890 
   8    O3        2.2410        2.4710        4.0430 
   6    C9        1.2760        2.8320        3.0560 
   6   C10        0.1230        3.5710        3.7860 
   6   C11        0.5950        4.9350        4.3040 
   8    O4       -1.0320        3.8320        2.9830 
   6   C12       -1.8460        2.7170        2.6200 
   6   C13       -2.4700        1.8830        3.7660 
   6   C14       -3.2610        2.7450        4.7560 
   8    O5       -3.3930        0.8880        3.2870 
   6   C15       -2.8880       -0.0950        2.3840 
   6   C16       -1.7500       -0.9680        2.9350 
   6   C17       -2.1390       -1.7320        4.1990 
   8    O6       -1.3140       -1.8600        1.9070 
   1     H       -1.3230       -2.7720        2.2450 
   1    H1        1.4160       -1.3410        7.5880 
   1    H2        2.8860        0.4120        6.7730 
   1    H3        3.3990        0.4640        8.4610 
   1    H4        4.8730       -1.0910        7.1890 
   1    H5        3.0120       -2.7130        9.0080 
   1    H6        4.6990       -3.0360        8.6560 
   1    H7        4.2650       -1.6060        9.6150 
   1    H8        2.6790       -2.6670        4.5990 
   1    H9        2.2750       -1.1180        5.2570 
   1   H10        4.7590       -0.4490        4.9540 
   1   H11        5.0070       -3.0220        3.3480 
   1   H12        6.2470       -1.8310        3.6880 
   1   H13        5.6370       -2.8500        5.0070 
   1   H14        2.6780        0.4450        1.9770 
   1   H15        1.9600       -0.0920        3.4650 
   1   H16        3.7800        1.3830        4.6530 
   1   H17        4.4910        3.3700        3.1390 
   1   H18        5.3960        1.8420        3.1040 
   1   H19        4.2650        2.2270        1.8100 
   1   H20        1.7350        3.4740        2.2910 
   1   H21        0.8890        1.9420        2.5510 
   1   H22       -0.1780        2.9900        4.6650 
   1   H23       -0.2330        5.6540        4.3490 
   1   H24        1.0210        4.8420        5.3080 
   1   H25        1.3620        5.3730        3.6570 
   1   H26       -2.6640        3.1150        2.0060 
   1   H27       -1.2720        2.0750        1.9480 
   1   H28       -1.6880        1.3760        4.3390 
   1   H29       -4.0200        2.1470        5.2750 
   1   H30       -2.6030        3.1860        5.5090 
   1   H31       -3.7910        3.5560        4.2470 
   1   H32       -3.7320       -0.7410        2.1160 
   1   H33       -2.5900        0.3810        1.4430 
   1   H34       -0.8920       -0.3310        3.1710 
   1   H35       -2.5220       -2.7330        3.9770 
   1   H36       -1.2510       -1.8690        4.8280 
   1   H37       -2.8810       -1.1980        4.8000 

