9.085000000000000853e+00 7.429999999999999716e+00 9.745000000000000995e+00
9.925000000000000711e+00 7.529999999999999361e+00 9.879999999999999005e+00
9.324999999999999289e+00 8.144999999999999574e+00 9.064999999999999503e+00
9.864999999999998437e+00 8.905000000000001137e+00 8.214999999999999858e+00
9.214999999999999858e+00 7.995000000000000107e+00 7.779999999999999361e+00
8.529999999999999361e+00 9.004999999999999005e+00 8.410000000000000142e+00
7.155000000000000249e+00 9.214999999999999858e+00 8.660000000000000142e+00
6.189999999999999503e+00 8.380000000000000782e+00 8.344999999999998863e+00
6.349999999999999645e+00 8.660000000000000142e+00 9.620000000000000995e+00
6.685000000000000497e+00 8.599999999999999645e+00 1.068500000000000050e+01
6.379999999999999893e+00 7.894999999999999574e+00 1.035000000000000142e+01
4.769999999999999574e+00 1.025499999999999901e+01 8.890000000000000568e+00
6.025000000000000355e+00 9.585000000000000853e+00 8.879999999999999005e+00
5.759999999999999787e+00 1.040499999999999936e+01 8.355000000000000426e+00
3.730000000000000426e+00 9.740000000000000213e+00 8.945000000000000284e+00
3.429999999999999716e+00 1.094500000000000028e+01 1.057499999999999929e+01
3.580000000000000071e+00 1.069500000000000028e+01 9.429999999999999716e+00
3.590000000000000746e+00 1.197000000000000064e+01 1.225999999999999979e+01
3.524999999999999467e+00 1.110500000000000043e+01 1.176999999999999957e+01
2.819999999999999396e+00 1.156000000000000050e+01 9.820000000000000284e+00
2.799999999999999822e+00 1.052499999999999858e+01 7.495000000000000107e+00
3.634999999999999787e+00 1.042500000000000071e+01 8.160000000000000142e+00
3.520000000000000462e+00 1.023000000000000043e+01 7.125000000000000000e+00
6.014999999999999680e+00 7.990000000000000213e+00 7.179999999999999716e+00
5.705000000000000071e+00 7.709999999999999076e+00 6.025000000000000355e+00
5.369999999999999218e+00 6.759999999999999787e+00 5.564999999999999503e+00
5.504999999999999893e+00 7.480000000000000426e+00 5.059999999999999609e+00
5.709999999999999964e+00 7.300000000000000711e+00 8.044999999999999929e+00
1.051999999999999957e+01 9.849999999999999645e+00 7.765000000000000568e+00
1.108000000000000007e+01 9.035000000000000142e+00 8.324999999999999289e+00
1.221499999999999986e+01 9.100000000000001421e+00 8.710000000000000853e+00
1.307499999999999929e+01 9.600000000000001421e+00 8.359999999999999432e+00
1.314000000000000057e+01 9.220000000000000639e+00 9.184999999999998721e+00
9.294999999999999929e+00 8.160000000000000142e+00 1.016999999999999993e+01
9.675000000000000711e+00 7.214999999999999858e+00 7.245000000000000107e+00
8.830000000000000071e+00 7.185000000000000497e+00 7.285000000000000142e+00
9.140000000000000568e+00 7.799999999999999822e+00 6.765000000000000568e+00
8.035000000000000142e+00 9.804999999999999716e+00 8.894999999999999574e+00
7.910000000000000142e+00 9.925000000000000711e+00 8.075000000000001066e+00
5.745000000000000107e+00 8.375000000000000000e+00 1.060999999999999943e+01
5.875000000000000000e+00 1.063499999999999979e+01 9.134999999999999787e+00
2.850000000000000533e+00 1.142500000000000071e+01 1.250499999999999901e+01
3.735000000000000320e+00 1.122000000000000064e+01 1.273499999999999943e+01
3.395000000000000462e+00 1.108999999999999986e+01 7.165000000000000036e+00
4.794999999999999929e+00 7.424999999999999822e+00 5.480000000000000426e+00
1.265000000000000036e+01 9.859999999999999432e+00 9.155000000000001137e+00
2.076000000000000156e+01 6.764999999999999680e+00 2.959999999999999964e+00
2.019000000000000128e+01 6.334999999999999964e+00 3.464999999999999858e+00
1.963500000000000156e+01 6.660000000000000142e+00 2.634999999999999787e+00
1.903500000000000014e+01 7.224999999999999645e+00 1.589999999999999858e+00
1.853500000000000014e+01 6.219999999999999751e+00 2.234999999999999876e+00
1.857000000000000028e+01 7.394999999999999574e+00 2.764999999999999680e+00
1.865500000000000114e+01 8.484999999999999432e+00 3.549999999999999822e+00
1.956000000000000227e+01 8.830000000000000071e+00 4.474999999999999645e+00
1.948000000000000043e+01 9.525000000000000355e+00 3.339999999999999858e+00
2.006000000000000227e+01 1.044500000000000028e+01 3.049999999999999822e+00
1.951500000000000057e+01 1.010500000000000043e+01 2.405000000000000249e+00
1.768999999999999773e+01 1.071999999999999886e+01 4.174999999999999822e+00
1.861999999999999744e+01 9.660000000000000142e+00 4.235000000000000320e+00
1.854999999999999716e+01 1.051500000000000057e+01 4.919999999999999929e+00
1.752499999999999858e+01 1.144500000000000028e+01 3.399999999999999911e+00
1.594999999999999929e+01 1.052999999999999936e+01 2.535000000000000142e+00
1.660999999999999943e+01 1.081499999999999950e+01 3.469999999999999751e+00
1.505999999999999872e+01 9.190000000000001279e+00 1.300000000000000044e+00
1.555000000000000071e+01 1.014000000000000057e+01 1.500000000000000000e+00
1.560500000000000043e+01 1.007499999999999929e+01 3.474999999999999645e+00
1.634499999999999886e+01 1.256499999999999950e+01 4.415000000000000036e+00
1.702499999999999858e+01 1.177999999999999936e+01 4.209999999999999964e+00
1.714999999999999858e+01 1.278500000000000014e+01 4.560000000000000497e+00
1.970000000000000284e+01 8.355000000000000426e+00 5.589999999999999858e+00
1.977000000000000313e+01 7.664999999999999147e+00 6.509999999999999787e+00
2.050500000000000256e+01 7.554999999999999716e+00 7.144999999999999574e+00
2.053999999999999915e+01 6.915000000000000036e+00 6.644999999999999574e+00
2.063000000000000256e+01 8.585000000000000853e+00 5.014999999999999680e+00
1.889499999999999957e+01 8.070000000000000284e+00 5.949999999999997513e-01
1.958500000000000085e+01 7.160000000000000142e+00 4.449999999999998401e-01
2.017499999999999716e+01 7.070000000000000284e+00 -5.449999999999999289e-01
1.988499999999999801e+01 7.615000000000000213e+00 -1.375000000000000000e+00
2.057999999999999829e+01 7.029999999999999361e+00 -1.419999999999999929e+00
2.057500000000000284e+01 5.969999999999999751e+00 2.754999999999999893e+00
1.805999999999999872e+01 5.299999999999999822e+00 2.629999999999999893e+00
1.771499999999999986e+01 5.570000000000000284e+00 1.850000000000000089e+00
1.848999999999999844e+01 5.240000000000000213e+00 1.834999999999999964e+00
1.783500000000000085e+01 8.144999999999999574e+00 3.004999999999999893e+00
1.799000000000000199e+01 7.695000000000000284e+00 3.665000000000000036e+00
2.030000000000000071e+01 9.720000000000000639e+00 2.594999999999999751e+00
1.783999999999999986e+01 1.005999999999999872e+01 4.964999999999999858e+00
1.487500000000000000e+01 9.929999999999999716e+00 7.149999999999998579e-01
1.558000000000000007e+01 9.440000000000001279e+00 7.949999999999999289e-01
1.680499999999999972e+01 1.228500000000000014e+01 5.220000000000000639e+00
1.992500000000000071e+01 6.845000000000000639e+00 7.209999999999999964e+00
2.068999999999999773e+01 7.755000000000000782e+00 -9.900000000000002132e-01
1.932499999999999929e+01 2.800000000000000266e-01 4.879999999999999893e+00
1.892000000000000171e+01 -4.450000000000000622e-01 4.720000000000000639e+00
1.878500000000000014e+01 2.500000000000013323e-02 5.724999999999999645e+00
1.836500000000000199e+01 -5.949999999999999734e-01 6.745000000000000107e+00
1.942500000000000071e+01 1.000000000000000888e-02 6.804999999999999716e+00
1.828999999999999915e+01 6.900000000000000577e-01 6.750000000000000000e+00
1.814999999999999858e+01 2.109999999999999876e+00 6.974999999999999645e+00
1.897500000000000142e+01 3.084999999999999964e+00 7.490000000000000213e+00
1.878000000000000114e+01 3.000000000000000000e+00 6.205000000000000071e+00
1.914499999999999957e+01 3.625000000000000000e+00 5.234999999999999432e+00
1.878999999999999915e+01 2.939999999999999947e+00 5.054999999999999716e+00
1.690500000000000114e+01 4.075000000000000178e+00 7.644999999999999574e+00
1.778999999999999915e+01 3.370000000000000107e+00 6.935000000000000497e+00
1.677499999999999858e+01 3.754999999999999893e+00 6.544999999999999929e+00
1.710500000000000043e+01 4.390000000000000568e+00 8.664999999999999147e+00
1.612000000000000099e+01 6.004999999999999893e+00 7.974999999999999645e+00
1.619999999999999929e+01 4.895000000000000462e+00 8.254999999999999005e+00
1.554499999999999993e+01 7.509999999999999787e+00 7.000000000000000000e+00
1.622500000000000142e+01 7.099999999999999645e+00 7.554999999999999716e+00
1.515000000000000036e+01 5.474999999999999645e+00 8.175000000000000711e+00
1.607499999999999929e+01 2.714999999999999858e+00 9.320000000000000284e+00
1.625499999999999901e+01 3.765000000000000568e+00 8.844999999999998863e+00
1.540500000000000114e+01 3.110000000000000320e+00 9.105000000000000426e+00
1.946000000000000085e+01 2.955000000000000071e+00 8.599999999999999645e+00
1.973999999999999844e+01 2.930000000000000160e+00 9.759999999999999787e+00
2.000499999999999901e+01 3.800000000000000711e+00 1.030000000000000071e+01
2.063499999999999801e+01 3.205000000000000071e+00 1.031499999999999950e+01
2.001500000000000057e+01 3.620000000000000107e+00 7.904999999999999361e+00
1.750499999999999901e+01 -1.199999999999999956e+00 7.294999999999999929e+00
1.829500000000000171e+01 -1.800000000000000044e+00 6.705000000000000071e+00
1.828500000000000014e+01 -3.054999999999999716e+00 6.584999999999999964e+00
1.798499999999999943e+01 -3.845000000000000639e+00 7.294999999999999929e+00
1.829500000000000171e+01 -4.165000000000000036e+00 6.490000000000000213e+00
1.848000000000000043e+01 2.500000000000000000e-01 4.675000000000000711e+00
2.045000000000000284e+01 4.299999999999999378e-01 6.990000000000000213e+00
2.010000000000000142e+01 -7.499999999999995559e-02 7.625000000000000000e+00
2.039999999999999858e+01 -4.749999999999998668e-01 6.945000000000000284e+00
1.741000000000000014e+01 1.379999999999999893e+00 6.714999999999999858e+00
1.775999999999999801e+01 1.274999999999999911e+00 7.509999999999999787e+00
1.954500000000000171e+01 2.775000000000000355e+00 5.365000000000000213e+00
1.739000000000000057e+01 4.309999999999999609e+00 6.745000000000000107e+00
1.575999999999999979e+01 7.984999999999999432e+00 7.685000000000000497e+00
1.629500000000000171e+01 8.019999999999999574e+00 7.019999999999999574e+00
1.585999999999999943e+01 3.410000000000000142e+00 9.844999999999998863e+00
1.982999999999999829e+01 3.035000000000000142e+00 1.080999999999999872e+01
1.749000000000000199e+01 -3.679999999999999716e+00 6.605000000000000426e+00
1.166499999999999915e+01 4.525000000000000355e+00 6.169999999999999929e+00
1.133500000000000085e+01 3.759999999999999787e+00 5.810000000000000497e+00
1.209499999999999886e+01 4.199999999999999289e+00 5.200000000000000178e+00
1.189000000000000057e+01 4.719999999999999751e+00 4.054999999999999716e+00
1.306499999999999950e+01 4.709999999999999964e+00 4.695000000000000284e+00
1.244500000000000028e+01 3.649999999999999911e+00 4.084999999999999964e+00
1.267999999999999972e+01 2.945000000000000284e+00 2.895000000000000018e+00
1.228500000000000014e+01 2.979999999999999982e+00 1.645000000000000018e+00
1.337000000000000099e+01 3.509999999999999787e+00 1.895000000000000018e+00
1.360999999999999943e+01 4.595000000000000639e+00 1.765000000000000124e+00
1.387500000000000000e+01 4.035000000000000142e+00 1.100000000000000089e+00
1.434499999999999886e+01 1.489999999999999991e+00 1.704999999999999849e+00
1.325499999999999901e+01 2.290000000000000036e+00 1.814999999999999947e+00
1.362000000000000099e+01 1.625000000000000000e+00 9.599999999999999645e-01
1.546999999999999886e+01 1.660000000000000142e+00 1.655000000000000249e+00
1.505499999999999972e+01 7.250000000000000888e-01 3.669999999999999929e+00
1.519999999999999929e+01 1.314999999999999947e+00 2.655000000000000249e+00
1.458999999999999986e+01 -3.050000000000001599e-01 5.525000000000000355e+00
1.488499999999999979e+01 1.049999999999999822e-01 4.665000000000000036e+00
1.564000000000000057e+01 1.655000000000000027e+00 3.765000000000000124e+00
1.510999999999999943e+01 -4.599999999999999645e-01 1.459999999999999964e+00
1.525999999999999979e+01 6.250000000000000000e-01 1.564999999999999947e+00
1.596000000000000085e+01 -1.250000000000000000e-01 1.415000000000000036e+00
1.127500000000000036e+01 2.455000000000000071e+00 1.229999999999999982e+00
1.032000000000000028e+01 1.859999999999999876e+00 8.799999999999998934e-01
9.484999999999999432e+00 2.330000000000000071e+00 3.449999999999997513e-01
9.434999999999998721e+00 1.535000000000000142e+00 7.599999999999997868e-01
1.150499999999999901e+01 3.495000000000000107e+00 8.250000000000001776e-01
1.140500000000000114e+01 5.685000000000000497e+00 3.484999999999999876e+00
1.078500000000000014e+01 4.730000000000000426e+00 3.459999999999999964e+00
9.789999999999999147e+00 4.660000000000000142e+00 2.810000000000000053e+00
9.125000000000000000e+00 4.544999999999999929e+00 2.020000000000000018e+00
9.550000000000000711e+00 5.339999999999999858e+00 2.015000000000000124e+00
1.197499999999999964e+01 3.774999999999999911e+00 6.304999999999999716e+00
1.350000000000000000e+01 5.480000000000000426e+00 5.150000000000000355e+00
1.403999999999999915e+01 4.775000000000000355e+00 5.169999999999999929e+00
1.392500000000000071e+01 5.265000000000000568e+00 4.459999999999999964e+00
1.272000000000000064e+01 2.580000000000000071e+00 3.984999999999999876e+00
1.198499999999999943e+01 2.660000000000000142e+00 3.700000000000000178e+00
1.434999999999999964e+01 4.089999999999999858e+00 1.915000000000000036e+00
1.328500000000000014e+01 1.199999999999999734e+00 1.694999999999999840e+00
1.543500000000000050e+01 -1.800000000000001599e-01 5.540000000000000036e+00
1.492500000000000071e+01 5.350000000000001421e-01 5.650000000000000355e+00
1.553999999999999915e+01 -9.499999999999975131e-02 6.850000000000000533e-01
9.875000000000000000e+00 1.544999999999999929e+00 2.499999999999991118e-02
8.939999999999999503e+00 5.179999999999999716e+00 2.589999999999999858e+00
1.052500000000000036e+01 -8.200000000000002842e-01 1.115000000000000036e+01
1.120500000000000007e+01 -3.250000000000001776e-01 1.150499999999999901e+01
1.044000000000000128e+01 3.399999999999999689e-01 1.103500000000000014e+01
1.063000000000000078e+01 1.620000000000000107e+00 1.082499999999999929e+01
1.031000000000000050e+01 8.400000000000000799e-01 9.894999999999999574e+00
9.470000000000000639e+00 1.125000000000000000e+00 1.087500000000000000e+01
8.345000000000000639e+00 1.300000000000000044e+00 1.180000000000000071e+01
7.779999999999999361e+00 6.550000000000000266e-01 1.283000000000000007e+01
8.449999999999999289e+00 1.795000000000000151e+00 1.298499999999999943e+01
8.789999999999999147e+00 2.225000000000000089e+00 1.397499999999999964e+01
8.945000000000000284e+00 2.770000000000000018e+00 1.325499999999999901e+01
6.095000000000000639e+00 1.909999999999999920e+00 1.182000000000000028e+01
7.269999999999999574e+00 1.750000000000000000e+00 1.243999999999999950e+01
6.814999999999999503e+00 2.634999999999999787e+00 1.218999999999999950e+01
5.900000000000000355e+00 1.294999999999999929e+00 1.097499999999999964e+01
3.910000000000000142e+00 8.449999999999999734e-01 1.150000000000000000e+01
4.964999999999999858e+00 1.390000000000000124e+00 1.160999999999999943e+01
2.099999999999999645e+00 -3.000000000000000444e-01 1.117500000000000071e+01
2.929999999999999716e+00 2.649999999999999023e-01 1.132000000000000028e+01
4.259999999999999787e+00 1.090000000000000080e+00 1.251500000000000057e+01
4.974999999999999645e+00 2.700000000000000178e+00 1.000999999999999979e+01
5.490000000000000213e+00 2.234999999999999876e+00 1.084999999999999964e+01
5.830000000000000071e+00 2.809999999999999609e+00 1.012500000000000000e+01
7.339999999999999858e+00 -4.350000000000000533e-01 1.266499999999999915e+01
6.730000000000000426e+00 -1.410000000000000142e+00 1.242999999999999972e+01
6.230000000000000426e+00 -2.355000000000000426e+00 1.227500000000000036e+01
5.915000000000000036e+00 -1.860000000000000320e+00 1.294500000000000028e+01
7.714999999999999858e+00 -1.650000000000000355e-01 1.369999999999999929e+01
1.150500000000000078e+01 2.254999999999999893e+00 1.134500000000000064e+01
1.078000000000000114e+01 2.785000000000000142e+00 1.065000000000000036e+01
1.085999999999999943e+01 3.970000000000000195e+00 1.030999999999999872e+01
1.132000000000000028e+01 4.790000000000000036e+00 1.078999999999999915e+01
1.081500000000000128e+01 4.929999999999999716e+00 1.013499999999999979e+01
1.054499999999999993e+01 -3.399999999999998579e-01 1.192500000000000071e+01
1.078999999999999915e+01 9.250000000000000444e-01 8.830000000000000071e+00
1.042999999999999972e+01 1.500000000000001332e-01 8.989999999999998437e+00
9.949999999999999289e+00 8.000000000000000444e-01 8.804999999999999716e+00
8.574999999999999289e+00 1.639999999999999902e+00 1.073000000000000043e+01
8.490000000000000213e+00 8.249999999999999556e-01 1.085000000000000142e+01
9.474999999999999645e+00 2.120000000000000107e+00 1.341499999999999915e+01
6.455000000000000071e+00 2.245000000000000107e+00 1.283000000000000007e+01
2.449999999999999289e+00 -3.100000000000000533e-01 1.206500000000000128e+01
1.994999999999999218e+00 3.499999999999999778e-01 1.169999999999999929e+01
5.345000000000000639e+00 3.365000000000000213e+00 1.057000000000000028e+01
6.699999999999999289e+00 -2.240000000000000213e+00 1.300999999999999979e+01
1.169999999999999929e+01 4.640000000000000568e+00 1.001999999999999957e+01
7.814999999999999503e+00 1.671499999999999986e+01 9.300000000000000711e+00
7.974999999999999645e+00 1.590000000000000036e+01 9.080000000000000071e+00
7.740000000000000213e+00 1.642999999999999972e+01 8.214999999999999858e+00
6.929999999999999716e+00 1.584999999999999964e+01 7.370000000000000107e+00
7.015000000000000568e+00 1.710000000000000142e+01 7.634999999999999787e+00
7.990000000000000213e+00 1.653500000000000014e+01 6.970000000000000639e+00
9.100000000000001421e+00 1.607499999999999929e+01 6.150000000000000355e+00
1.021499999999999986e+01 1.593499999999999872e+01 5.525000000000000355e+00
9.980000000000000426e+00 1.509499999999999886e+01 6.455000000000000071e+00
1.069500000000000028e+01 1.434999999999999964e+01 6.849999999999999645e+00
9.960000000000000853e+00 1.428500000000000014e+01 7.234999999999999432e+00
9.224999999999999645e+00 1.380000000000000071e+01 4.790000000000000036e+00
9.285000000000000142e+00 1.505000000000000071e+01 5.419999999999999929e+00
8.789999999999999147e+00 1.485500000000000043e+01 4.459999999999999964e+00
9.634999999999999787e+00 1.280000000000000071e+01 5.125000000000000000e+00
8.589999999999999858e+00 1.161500000000000021e+01 3.975000000000000089e+00
8.980000000000000426e+00 1.266999999999999993e+01 4.275000000000000355e+00
7.570000000000000284e+00 1.017500000000000071e+01 3.160000000000000142e+00
8.265000000000000568e+00 1.044500000000000028e+01 3.839999999999999858e+00
7.949999999999999289e+00 1.251999999999999957e+01 3.629999999999999893e+00
1.064499999999999957e+01 1.349500000000000099e+01 3.334999999999999964e+00
1.015500000000000114e+01 1.310500000000000043e+01 4.200000000000000178e+00
1.096000000000000085e+01 1.271499999999999986e+01 3.594999999999999751e+00
1.052500000000000036e+01 1.668999999999999773e+01 4.644999999999999574e+00
1.062000000000000099e+01 1.757499999999999929e+01 3.774999999999999911e+00
1.140000000000000036e+01 1.791000000000000014e+01 3.179999999999999716e+00
1.109499999999999886e+01 1.851999999999999957e+01 3.765000000000000124e+00
1.134500000000000064e+01 1.644500000000000028e+01 5.429999999999999716e+00
6.390000000000000568e+00 1.482000000000000028e+01 7.609999999999999432e+00
6.234999999999999432e+00 1.528999999999999915e+01 6.580000000000000071e+00
5.619999999999999218e+00 1.480499999999999972e+01 5.709999999999999964e+00
5.384999999999999787e+00 1.373999999999999844e+01 5.509999999999999787e+00
5.154999999999999361e+00 1.433999999999999986e+01 4.919999999999999929e+00
8.570000000000000284e+00 1.656000000000000227e+01 8.945000000000000284e+00
6.394999999999999574e+00 1.784499999999999886e+01 7.245000000000000107e+00
6.224999999999999645e+00 1.778000000000000114e+01 8.080000000000000071e+00
6.905000000000000249e+00 1.823000000000000043e+01 7.765000000000000568e+00
8.289999999999999147e+00 1.681000000000000227e+01 5.970000000000000639e+00
8.824999999999999289e+00 1.706000000000000227e+01 6.609999999999999432e+00
1.048000000000000043e+01 1.500499999999999901e+01 7.429999999999999716e+00
8.455000000000000071e+00 1.442999999999999972e+01 5.189999999999999503e+00
8.125000000000000000e+00 9.554999999999999716e+00 3.509999999999999787e+00
7.394999999999999574e+00 9.859999999999999432e+00 3.985000000000000320e+00
1.122000000000000064e+01 1.344500000000000028e+01 3.959999999999999964e+00
1.057000000000000028e+01 1.836999999999999744e+01 3.120000000000000107e+00
4.719999999999999751e+00 1.437500000000000000e+01 5.695000000000000284e+00
4.650000000000000355e+00 -1.149999999999999911e+00 3.145000000000000018e+00
4.030000000000000249e+00 -5.150000000000001243e-01 2.950000000000000178e+00
5.025000000000000355e+00 -1.500000000000001332e-01 3.169999999999999929e+00
5.299999999999999822e+00 7.649999999999999023e-01 4.115000000000000213e+00
6.174999999999999822e+00 9.999999999999786837e-03 3.564999999999999947e+00
5.679999999999999716e+00 9.199999999999999289e-01 2.865000000000000213e+00
5.339999999999999858e+00 1.949999999999999956e+00 1.989999999999999991e+00
4.310000000000000497e+00 1.975000000000000089e+00 1.274999999999999911e+00
4.450000000000000178e+00 2.764999999999999680e+00 2.259999999999999787e+00
4.425000000000000711e+00 3.205000000000000071e+00 3.214999999999999858e+00
3.790000000000000036e+00 3.529999999999999805e+00 2.695000000000000284e+00
5.234999999999999432e+00 4.120000000000000107e+00 5.300000000000000266e-01
5.205000000000000071e+00 2.955000000000000071e+00 1.185000000000000053e+00
5.544999999999999929e+00 3.169999999999999929e+00 1.850000000000000533e-01
4.330000000000000071e+00 4.629999999999999893e+00 3.899999999999999023e-01
4.900000000000000355e+00 6.544999999999999929e+00 1.104999999999999982e+00
5.119999999999999218e+00 5.390000000000000568e+00 7.999999999999998224e-01
4.559999999999999609e+00 8.084999999999999076e+00 2.310000000000000053e+00
4.504999999999999893e+00 7.615000000000000213e+00 1.379999999999999893e+00
5.859999999999999432e+00 6.054999999999999716e+00 1.604999999999999982e+00
5.139999999999999680e+00 5.589999999999999858e+00 -1.294999999999999929e+00
5.035000000000000142e+00 4.900000000000000355e+00 -4.100000000000001421e-01
4.775000000000000355e+00 4.915000000000000036e+00 -1.555000000000000160e+00
4.060000000000000497e+00 1.135000000000000009e+00 3.599999999999998757e-01
3.905000000000000249e+00 4.449999999999998401e-01 -5.750000000000001776e-01
3.660000000000000142e+00 -2.399999999999999911e-01 -1.339999999999999858e+00
3.205000000000000071e+00 5.000000000000000000e-01 -1.314999999999999947e+00
3.179999999999999716e+00 1.540000000000000036e+00 9.049999999999998046e-01
4.629999999999999893e+00 1.050000000000000044e+00 5.144999999999999574e+00
5.484999999999999432e+00 1.659999999999999920e+00 5.029999999999999361e+00
5.794999999999999929e+00 2.389999999999999680e+00 5.929999999999999716e+00
5.845000000000000639e+00 2.274999999999999911e+00 7.014999999999999680e+00
5.200000000000000178e+00 2.804999999999999716e+00 6.614999999999999325e+00
4.625000000000000000e+00 -8.149999999999999467e-01 2.375000000000000000e+00
6.660000000000000142e+00 -7.500000000000000000e-01 4.040000000000000036e+00
7.054999999999999716e+00 -6.499999999999999112e-01 3.274999999999999911e+00
7.205000000000000071e+00 -4.499999999999992895e-02 3.934999999999999609e+00
6.254999999999999893e+00 1.729999999999999982e+00 2.554999999999999716e+00
6.125000000000000000e+00 1.270000000000000018e+00 1.834999999999999964e+00
3.765000000000000124e+00 2.684999999999999609e+00 2.975000000000000089e+00
6.075000000000000178e+00 3.604999999999999982e+00 8.349999999999999645e-01
5.054999999999999716e+00 8.334999999999999076e+00 1.725000000000000089e+00
4.134999999999999787e+00 8.529999999999999361e+00 1.699999999999999956e+00
5.644999999999999574e+00 4.820000000000000284e+00 -1.410000000000000142e+00
3.174999999999999822e+00 -1.750000000000000444e-01 -7.299999999999999822e-01
5.950000000000000178e+00 3.120000000000000107e+00 6.684999999999999609e+00
1.848499999999999943e+01 1.208999999999999986e+01 1.080499999999999972e+01
1.767499999999999716e+01 1.219500000000000028e+01 1.062999999999999901e+01
1.788499999999999801e+01 1.247499999999999964e+01 1.172000000000000064e+01
1.786500000000000199e+01 1.180499999999999972e+01 1.274000000000000021e+01
1.822500000000000142e+01 1.303999999999999915e+01 1.279499999999999993e+01
1.695499999999999829e+01 1.272499999999999964e+01 1.265000000000000036e+01
1.555000000000000071e+01 1.277500000000000036e+01 1.236500000000000021e+01
1.500999999999999979e+01 1.292999999999999972e+01 1.116499999999999915e+01
1.471999999999999886e+01 1.191000000000000014e+01 1.185500000000000043e+01
1.450999999999999979e+01 1.096000000000000085e+01 1.232000000000000028e+01
1.480499999999999972e+01 1.094500000000000028e+01 1.141999999999999993e+01
1.320500000000000007e+01 1.384499999999999886e+01 1.202500000000000036e+01
1.432000000000000028e+01 1.307499999999999929e+01 1.219500000000000028e+01
1.400000000000000000e+01 1.393999999999999950e+01 1.266999999999999993e+01
1.281499999999999950e+01 1.418499999999999872e+01 1.106000000000000050e+01
1.107499999999999929e+01 1.348499999999999943e+01 1.241999999999999993e+01
1.202499999999999858e+01 1.375499999999999901e+01 1.167500000000000071e+01
9.995000000000000995e+00 1.289000000000000057e+01 1.427500000000000036e+01
1.042999999999999972e+01 1.314499999999999957e+01 1.342999999999999972e+01
1.108000000000000007e+01 1.292999999999999972e+01 1.141000000000000014e+01
1.209499999999999886e+01 1.562000000000000099e+01 1.246499999999999986e+01
1.254499999999999993e+01 1.490500000000000114e+01 1.178500000000000014e+01
1.215500000000000114e+01 1.583000000000000007e+01 1.159999999999999964e+01
1.517999999999999972e+01 1.389499999999999957e+01 1.048000000000000043e+01
1.537000000000000099e+01 1.495500000000000007e+01 9.904999999999999361e+00
1.583999999999999986e+01 1.505000000000000071e+01 8.945000000000000284e+00
1.566999999999999993e+01 1.585999999999999943e+01 9.394999999999999574e+00
1.512999999999999901e+01 1.290500000000000114e+01 9.910000000000000142e+00
1.837500000000000000e+01 1.091000000000000014e+01 1.344999999999999929e+01
1.756499999999999773e+01 1.065500000000000114e+01 1.271000000000000085e+01
1.721000000000000085e+01 9.595000000000000639e+00 1.267999999999999972e+01
1.720499999999999829e+01 8.975000000000001421e+00 1.350499999999999901e+01
1.779500000000000171e+01 8.710000000000000853e+00 1.291000000000000014e+01
1.812500000000000000e+01 1.291499999999999915e+01 1.071000000000000085e+01
1.851999999999999957e+01 1.401500000000000057e+01 1.289999999999999858e+01
1.867499999999999716e+01 1.347000000000000064e+01 1.370499999999999829e+01
1.919999999999999929e+01 1.343500000000000050e+01 1.290499999999999936e+01
1.610000000000000142e+01 1.267500000000000071e+01 1.330000000000000071e+01
1.620499999999999829e+01 1.341499999999999915e+01 1.301500000000000057e+01
1.400499999999999901e+01 1.121000000000000085e+01 1.166999999999999993e+01
1.344999999999999929e+01 1.327499999999999858e+01 1.290000000000000036e+01
9.615000000000000213e+00 1.254499999999999993e+01 1.354499999999999993e+01
1.044999999999999929e+01 1.225000000000000000e+01 1.386500000000000021e+01
1.287500000000000000e+01 1.591000000000000014e+01 1.215500000000000114e+01
1.500000000000000000e+01 1.544999999999999929e+01 8.960000000000000853e+00
1.690500000000000114e+01 8.640000000000000568e+00 1.273999999999999844e+01
-5.150000000000001243e-01 1.507499999999999929e+01 1.754500000000000171e+01
2.650000000000001243e-01 1.539999999999999858e+01 1.724000000000000199e+01
3.199999999999998401e-01 1.448499999999999943e+01 1.782999999999999829e+01
7.349999999999998757e-01 1.437999999999999901e+01 1.903000000000000114e+01
1.550000000000000266e-01 1.344999999999999929e+01 1.848000000000000043e+01
1.284999999999999920e+00 1.364000000000000057e+01 1.808500000000000085e+01
2.594999999999999751e+00 1.362000000000000099e+01 1.774499999999999744e+01
3.225000000000000089e+00 1.448499999999999943e+01 1.705000000000000071e+01
3.515000000000000124e+00 1.440000000000000036e+01 1.830499999999999972e+01
3.780000000000000249e+00 1.446000000000000085e+01 1.936500000000000199e+01
3.375000000000000000e+00 1.518500000000000050e+01 1.901999999999999957e+01
5.214999999999999858e+00 1.308999999999999986e+01 1.726999999999999957e+01
3.875000000000000000e+00 1.344500000000000028e+01 1.753000000000000114e+01
4.275000000000000355e+00 1.253500000000000014e+01 1.701999999999999957e+01
6.190000000000000391e+00 1.366000000000000014e+01 1.750500000000000256e+01
6.760000000000000675e+00 1.153999999999999915e+01 1.713499999999999801e+01
6.410000000000000142e+00 1.266999999999999993e+01 1.735500000000000043e+01
7.245000000000000107e+00 9.394999999999999574e+00 1.669500000000000028e+01
7.049999999999999822e+00 1.043999999999999950e+01 1.683999999999999986e+01
7.209999999999999964e+00 1.201500000000000057e+01 1.805499999999999972e+01
6.879999999999999893e+00 1.398499999999999943e+01 1.576999999999999957e+01
6.165000000000000036e+00 1.369500000000000028e+01 1.650000000000000000e+01
6.274999999999999467e+00 1.464000000000000057e+01 1.590499999999999936e+01
2.940000000000000391e+00 1.462500000000000000e+01 1.587500000000000000e+01
2.535000000000000142e+00 1.460999999999999943e+01 1.471000000000000085e+01
2.464999999999999858e+00 1.469500000000000028e+01 1.364499999999999957e+01
2.535000000000000142e+00 1.541499999999999915e+01 1.407499999999999929e+01
3.209999999999999964e+00 1.556500000000000128e+01 1.643500000000000227e+01
7.600000000000000089e-01 1.531500000000000128e+01 1.982000000000000028e+01
8.500000000000000888e-01 1.427500000000000036e+01 2.022999999999999687e+01
1.114999999999999991e+00 1.412000000000000099e+01 2.141499999999999915e+01
1.629999999999999893e+00 1.487999999999999901e+01 2.201500000000000057e+01
1.689999999999999947e+00 1.414499999999999957e+01 2.236500000000000199e+01
-1.099999999999998757e-01 1.462999999999999901e+01 1.684499999999999886e+01
-1.799999999999997158e-01 1.248999999999999844e+01 1.893500000000000227e+01
-8.599999999999998757e-01 1.296999999999999886e+01 1.887000000000000099e+01
-4.950000000000001066e-01 1.262500000000000000e+01 1.813499999999999801e+01
2.004999999999999893e+00 1.291999999999999993e+01 1.822999999999999687e+01
1.649999999999999911e+00 1.301500000000000057e+01 1.738499999999999801e+01
4.240000000000000213e+00 1.498000000000000043e+01 1.899499999999999744e+01
4.400000000000000355e+00 1.248499999999999943e+01 1.782000000000000028e+01
7.959999999999999964e+00 9.890000000000000568e+00 1.689999999999999858e+01
7.320000000000000284e+00 9.684999999999998721e+00 1.750000000000000000e+01
6.069999999999999396e+00 1.392500000000000071e+01 1.539999999999999858e+01
1.805000000000000160e+00 1.500499999999999901e+01 1.412000000000000099e+01
8.700000000000001066e-01 1.448000000000000043e+01 2.242500000000000071e+01
1.883500000000000085e+01 2.199999999999999734e-01 1.434499999999999886e+01
1.869500000000000028e+01 -1.350000000000000089e-01 1.516000000000000014e+01
1.778999999999999915e+01 -1.399999999999999023e-01 1.448999999999999844e+01
1.685000000000000142e+01 -1.300000000000001155e-01 1.357499999999999929e+01
1.670499999999999829e+01 -7.949999999999999289e-01 1.469500000000000028e+01
1.654999999999999716e+01 4.399999999999999467e-01 1.473000000000000043e+01
1.635500000000000043e+01 1.830000000000000071e+00 1.508500000000000085e+01
1.724500000000000099e+01 2.734999999999999876e+00 1.546999999999999886e+01
1.665500000000000114e+01 2.770000000000000018e+00 1.433999999999999986e+01
1.632999999999999829e+01 2.620000000000000107e+00 1.338499999999999979e+01
1.714999999999999858e+01 2.725000000000000089e+00 1.330999999999999872e+01
1.560999999999999943e+01 4.389999999999999680e+00 1.583000000000000007e+01
1.599000000000000199e+01 3.149999999999999467e+00 1.535500000000000043e+01
1.516499999999999915e+01 3.450000000000000178e+00 1.611500000000000199e+01
1.624499999999999744e+01 5.299999999999999822e+00 1.571000000000000085e+01
1.410500000000000043e+01 5.814999999999999503e+00 1.584999999999999964e+01
1.526999999999999957e+01 5.620000000000000107e+00 1.583999999999999986e+01
1.195500000000000007e+01 6.250000000000000000e+00 1.640999999999999659e+01
1.295500000000000007e+01 5.974999999999999645e+00 1.605999999999999872e+01
1.475999999999999979e+01 6.630000000000000782e+00 1.531000000000000050e+01
1.627000000000000313e+01 4.965000000000000746e+00 1.770000000000000284e+01
1.598000000000000043e+01 5.285000000000000142e+00 1.677499999999999858e+01
1.574000000000000021e+01 5.630000000000000782e+00 1.786500000000000199e+01
1.781499999999999773e+01 2.669999999999999929e+00 1.655499999999999972e+01
1.833500000000000085e+01 2.629999999999999893e+00 1.763499999999999801e+01
1.905499999999999972e+01 3.280000000000000249e+00 1.810000000000000142e+01
1.935999999999999943e+01 2.455000000000000071e+00 1.794000000000000128e+01
1.835500000000000043e+01 3.069999999999999396e+00 1.558500000000000085e+01
1.714999999999999858e+01 -2.500000000000000000e-01 1.238499999999999979e+01
1.606000000000000227e+01 -1.500000000000012434e-02 1.257999999999999829e+01
1.525499999999999901e+01 2.000000000000001776e-02 1.167500000000000071e+01
1.550499999999999901e+01 2.500000000000000000e-01 1.076999999999999957e+01
1.460999999999999943e+01 1.199999999999999956e-01 1.083999999999999986e+01
1.885500000000000043e+01 -5.749999999999999556e-01 1.440499999999999936e+01
1.646000000000000085e+01 -1.429999999999999938e+00 1.555999999999999872e+01
1.588000000000000078e+01 -1.604999999999999760e+00 1.485500000000000043e+01
1.671500000000000341e+01 -1.859999999999999654e+00 1.484999999999999964e+01
1.561499999999999844e+01 9.799999999999999822e-01 1.491499999999999915e+01
1.601500000000000057e+01 9.000000000000000222e-01 1.560999999999999943e+01
1.660500000000000043e+01 3.360000000000000320e+00 1.337999999999999901e+01
1.495500000000000007e+01 3.594999999999999751e+00 1.528999999999999915e+01
1.261500000000000021e+01 6.865000000000000213e+00 1.636999999999999744e+01
1.228000000000000114e+01 6.599999999999999645e+00 1.558999999999999986e+01
1.652000000000000313e+01 5.870000000000000107e+00 1.757500000000000284e+01
1.882000000000000028e+01 2.580000000000000071e+00 1.850999999999999801e+01
1.514499999999999957e+01 -5.949999999999999734e-01 1.078500000000000014e+01
1.301999999999999957e+01 1.810499999999999687e+01 1.687500000000000000e+01
1.305499999999999972e+01 1.805999999999999872e+01 1.602499999999999858e+01
1.207000000000000028e+01 1.770499999999999829e+01 1.646999999999999886e+01
1.112000000000000099e+01 1.739000000000000057e+01 1.724000000000000199e+01
1.094000000000000128e+01 1.755000000000000071e+01 1.596000000000000085e+01
1.156000000000000050e+01 1.646999999999999886e+01 1.630000000000000071e+01
1.206500000000000128e+01 1.519500000000000028e+01 1.660000000000000142e+01
1.308500000000000085e+01 1.496000000000000085e+01 1.740500000000000114e+01
1.193499999999999872e+01 1.452500000000000036e+01 1.766000000000000014e+01
1.141999999999999993e+01 1.477500000000000036e+01 1.852499999999999858e+01
1.154499999999999993e+01 1.396499999999999986e+01 1.856499999999999773e+01
1.298499999999999943e+01 1.276999999999999957e+01 1.650000000000000000e+01
1.257499999999999929e+01 1.407499999999999929e+01 1.662000000000000099e+01
1.308500000000000085e+01 1.362500000000000000e+01 1.575000000000000000e+01
1.365500000000000114e+01 1.222499999999999964e+01 1.721499999999999986e+01
1.222500000000000142e+01 1.118999999999999950e+01 1.798000000000000043e+01
1.269500000000000028e+01 1.180999999999999872e+01 1.711500000000000199e+01
1.092999999999999972e+01 1.003999999999999915e+01 1.939999999999999858e+01
1.172500000000000142e+01 1.069999999999999929e+01 1.901999999999999957e+01
1.162500000000000000e+01 1.157000000000000028e+01 1.709499999999999886e+01
1.391000000000000014e+01 1.055999999999999872e+01 1.603500000000000014e+01
1.360500000000000043e+01 1.159499999999999886e+01 1.639499999999999957e+01
1.448000000000000043e+01 1.125999999999999979e+01 1.580999999999999872e+01
1.379499999999999993e+01 1.499000000000000021e+01 1.833500000000000085e+01
1.447499999999999964e+01 1.480999999999999872e+01 1.932999999999999829e+01
1.553500000000000014e+01 1.454499999999999993e+01 1.949499999999999744e+01
1.498499999999999943e+01 1.462000000000000099e+01 2.016000000000000014e+01
1.421000000000000085e+01 1.539000000000000057e+01 1.741499999999999915e+01
1.107499999999999929e+01 1.773499999999999943e+01 1.846000000000000085e+01
1.017500000000000071e+01 1.741000000000000014e+01 1.795499999999999829e+01
9.224999999999999645e+00 1.701500000000000057e+01 1.857499999999999929e+01
9.205000000000000071e+00 1.693500000000000227e+01 1.964499999999999957e+01
8.995000000000000995e+00 1.615500000000000114e+01 1.929500000000000171e+01
1.258500000000000085e+01 1.869500000000000028e+01 1.633999999999999986e+01
1.037500000000000000e+01 1.832999999999999829e+01 1.564000000000000057e+01
1.060999999999999943e+01 1.785000000000000142e+01 1.490500000000000114e+01
9.960000000000000853e+00 1.762500000000000000e+01 1.540000000000000036e+01
1.121000000000000085e+01 1.548499999999999943e+01 1.598499999999999943e+01
1.196499999999999986e+01 1.566499999999999915e+01 1.559500000000000064e+01
1.094500000000000028e+01 1.423499999999999943e+01 1.803000000000000114e+01
1.226500000000000057e+01 1.341499999999999915e+01 1.585500000000000043e+01
1.127500000000000036e+01 1.068499999999999872e+01 1.993500000000000227e+01
1.070500000000000007e+01 1.084999999999999964e+01 1.928500000000000014e+01
1.372000000000000064e+01 1.114499999999999957e+01 1.546000000000000085e+01
1.526500000000000057e+01 1.538499999999999979e+01 1.975000000000000000e+01
8.394999999999999574e+00 1.685999999999999943e+01 1.930999999999999872e+01
