8.720000000000000639e+00 7.049999999999999822e+00 9.720000000000000639e+00
9.449999999999999289e+00 7.809999999999999609e+00 9.769999999999999574e+00
9.199999999999999289e+00 8.480000000000000426e+00 8.359999999999999432e+00
9.230000000000000426e+00 7.509999999999999787e+00 7.200000000000000178e+00
7.860000000000000320e+00 9.529999999999999361e+00 8.460000000000000853e+00
6.450000000000000178e+00 8.900000000000000355e+00 8.859999999999999432e+00
6.250000000000000000e+00 8.419999999999999929e+00 1.038000000000000078e+01
5.599999999999999645e+00 1.026999999999999957e+01 8.900000000000000355e+00
3.939999999999999947e+00 1.024000000000000021e+01 8.880000000000000782e+00
3.219999999999999751e+00 1.115000000000000036e+01 9.980000000000000426e+00
3.639999999999999680e+00 1.074000000000000021e+01 1.116999999999999993e+01
3.410000000000000142e+00 1.147000000000000064e+01 1.236999999999999922e+01
2.419999999999999929e+00 1.197000000000000064e+01 9.660000000000000142e+00
3.330000000000000071e+00 1.060999999999999943e+01 7.440000000000000391e+00
3.520000000000000462e+00 9.240000000000000213e+00 9.009999999999999787e+00
5.929999999999999716e+00 7.860000000000000320e+00 7.830000000000000071e+00
6.099999999999999645e+00 8.119999999999999218e+00 6.530000000000000249e+00
5.309999999999999609e+00 7.299999999999999822e+00 5.519999999999999574e+00
5.490000000000000213e+00 6.740000000000000213e+00 8.259999999999999787e+00
1.052999999999999936e+01 9.330000000000000071e+00 8.070000000000000284e+00
1.163000000000000078e+01 8.740000000000000213e+00 8.580000000000000071e+00
1.280000000000000071e+01 9.460000000000000853e+00 8.839999999999999858e+00
1.050999999999999979e+01 1.036999999999999922e+01 7.459999999999999964e+00
9.140000000000000568e+00 8.509999999999999787e+00 1.057000000000000028e+01
1.040000000000000036e+01 7.250000000000000000e+00 9.990000000000000213e+00
1.011999999999999922e+01 6.919999999999999929e+00 7.290000000000000036e+00
8.429999999999999716e+00 6.860000000000000320e+00 7.370000000000000107e+00
9.050000000000000711e+00 8.089999999999999858e+00 6.330000000000000071e+00
8.210000000000000853e+00 1.008000000000000007e+01 9.330000000000000071e+00
7.959999999999999964e+00 1.032000000000000028e+01 7.690000000000000391e+00
5.240000000000000213e+00 8.330000000000000071e+00 1.083999999999999986e+01
6.509999999999999787e+00 7.370000000000000107e+00 1.032000000000000028e+01
7.120000000000000107e+00 8.779999999999999361e+00 1.099000000000000021e+01
6.150000000000000355e+00 1.100000000000000000e+01 9.369999999999999218e+00
5.919999999999999929e+00 1.053999999999999915e+01 7.809999999999999609e+00
3.770000000000000462e+00 1.247000000000000064e+01 1.215000000000000036e+01
2.290000000000000036e+00 1.138000000000000078e+01 1.264000000000000057e+01
4.059999999999999609e+00 1.097000000000000064e+01 1.309999999999999964e+01
3.709999999999999964e+00 9.849999999999999645e+00 6.809999999999999609e+00
2.270000000000000462e+00 1.043999999999999950e+01 7.549999999999999822e+00
3.459999999999999964e+00 1.157000000000000028e+01 6.889999999999999680e+00
5.429999999999999716e+00 6.219999999999999751e+00 5.610000000000000320e+00
4.280000000000000249e+00 7.549999999999999822e+00 5.440000000000000391e+00
5.700000000000000178e+00 7.660000000000000142e+00 4.599999999999999645e+00
1.250000000000000000e+01 1.025999999999999979e+01 9.470000000000000639e+00
1.348000000000000043e+01 8.980000000000000426e+00 9.529999999999999361e+00
1.334999999999999964e+01 9.740000000000000213e+00 7.879999999999999893e+00
2.117000000000000171e+01 7.099999999999999645e+00 2.970000000000000195e+00
2.035000000000000142e+01 6.429999999999999716e+00 2.950000000000000178e+00
1.892000000000000171e+01 6.889999999999999680e+00 2.319999999999999840e+00
1.814999999999999858e+01 5.549999999999999822e+00 2.149999999999999911e+00
1.821999999999999886e+01 7.900000000000000355e+00 3.209999999999999964e+00
1.908999999999999986e+01 9.070000000000000284e+00 3.890000000000000124e+00
1.987000000000000099e+01 9.980000000000000426e+00 2.790000000000000036e+00
1.814999999999999858e+01 1.025000000000000000e+01 4.580000000000000071e+00
1.723000000000000043e+01 1.118999999999999950e+01 3.770000000000000018e+00
1.599000000000000021e+01 1.043999999999999950e+01 3.169999999999999929e+00
1.591000000000000014e+01 1.061999999999999922e+01 1.899999999999999911e+00
1.518999999999999950e+01 9.660000000000000142e+00 1.100000000000000089e+00
1.522000000000000064e+01 9.710000000000000853e+00 3.779999999999999805e+00
1.682000000000000028e+01 1.236999999999999922e+01 4.650000000000000355e+00
1.782000000000000028e+01 1.169999999999999929e+01 3.029999999999999805e+00
2.003000000000000114e+01 8.589999999999999858e+00 5.059999999999999609e+00
1.937000000000000099e+01 8.119999999999999218e+00 6.120000000000000107e+00
2.017000000000000171e+01 7.209999999999999964e+00 6.900000000000000355e+00
2.123000000000000043e+01 8.580000000000000071e+00 4.969999999999999751e+00
1.914999999999999858e+01 7.559999999999999609e+00 8.599999999999998757e-01
2.001999999999999957e+01 6.759999999999999787e+00 2.999999999999980460e-02
2.032999999999999829e+01 7.379999999999999893e+00 -1.120000000000000107e+00
1.864000000000000057e+01 8.580000000000000071e+00 3.300000000000000711e-01
2.080000000000000071e+01 5.509999999999999787e+00 2.560000000000000053e+00
2.003000000000000114e+01 6.240000000000000213e+00 3.979999999999999982e+00
1.796999999999999886e+01 5.049999999999999822e+00 3.109999999999999876e+00
1.728000000000000114e+01 5.589999999999999858e+00 1.550000000000000044e+00
1.882999999999999829e+01 4.929999999999999716e+00 1.520000000000000018e+00
1.744999999999999929e+01 8.390000000000000568e+00 2.799999999999999822e+00
1.776000000000000156e+01 7.490000000000000213e+00 4.120000000000000107e+00
2.073000000000000043e+01 9.460000000000000853e+00 2.399999999999999911e+00
1.916000000000000014e+01 1.023000000000000043e+01 2.020000000000000018e+00
2.025000000000000000e+01 1.091000000000000014e+01 3.310000000000000053e+00
1.753000000000000114e+01 9.869999999999999218e+00 5.349999999999999645e+00
1.894999999999999929e+01 1.077999999999999936e+01 5.259999999999999787e+00
1.492999999999999972e+01 8.720000000000000639e+00 1.500000000000000000e+00
1.456000000000000050e+01 1.019999999999999929e+01 3.300000000000000711e-01
1.597000000000000064e+01 9.220000000000000639e+00 4.900000000000002132e-01
1.748000000000000043e+01 1.319999999999999929e+01 4.469999999999999751e+00
1.586999999999999922e+01 1.275999999999999979e+01 4.179999999999999716e+00
1.678999999999999915e+01 1.219999999999999929e+01 5.790000000000000036e+00
2.083999999999999986e+01 7.900000000000000355e+00 7.389999999999999680e+00
1.967999999999999972e+01 6.480000000000000426e+00 7.519999999999999574e+00
2.091000000000000014e+01 6.620000000000000107e+00 6.389999999999999680e+00
2.105000000000000071e+01 8.130000000000000782e+00 -8.600000000000003197e-01
2.082999999999999829e+01 6.679999999999999716e+00 -1.719999999999999751e+00
1.944000000000000128e+01 7.849999999999999645e+00 -1.629999999999999893e+00
1.978999999999999915e+01 5.500000000000000444e-01 4.809999999999999609e+00
1.885999999999999943e+01 1.000000000000000888e-02 4.950000000000000178e+00
1.871000000000000085e+01 4.000000000000003553e-02 6.500000000000000000e+00
2.014000000000000057e+01 -2.000000000000001776e-02 7.110000000000000320e+00
1.787000000000000099e+01 1.340000000000000080e+00 7.000000000000000000e+00
1.842999999999999972e+01 2.879999999999999893e+00 6.950000000000000178e+00
1.912999999999999901e+01 3.120000000000000107e+00 5.459999999999999964e+00
1.714999999999999858e+01 3.859999999999999432e+00 6.919999999999999929e+00
1.666000000000000014e+01 4.290000000000000036e+00 8.369999999999999218e+00
1.574000000000000021e+01 5.500000000000000000e+00 8.140000000000000568e+00
1.650000000000000000e+01 6.509999999999999787e+00 7.809999999999999609e+00
1.594999999999999929e+01 7.690000000000000391e+00 7.299999999999999822e+00
1.456000000000000050e+01 5.450000000000000178e+00 8.210000000000000853e+00
1.584999999999999964e+01 3.240000000000000213e+00 9.320000000000000284e+00
1.755000000000000071e+01 4.490000000000000213e+00 8.960000000000000853e+00
1.951999999999999957e+01 3.290000000000000036e+00 8.029999999999999361e+00
1.939999999999999858e+01 2.620000000000000107e+00 9.169999999999999929e+00
2.007999999999999829e+01 3.240000000000000213e+00 1.034999999999999964e+01
2.051000000000000156e+01 3.950000000000000178e+00 7.780000000000000249e+00
1.801999999999999957e+01 -1.230000000000000204e+00 6.990000000000000213e+00
1.857000000000000028e+01 -2.370000000000000107e+00 6.419999999999999929e+00
1.800000000000000000e+01 -3.740000000000000213e+00 6.750000000000000000e+00
1.698999999999999844e+01 -1.169999999999999707e+00 7.599999999999999645e+00
1.810000000000000142e+01 4.899999999999999911e-01 4.400000000000000355e+00
1.898000000000000043e+01 -9.000000000000001332e-01 4.490000000000000213e+00
2.076000000000000156e+01 8.800000000000000044e-01 6.870000000000000107e+00
2.005999999999999872e+01 -1.300000000000001155e-01 8.140000000000000568e+00
2.066000000000000014e+01 -9.299999999999999378e-01 6.780000000000000249e+00
1.694999999999999929e+01 1.419999999999999929e+00 6.429999999999999716e+00
1.764999999999999858e+01 1.209999999999999964e+00 8.019999999999999574e+00
1.996000000000000085e+01 2.430000000000000160e+00 5.269999999999999574e+00
1.844999999999999929e+01 2.759999999999999787e+00 4.650000000000000355e+00
1.916000000000000014e+01 4.129999999999999893e+00 5.009999999999999787e+00
1.762999999999999901e+01 4.759999999999999787e+00 6.570000000000000284e+00
1.639999999999999858e+01 3.649999999999999467e+00 6.169999999999999929e+00
1.514000000000000057e+01 7.330000000000000071e+00 6.700000000000000178e+00
1.557000000000000028e+01 8.279999999999999361e+00 8.070000000000000284e+00
1.664000000000000057e+01 8.349999999999999645e+00 6.740000000000000213e+00
1.496000000000000085e+01 2.979999999999999982e+00 8.890000000000000568e+00
1.630000000000000071e+01 2.189999999999999947e+00 9.320000000000000284e+00
1.586999999999999922e+01 3.580000000000000071e+00 1.036999999999999922e+01
1.992999999999999972e+01 4.360000000000000320e+00 1.025000000000000000e+01
1.957999999999999829e+01 2.830000000000000071e+00 1.126999999999999957e+01
2.119000000000000128e+01 3.169999999999999929e+00 1.027999999999999936e+01
1.698000000000000043e+01 -3.620000000000000107e+00 6.459999999999999964e+00
1.858999999999999986e+01 -4.589999999999999858e+00 6.230000000000000426e+00
1.796999999999999886e+01 -3.950000000000000178e+00 7.839999999999999858e+00
1.157000000000000028e+01 5.000000000000000000e+00 6.440000000000000391e+00
1.175999999999999979e+01 4.049999999999999822e+00 5.900000000000000355e+00
1.242999999999999972e+01 4.349999999999999645e+00 4.500000000000000000e+00
1.369999999999999929e+01 5.070000000000000284e+00 4.889999999999999680e+00
1.246000000000000085e+01 2.950000000000000178e+00 3.669999999999999929e+00
1.290000000000000036e+01 2.939999999999999947e+00 2.120000000000000107e+00
1.383999999999999986e+01 4.080000000000000071e+00 1.669999999999999929e+00
1.360999999999999943e+01 1.639999999999999902e+00 1.509999999999999787e+00
1.508000000000000007e+01 1.340000000000000080e+00 1.899999999999999911e+00
1.532000000000000028e+01 1.290000000000000036e+00 3.410000000000000142e+00
1.478999999999999915e+01 1.600000000000001421e-01 3.930000000000000160e+00
1.498000000000000043e+01 4.999999999999982236e-02 5.400000000000000355e+00
1.596000000000000085e+01 2.020000000000000018e+00 4.120000000000000107e+00
1.543999999999999950e+01 -8.999999999999985789e-02 1.229999999999999982e+00
1.585999999999999943e+01 1.979999999999999982e+00 1.410000000000000142e+00
1.166999999999999993e+01 3.020000000000000018e+00 1.169999999999999929e+00
1.088000000000000078e+01 1.889999999999999902e+00 1.290000000000000036e+00
9.759999999999999787e+00 1.830000000000000071e+00 4.699999999999997513e-01
1.133999999999999986e+01 3.970000000000000195e+00 4.799999999999999822e-01
1.134999999999999964e+01 5.089999999999999858e+00 3.609999999999999876e+00
1.022000000000000064e+01 4.370000000000000107e+00 3.310000000000000053e+00
9.359999999999999432e+00 4.950000000000000178e+00 2.310000000000000053e+00
1.146000000000000085e+01 6.280000000000000249e+00 3.359999999999999876e+00
1.218999999999999950e+01 3.500000000000000000e+00 6.709999999999999964e+00
1.091000000000000014e+01 3.470000000000000195e+00 5.719999999999999751e+00
1.330000000000000071e+01 5.889999999999999680e+00 5.410000000000000142e+00
1.438000000000000078e+01 4.480000000000000426e+00 5.450000000000000178e+00
1.415000000000000036e+01 5.459999999999999964e+00 4.030000000000000249e+00
1.298000000000000043e+01 2.209999999999999964e+00 4.299999999999999822e+00
1.150999999999999979e+01 2.370000000000000107e+00 3.729999999999999982e+00
1.485999999999999943e+01 4.099999999999999645e+00 2.160000000000000142e+00
1.391000000000000014e+01 3.990000000000000213e+00 5.300000000000002487e-01
1.338000000000000078e+01 5.110000000000000320e+00 1.860000000000000098e+00
1.296000000000000085e+01 7.599999999999997868e-01 1.879999999999999893e+00
1.363000000000000078e+01 1.610000000000000098e+00 4.100000000000001421e-01
1.419999999999999929e+01 -6.600000000000001421e-01 5.650000000000000355e+00
1.589000000000000057e+01 -4.100000000000001421e-01 5.679999999999999716e+00
1.486999999999999922e+01 1.020000000000000018e+00 5.900000000000000355e+00
1.648000000000000043e+01 -1.600000000000001421e-01 1.600000000000000089e+00
1.477999999999999936e+01 -8.300000000000000711e-01 1.689999999999999947e+00
1.564000000000000057e+01 -1.000000000000000888e-01 1.400000000000001243e-01
9.210000000000000853e+00 2.830000000000000071e+00 2.200000000000001954e-01
9.990000000000000213e+00 1.260000000000000009e+00 -4.199999999999999289e-01
9.109999999999999432e+00 1.239999999999999991e+00 1.049999999999999822e+00
8.519999999999999574e+00 5.410000000000000142e+00 2.870000000000000107e+00
9.740000000000000213e+00 5.730000000000000426e+00 1.719999999999999973e+00
8.890000000000000568e+00 4.139999999999999680e+00 1.729999999999999982e+00
1.038000000000000078e+01 -1.320000000000000284e+00 1.091000000000000014e+01
1.066999999999999993e+01 -3.200000000000000622e-01 1.139000000000000057e+01
1.021000000000000085e+01 1.000000000000000000e+00 1.067999999999999972e+01
1.041000000000000014e+01 6.800000000000000488e-01 9.109999999999999432e+00
8.730000000000000426e+00 1.250000000000000000e+00 1.107000000000000028e+01
7.959999999999999964e+00 1.350000000000000089e+00 1.252999999999999936e+01
8.939999999999999503e+00 2.240000000000000213e+00 1.343999999999999950e+01
6.580000000000000071e+00 2.149999999999999911e+00 1.234999999999999964e+01
5.610000000000000320e+00 1.669999999999999929e+00 1.128999999999999915e+01
4.320000000000000284e+00 1.110000000000000098e+00 1.192999999999999972e+01
3.500000000000000000e+00 5.799999999999999600e-01 1.107000000000000028e+01
2.359999999999999432e+00 -5.000000000000004441e-02 1.157000000000000028e+01
4.200000000000000178e+00 1.070000000000000062e+00 1.309999999999999964e+01
5.370000000000000107e+00 2.799999999999999822e+00 1.041000000000000014e+01
6.190000000000000391e+00 9.200000000000000400e-01 1.066000000000000014e+01
7.599999999999999645e+00 -4.000000000000003553e-02 1.313000000000000078e+01
7.080000000000000071e+00 -8.300000000000000711e-01 1.219999999999999929e+01
6.379999999999999893e+00 -1.990000000000000213e+00 1.266000000000000014e+01
7.830000000000000071e+00 -2.900000000000000355e-01 1.426999999999999957e+01
1.105000000000000071e+01 2.240000000000000213e+00 1.097000000000000064e+01
1.050999999999999979e+01 3.330000000000000071e+00 1.033000000000000007e+01
1.121000000000000085e+01 4.610000000000000320e+00 1.028999999999999915e+01
1.196000000000000085e+01 2.270000000000000018e+00 1.172000000000000064e+01
1.041999999999999993e+01 -3.599999999999998757e-01 1.246000000000000085e+01
1.174000000000000021e+01 -3.300000000000000711e-01 1.161999999999999922e+01
1.116999999999999993e+01 1.169999999999999929e+00 8.550000000000000711e+00
1.044999999999999929e+01 -3.799999999999998934e-01 8.869999999999999218e+00
9.490000000000000213e+00 9.200000000000000400e-01 8.500000000000000000e+00
8.419999999999999929e+00 2.029999999999999805e+00 1.039000000000000057e+01
8.250000000000000000e+00 4.000000000000000222e-01 1.063000000000000078e+01
1.000999999999999979e+01 2.000000000000000000e+00 1.339000000000000057e+01
8.949999999999999289e+00 3.299999999999999822e+00 1.307000000000000028e+01
8.640000000000000568e+00 2.209999999999999964e+00 1.450999999999999979e+01
6.330000000000000071e+00 2.339999999999999858e+00 1.331000000000000050e+01
7.049999999999999822e+00 3.120000000000000107e+00 1.202999999999999936e+01
1.839999999999999858e+00 -5.500000000000000444e-01 1.077999999999999936e+01
2.540000000000000036e+00 -5.699999999999998401e-01 1.256000000000000050e+01
1.629999999999999893e+00 7.500000000000000000e-01 1.183000000000000007e+01
6.290000000000000036e+00 2.819999999999999840e+00 9.839999999999999858e+00
4.580000000000000071e+00 2.600000000000000089e+00 9.609999999999999432e+00
5.320000000000000284e+00 3.930000000000000160e+00 1.073000000000000043e+01
6.080000000000000071e+00 -2.720000000000000195e+00 1.189000000000000057e+01
7.019999999999999574e+00 -2.490000000000000213e+00 1.335999999999999943e+01
5.450000000000000178e+00 -1.729999999999999982e+00 1.323000000000000043e+01
1.218999999999999950e+01 4.669999999999999929e+00 9.750000000000000000e+00
1.041999999999999993e+01 5.250000000000000000e+00 9.980000000000000426e+00
1.142999999999999972e+01 4.969999999999999751e+00 1.128999999999999915e+01
7.559999999999999609e+00 1.701999999999999957e+01 9.699999999999999289e+00
8.070000000000000284e+00 1.641000000000000014e+01 8.900000000000000355e+00
7.410000000000000142e+00 1.644999999999999929e+01 7.530000000000000249e+00
6.620000000000000107e+00 1.775000000000000000e+01 7.740000000000000213e+00
8.570000000000000284e+00 1.662000000000000099e+01 6.410000000000000142e+00
9.630000000000000782e+00 1.552999999999999936e+01 5.889999999999999680e+00
1.033000000000000007e+01 1.466000000000000014e+01 7.019999999999999574e+00
8.939999999999999503e+00 1.457000000000000028e+01 4.950000000000000178e+00
9.509999999999999787e+00 1.302999999999999936e+01 4.629999999999999893e+00
8.449999999999999289e+00 1.231000000000000050e+01 3.919999999999999929e+00
8.730000000000000426e+00 1.091999999999999993e+01 4.030000000000000249e+00
7.799999999999999822e+00 9.970000000000000639e+00 3.649999999999999911e+00
7.450000000000000178e+00 1.273000000000000043e+01 3.339999999999999858e+00
1.080000000000000071e+01 1.317999999999999972e+01 3.770000000000000018e+00
9.759999999999999787e+00 1.257000000000000028e+01 5.620000000000000107e+00
1.080000000000000071e+01 1.633999999999999986e+01 5.160000000000000142e+00
1.025000000000000000e+01 1.703999999999999915e+01 4.129999999999999893e+00
1.099000000000000021e+01 1.810999999999999943e+01 3.419999999999999929e+00
1.189000000000000057e+01 1.655000000000000071e+01 5.700000000000000178e+00
6.450000000000000178e+00 1.525000000000000000e+01 7.209999999999999964e+00
6.019999999999999574e+00 1.533000000000000007e+01 5.950000000000000178e+00
5.219999999999999751e+00 1.427999999999999936e+01 5.469999999999999751e+00
6.330000000000000071e+00 1.439000000000000057e+01 8.009999999999999787e+00
9.070000000000000284e+00 1.671000000000000085e+01 8.990000000000000213e+00
7.879999999999999893e+00 1.539000000000000057e+01 9.259999999999999787e+00
6.169999999999999929e+00 1.794000000000000128e+01 6.750000000000000000e+00
5.830000000000000071e+00 1.780999999999999872e+01 8.419999999999999929e+00
7.190000000000000391e+00 1.871000000000000085e+01 7.790000000000000036e+00
8.009999999999999787e+00 1.700000000000000000e+01 5.530000000000000249e+00
9.080000000000000071e+00 1.750000000000000000e+01 6.809999999999999609e+00
1.063000000000000078e+01 1.534999999999999964e+01 7.839999999999999858e+00
9.589999999999999858e+00 1.391000000000000014e+01 7.450000000000000178e+00
1.106000000000000050e+01 1.403999999999999915e+01 6.679999999999999716e+00
7.969999999999999751e+00 1.428999999999999915e+01 5.429999999999999716e+00
8.640000000000000568e+00 1.514000000000000057e+01 3.970000000000000195e+00
7.339999999999999858e+00 1.038000000000000078e+01 2.669999999999999929e+00
8.449999999999999289e+00 9.140000000000000568e+00 3.370000000000000107e+00
6.990000000000000213e+00 9.750000000000000000e+00 4.320000000000000284e+00
1.111999999999999922e+01 1.225000000000000000e+01 3.419999999999999929e+00
1.049000000000000021e+01 1.381000000000000050e+01 2.899999999999999911e+00
1.164000000000000057e+01 1.371000000000000085e+01 4.150000000000000355e+00
1.181000000000000050e+01 1.771000000000000085e+01 2.939999999999999947e+00
1.015000000000000036e+01 1.862999999999999901e+01 2.819999999999999840e+00
1.119999999999999929e+01 1.892999999999999972e+01 4.110000000000000320e+00
4.219999999999999751e+00 1.447000000000000064e+01 5.919999999999999929e+00
5.089999999999999858e+00 1.440000000000000036e+01 4.370000000000000107e+00
5.549999999999999822e+00 1.319999999999999929e+01 5.549999999999999822e+00
4.759999999999999787e+00 -1.640000000000000124e+00 3.390000000000000124e+00
4.540000000000000036e+00 -6.600000000000001421e-01 2.899999999999999911e+00
5.509999999999999787e+00 3.599999999999998757e-01 3.439999999999999947e+00
6.839999999999999858e+00 -3.400000000000000799e-01 3.689999999999999947e+00
5.849999999999999645e+00 1.479999999999999982e+00 2.290000000000000036e+00
4.830000000000000071e+00 2.419999999999999929e+00 1.689999999999999947e+00
4.070000000000000284e+00 3.109999999999999876e+00 2.830000000000000071e+00
5.580000000000000071e+00 3.490000000000000213e+00 6.800000000000001599e-01
4.889999999999999680e+00 4.750000000000000000e+00 3.799999999999998934e-01
5.349999999999999645e+00 6.030000000000001137e+00 1.219999999999999973e+00
4.450000000000000178e+00 7.060000000000000497e+00 9.899999999999999911e-01
4.559999999999999609e+00 8.169999999999999929e+00 1.770000000000000018e+00
6.370000000000000107e+00 6.080000000000000071e+00 1.989999999999999991e+00
5.179999999999999716e+00 5.049999999999999822e+00 -1.200000000000000178e+00
3.770000000000000018e+00 4.509999999999999787e+00 3.999999999999999112e-01
3.790000000000000036e+00 1.530000000000000027e+00 8.599999999999998757e-01
4.330000000000000071e+00 7.399999999999999911e-01 -1.400000000000001243e-01
3.479999999999999982e+00 1.499999999999999112e-01 -1.009999999999999787e+00
2.569999999999999840e+00 1.550000000000000044e+00 9.499999999999999556e-01
5.089999999999999858e+00 1.169999999999999929e+00 4.790000000000000036e+00
5.879999999999999893e+00 2.149999999999999911e+00 5.269999999999999574e+00
5.709999999999999964e+00 2.629999999999999893e+00 6.589999999999999858e+00
4.169999999999999929e+00 9.300000000000000488e-01 5.500000000000000000e+00
4.709999999999999964e+00 -9.700000000000001954e-01 1.850000000000000089e+00
3.520000000000000018e+00 -3.700000000000001066e-01 3.000000000000000000e+00
6.480000000000000426e+00 -1.159999999999999698e+00 4.389999999999999680e+00
7.269999999999999574e+00 -9.599999999999999645e-01 2.859999999999999876e+00
7.570000000000000284e+00 2.500000000000000000e-01 4.179999999999999716e+00
6.660000000000000142e+00 1.979999999999999982e+00 2.819999999999999840e+00
6.400000000000000355e+00 1.060000000000000053e+00 1.379999999999999893e+00
3.459999999999999964e+00 2.259999999999999787e+00 3.120000000000000107e+00
3.509999999999999787e+00 3.950000000000000178e+00 2.560000000000000053e+00
4.780000000000000249e+00 3.299999999999999822e+00 3.600000000000000089e+00
6.570000000000000284e+00 3.720000000000000195e+00 9.899999999999999911e-01
5.509999999999999787e+00 2.850000000000000089e+00 -3.100000000000000533e-01
4.559999999999999609e+00 8.000000000000000000e+00 2.850000000000000089e+00
5.549999999999999822e+00 8.500000000000000000e+00 1.679999999999999938e+00
3.709999999999999964e+00 8.890000000000000568e+00 1.629999999999999893e+00
4.370000000000000107e+00 4.780000000000000249e+00 -1.910000000000000142e+00
5.099999999999999645e+00 6.130000000000000782e+00 -1.389999999999999680e+00
6.110000000000000320e+00 4.589999999999999858e+00 -1.620000000000000107e+00
3.839999999999999858e+00 -6.299999999999998934e-01 -1.669999999999999929e+00
2.870000000000000107e+00 -5.000000000000000000e-01 -4.500000000000001776e-01
2.930000000000000160e+00 8.499999999999999778e-01 -1.620000000000000107e+00
6.190000000000000391e+00 3.609999999999999876e+00 6.780000000000000249e+00
4.690000000000000391e+00 2.979999999999999982e+00 6.639999999999999680e+00
5.980000000000000426e+00 1.919999999999999929e+00 7.440000000000000391e+00
1.892999999999999972e+01 1.175999999999999979e+01 1.064000000000000057e+01
1.803999999999999915e+01 1.241999999999999993e+01 1.097000000000000064e+01
1.773000000000000043e+01 1.252999999999999936e+01 1.247000000000000064e+01
1.871999999999999886e+01 1.355000000000000071e+01 1.311999999999999922e+01
1.617999999999999972e+01 1.291999999999999993e+01 1.283000000000000007e+01
1.491999999999999993e+01 1.263000000000000078e+01 1.190000000000000036e+01
1.451999999999999957e+01 1.118999999999999950e+01 1.181000000000000050e+01
1.372000000000000064e+01 1.351999999999999957e+01 1.249000000000000021e+01
1.268999999999999950e+01 1.416999999999999993e+01 1.156000000000000050e+01
1.135999999999999943e+01 1.333999999999999986e+01 1.178999999999999915e+01
1.078999999999999915e+01 1.363000000000000078e+01 1.305000000000000071e+01
1.007000000000000028e+01 1.266000000000000014e+01 1.381000000000000050e+01
1.080000000000000071e+01 1.251999999999999957e+01 1.102999999999999936e+01
1.240000000000000036e+01 1.564000000000000057e+01 1.200999999999999979e+01
1.293999999999999950e+01 1.419999999999999929e+01 1.056000000000000050e+01
1.509999999999999964e+01 1.323000000000000043e+01 1.042999999999999972e+01
1.525999999999999979e+01 1.456000000000000050e+01 1.052999999999999936e+01
1.548000000000000043e+01 1.534999999999999964e+01 9.279999999999999361e+00
1.516000000000000014e+01 1.258000000000000007e+01 9.390000000000000568e+00
1.800000000000000000e+01 1.108000000000000007e+01 1.300999999999999979e+01
1.712999999999999901e+01 1.023000000000000043e+01 1.241000000000000014e+01
1.728999999999999915e+01 8.960000000000000853e+00 1.294999999999999929e+01
1.875000000000000000e+01 1.074000000000000021e+01 1.389000000000000057e+01
1.821000000000000085e+01 1.341000000000000014e+01 1.044999999999999929e+01
1.730999999999999872e+01 1.197000000000000064e+01 1.028999999999999915e+01
1.832000000000000028e+01 1.448000000000000043e+01 1.267999999999999972e+01
1.862999999999999901e+01 1.339000000000000057e+01 1.428999999999999915e+01
1.967999999999999972e+01 1.332000000000000028e+01 1.268999999999999950e+01
1.601999999999999957e+01 1.242999999999999972e+01 1.376999999999999957e+01
1.623000000000000043e+01 1.391000000000000014e+01 1.319999999999999929e+01
1.349000000000000021e+01 1.123000000000000043e+01 1.152999999999999936e+01
1.508999999999999986e+01 1.069999999999999929e+01 1.102999999999999936e+01
1.450000000000000000e+01 1.073000000000000043e+01 1.283000000000000007e+01
1.317999999999999972e+01 1.302999999999999936e+01 1.331000000000000050e+01
1.427999999999999936e+01 1.435999999999999943e+01 1.284999999999999964e+01
9.919999999999999929e+00 1.311999999999999922e+01 1.474000000000000021e+01
9.160000000000000142e+00 1.242999999999999972e+01 1.327999999999999936e+01
1.083000000000000007e+01 1.183999999999999986e+01 1.391999999999999993e+01
1.191000000000000014e+01 1.601999999999999957e+01 1.118999999999999950e+01
1.178999999999999915e+01 1.559999999999999964e+01 1.291999999999999993e+01
1.334999999999999964e+01 1.617999999999999972e+01 1.230000000000000071e+01
1.619999999999999929e+01 1.475000000000000000e+01 8.609999999999999432e+00
1.451999999999999957e+01 1.555000000000000071e+01 8.640000000000000568e+00
1.585999999999999943e+01 1.637000000000000099e+01 9.509999999999999787e+00
1.651999999999999957e+01 8.320000000000000284e+00 1.252999999999999936e+01
1.830000000000000071e+01 8.460000000000000853e+00 1.286999999999999922e+01
1.712000000000000099e+01 8.990000000000000213e+00 1.406000000000000050e+01
-9.799999999999999822e-01 1.522000000000000064e+01 1.776999999999999957e+01
-5.000000000000004441e-02 1.492999999999999972e+01 1.732000000000000028e+01
6.899999999999999467e-01 1.403999999999999915e+01 1.833999999999999986e+01
-3.799999999999998934e-01 1.285999999999999943e+01 1.862000000000000099e+01
1.879999999999999893e+00 1.324000000000000021e+01 1.782999999999999829e+01
3.310000000000000053e+00 1.400000000000000000e+01 1.766000000000000014e+01
3.720000000000000195e+00 1.480000000000000071e+01 1.894999999999999929e+01
4.440000000000000391e+00 1.289000000000000057e+01 1.739999999999999858e+01
5.990000000000000213e+00 1.328999999999999915e+01 1.714000000000000057e+01
6.830000000000000071e+00 1.205000000000000071e+01 1.757000000000000028e+01
6.690000000000000391e+00 1.102999999999999936e+01 1.669999999999999929e+01
7.410000000000000142e+00 9.849999999999999645e+00 1.698000000000000043e+01
7.589999999999999858e+00 1.198000000000000043e+01 1.853999999999999915e+01
6.339999999999999858e+00 1.409999999999999964e+01 1.585999999999999943e+01
6.389999999999999680e+00 1.402999999999999936e+01 1.787000000000000099e+01
3.140000000000000124e+00 1.497000000000000064e+01 1.644000000000000128e+01
2.740000000000000213e+00 1.427999999999999936e+01 1.531000000000000050e+01
2.330000000000000071e+00 1.493999999999999950e+01 1.410999999999999943e+01
3.279999999999999805e+00 1.616000000000000014e+01 1.642999999999999972e+01
7.800000000000000266e-01 1.472000000000000064e+01 1.971999999999999886e+01
9.200000000000000400e-01 1.383000000000000007e+01 2.073999999999999844e+01
1.310000000000000053e+00 1.441000000000000014e+01 2.208999999999999986e+01
7.399999999999999911e-01 1.591000000000000014e+01 1.992000000000000171e+01
-1.699999999999999289e-01 1.433000000000000007e+01 1.637000000000000099e+01
5.800000000000000711e-01 1.586999999999999922e+01 1.716000000000000014e+01
2.000000000000001776e-02 1.211999999999999922e+01 1.925000000000000000e+01
-1.339999999999999858e+00 1.308000000000000007e+01 1.912000000000000099e+01
-6.099999999999998757e-01 1.239000000000000057e+01 1.764999999999999858e+01
2.129999999999999893e+00 1.259999999999999964e+01 1.862999999999999901e+01
1.419999999999999929e+00 1.278999999999999915e+01 1.694000000000000128e+01
4.759999999999999787e+00 1.516000000000000014e+01 1.903999999999999915e+01
3.029999999999999805e+00 1.557000000000000028e+01 1.908999999999999986e+01
3.839999999999999858e+00 1.411999999999999922e+01 1.978000000000000114e+01
4.360000000000000320e+00 1.208000000000000007e+01 1.823999999999999844e+01
4.110000000000000320e+00 1.217999999999999972e+01 1.664000000000000057e+01
7.080000000000000071e+00 8.939999999999999503e+00 1.641000000000000014e+01
8.509999999999999787e+00 9.929999999999999716e+00 1.682000000000000028e+01
7.230000000000000426e+00 9.519999999999999574e+00 1.801999999999999957e+01
6.209999999999999964e+00 1.517999999999999972e+01 1.594999999999999929e+01
7.419999999999999929e+00 1.386999999999999922e+01 1.567999999999999972e+01
5.799999999999999822e+00 1.375000000000000000e+01 1.493999999999999950e+01
2.600000000000000089e+00 1.444999999999999929e+01 1.317999999999999972e+01
1.280000000000000027e+00 1.507000000000000028e+01 1.413000000000000078e+01
2.740000000000000213e+00 1.589000000000000057e+01 1.403999999999999915e+01
4.299999999999999378e-01 1.455000000000000071e+01 2.276000000000000156e+01
2.069999999999999840e+00 1.388000000000000078e+01 2.264000000000000057e+01
1.949999999999999956e+00 1.534999999999999964e+01 2.194000000000000128e+01
1.907999999999999829e+01 5.899999999999999689e-01 1.407000000000000028e+01
1.858999999999999986e+01 -1.499999999999999112e-01 1.461999999999999922e+01
1.698999999999999844e+01 -1.300000000000001155e-01 1.435999999999999943e+01
1.642000000000000171e+01 -1.459999999999999742e+00 1.502999999999999936e+01
1.610999999999999943e+01 1.010000000000000009e+00 1.509999999999999964e+01
1.660000000000000142e+01 2.649999999999999911e+00 1.507000000000000028e+01
1.671000000000000085e+01 2.890000000000000124e+00 1.360999999999999943e+01
1.538000000000000078e+01 3.649999999999999467e+00 1.564000000000000057e+01
1.583999999999999986e+01 5.129999999999999893e+00 1.601999999999999957e+01
1.469999999999999929e+01 6.110000000000000320e+00 1.566000000000000014e+01
1.350999999999999979e+01 5.519999999999999574e+00 1.603999999999999915e+01
1.240000000000000036e+01 6.429999999999999716e+00 1.607999999999999829e+01
1.482000000000000028e+01 7.150000000000000355e+00 1.496000000000000085e+01
1.612000000000000099e+01 5.440000000000000391e+00 1.753000000000000114e+01
1.664999999999999858e+01 5.469999999999999751e+00 1.540000000000000036e+01
1.789000000000000057e+01 2.819999999999999840e+00 1.586999999999999922e+01
1.773999999999999844e+01 2.520000000000000018e+00 1.723999999999999844e+01
1.892999999999999972e+01 2.740000000000000213e+00 1.803000000000000114e+01
1.882000000000000028e+01 3.319999999999999396e+00 1.530000000000000071e+01
1.671000000000000085e+01 -1.300000000000001155e-01 1.278999999999999915e+01
1.541000000000000014e+01 9.999999999999997780e-02 1.236999999999999922e+01
1.509999999999999964e+01 -6.000000000000005329e-02 1.098000000000000043e+01
1.758999999999999986e+01 -3.699999999999998845e-01 1.198000000000000043e+01
1.912000000000000099e+01 -9.999999999999997780e-01 1.418999999999999950e+01
1.880000000000000071e+01 -1.199999999999998845e-01 1.569999999999999929e+01
1.650000000000000000e+01 -1.400000000000000133e+00 1.608999999999999986e+01
1.533999999999999986e+01 -1.749999999999999778e+00 1.467999999999999972e+01
1.701000000000000156e+01 -2.259999999999999787e+00 1.466999999999999993e+01
1.511999999999999922e+01 9.499999999999999556e-01 1.473000000000000043e+01
1.591999999999999993e+01 7.900000000000000355e-01 1.612000000000000099e+01
1.650000000000000000e+01 3.830000000000000071e+00 1.315000000000000036e+01
1.758999999999999986e+01 2.560000000000000053e+00 1.300999999999999979e+01
1.594999999999999929e+01 2.350000000000000089e+00 1.316000000000000014e+01
1.452999999999999936e+01 3.540000000000000036e+00 1.493999999999999950e+01
1.494999999999999929e+01 3.250000000000000000e+00 1.658999999999999986e+01
1.150999999999999979e+01 6.070000000000000284e+00 1.673999999999999844e+01
1.283000000000000007e+01 7.299999999999999822e+00 1.666000000000000014e+01
1.216000000000000014e+01 6.769999999999999574e+00 1.509999999999999964e+01
1.535999999999999943e+01 5.820000000000000284e+00 1.819999999999999929e+01
1.642000000000000171e+01 4.490000000000000213e+00 1.787000000000000099e+01
1.692000000000000171e+01 6.299999999999999822e+00 1.762000000000000099e+01
1.917999999999999972e+01 3.819999999999999396e+00 1.817000000000000171e+01
1.871000000000000085e+01 2.419999999999999929e+00 1.898999999999999844e+01
1.978999999999999915e+01 2.169999999999999929e+00 1.785000000000000142e+01
1.518999999999999950e+01 -1.129999999999999671e+00 1.058999999999999986e+01
1.411999999999999922e+01 3.000000000000000444e-01 1.069999999999999929e+01
1.591000000000000014e+01 5.600000000000000533e-01 1.056000000000000050e+01
1.331000000000000050e+01 1.805999999999999872e+01 1.730999999999999872e+01
1.273000000000000043e+01 1.814999999999999858e+01 1.644000000000000128e+01
1.141000000000000014e+01 1.726000000000000156e+01 1.650000000000000000e+01
1.047000000000000064e+01 1.783999999999999986e+01 1.541999999999999993e+01
1.171000000000000085e+01 1.567999999999999972e+01 1.610000000000000142e+01
1.241999999999999993e+01 1.471000000000000085e+01 1.710000000000000142e+01
1.144999999999999929e+01 1.433999999999999986e+01 1.821999999999999886e+01
1.273000000000000043e+01 1.343999999999999950e+01 1.614000000000000057e+01
1.324000000000000021e+01 1.209999999999999964e+01 1.685999999999999943e+01
1.215000000000000036e+01 1.151999999999999957e+01 1.737000000000000099e+01
1.230000000000000071e+01 1.085999999999999943e+01 1.858999999999999986e+01
1.115000000000000036e+01 1.053999999999999915e+01 1.944999999999999929e+01
1.109999999999999964e+01 1.161999999999999922e+01 1.682000000000000028e+01
1.397000000000000064e+01 1.108999999999999986e+01 1.592999999999999972e+01
1.407000000000000028e+01 1.234999999999999964e+01 1.757000000000000028e+01
1.375000000000000000e+01 1.521000000000000085e+01 1.771000000000000085e+01
1.383999999999999986e+01 1.476999999999999957e+01 1.896000000000000085e+01
1.510999999999999943e+01 1.484999999999999964e+01 1.969999999999999929e+01
1.466999999999999993e+01 1.557000000000000028e+01 1.712000000000000099e+01
1.083000000000000007e+01 1.751999999999999957e+01 1.798000000000000043e+01
9.519999999999999574e+00 1.730000000000000071e+01 1.792999999999999972e+01
8.929999999999999716e+00 1.673000000000000043e+01 1.921999999999999886e+01
1.132000000000000028e+01 1.794999999999999929e+01 1.894000000000000128e+01
1.243999999999999950e+01 1.923999999999999844e+01 1.623999999999999844e+01
1.338000000000000078e+01 1.796999999999999886e+01 1.560999999999999943e+01
1.027999999999999936e+01 1.882000000000000028e+01 1.585999999999999943e+01
1.075000000000000000e+01 1.785999999999999943e+01 1.439000000000000057e+01
9.449999999999999289e+00 1.741000000000000014e+01 1.538000000000000078e+01
1.071000000000000085e+01 1.528999999999999915e+01 1.586999999999999922e+01
1.222000000000000064e+01 1.565000000000000036e+01 1.508999999999999986e+01
1.043999999999999950e+01 1.413000000000000078e+01 1.783999999999999986e+01
1.164000000000000057e+01 1.358999999999999986e+01 1.891000000000000014e+01
1.139000000000000057e+01 1.521000000000000085e+01 1.882999999999999829e+01
1.180000000000000071e+01 1.339000000000000057e+01 1.557000000000000028e+01
1.343999999999999950e+01 1.381000000000000050e+01 1.535999999999999943e+01
1.071000000000000085e+01 9.539999999999999147e+00 1.935000000000000142e+01
1.140000000000000036e+01 1.083000000000000007e+01 2.042000000000000171e+01
1.025999999999999979e+01 1.116000000000000014e+01 1.912000000000000099e+01
1.499000000000000021e+01 1.142999999999999972e+01 1.568999999999999950e+01
1.384999999999999964e+01 1.002999999999999936e+01 1.614000000000000057e+01
1.347000000000000064e+01 1.119999999999999929e+01 1.499000000000000021e+01
1.596000000000000085e+01 1.424000000000000021e+01 1.928999999999999915e+01
1.541999999999999993e+01 1.591999999999999993e+01 1.980000000000000071e+01
1.485999999999999943e+01 1.439000000000000057e+01 2.062000000000000099e+01
7.860000000000000320e+00 1.698999999999999844e+01 1.939999999999999858e+01
9.060000000000000497e+00 1.558000000000000007e+01 1.937000000000000099e+01
9.480000000000000426e+00 1.714000000000000057e+01 2.007000000000000028e+01
