Run semi-empirical minimization
 &qmmm
  qm_theory='AM1', grms_tol=0.05, scfconv=1.d-10, ndiis_attempts=700,   qmcharge=0,
 /
   8     O       -1.4200        0.0150        0.1840 
   6     C       -0.7370       -1.1670       -0.2590 
   6    C1        0.7000       -1.1820        0.2610 
   8    O1        1.4080       -0.0140       -0.1840 
   6    C2        0.7260        1.1680        0.2610 
   6    C3       -0.7130        1.1840       -0.2550 
   1     H       -1.2860       -2.0360        0.1160 
   1    H1       -0.7580       -1.1920       -1.3540 
   1    H2        0.7200       -1.2030        1.3570 
   1    H3        1.2330       -2.0630       -0.1110 
   1    H4        0.7480        1.1900        1.3570 
   1    H5        1.2760        2.0370       -0.1120 
   1    H6       -0.7350        1.2140       -1.3510 
   1    H7       -1.2430        2.0630        0.1230 

