0.0 nan nan
1.0 nan nan
2.0 nan nan
3.0 nan nan
0.0 nan nan
1.0 nan nan
2.0 nan nan
3.0 nan nan
0.0 nan nan
1.0 nan nan
2.0 nan nan
3.0 nan nan
0.0 nan nan
1.0 nan nan
2.0 nan nan
3.0 nan nan
0.0 nan nan
1.0 nan nan
2.0 nan nan
3.0 nan nan
0.0 nan nan
1.0 nan nan
2.0 nan nan
3.0 nan nan
0.0 nan nan
1.0 nan nan
2.0 nan nan
3.0 nan nan
0.0 nan nan
1.0 nan nan
2.0 nan nan
3.0 nan nan
4.0 nan nan
5.0 nan nan
6.0 nan nan
7.0 nan nan
8.0 nan nan
9.0 nan nan
10.0 nan nan
11.0 nan nan
0.0 nan nan
1.0 nan nan
2.0 nan nan
3.0 nan nan
4.0 nan nan
5.0 nan nan
6.0 nan nan
7.0 nan nan
8.0 nan nan
9.0 nan nan
10.0 nan nan
11.0 nan nan
12.0 nan nan
13.0 nan nan
14.0 nan nan
0.0 nan nan
1.0 nan nan
0.0 0.23023328943028382 0.2570354768337912
1.0 0.023647506378308338 0.15299259533911186
2.0 0.02173756143643654 0.14685976127157868
0.0 0.1582539623278925 0.24269602365735293
1.0 0.021076976947369985 0.14432191372302636
2.0 0.019078161961390703 0.13758190330569492
3.0 0.018521320763933806 0.13555151676483757
4.0 0.017902633306221105 0.13325411174519894
5.0 0.017159208162671087 0.130469880690629
6.0 0.016260921498802157 0.12700890880915347
7.0 0.01537184209779038 0.12346774870422421
8.0 0.014351500441469918 0.11929749253390935
9.0 0.01337777722593663 0.11517392552970944
10.0 0.012304482052318886 0.11046750951569088
11.0 0.011428499763236946 0.10645353834717454
12.0 0.010788193209009478 0.10344663453482646
13.0 0.010361930782112592 0.10138730115832935
14.0 0.009937606951487916 0.09928341028894348
15.0 0.009721898992990776 0.09820880076880267
16.0 0.009511647300574364 0.09714878015040404
17.0 0.009283806555426313 0.0959690640523428
18.0 0.00908910642621257 0.09495526849342455
19.0 0.008906818700779695 0.09400194936544366
20.0 0.008780671258136863 0.0933250239713581
21.0 0.008610000546468655 0.0924183117059005
22.0 0.00845313571283311 0.09157090162899151
23.0 0.008309080248311927 0.09078671327907531
24.0 0.008194105879478488 0.0901547490790885
25.0 0.00801539172815475 0.08914977226470046
26.0 0.007813234144123271 0.08804563958823566
27.0 0.007702364924625726 0.0874087624017824
28.0 0.007536441176073693 0.08646410528391736
