0.0 0.04546879313534434 0.15607072438739295
1.0 0.018564650081504083 0.135779589754237
2.0 0.01756534713413235 0.1320627712436457
3.0 0.01694938479029918 0.129721451444207
4.0 0.01590347430327811 0.1256362108086101
5.0 0.012593527283586621 0.11172071529820363
6.0 0.010469178151292892 0.10198872889354715
7.0 0.01002437375893765 0.09979865238213696
8.0 0.009715957769942205 0.09825373434048346
9.0 0.009471764212946102 0.09701331049722353
10.0 0.009265185161288646 0.09594752085007963
11.0 0.00909005458511452 0.09503389456512157
12.0 0.008926854381311662 0.09417415894967628
13.0 0.0087771862917733 0.09338187349597495
14.0 0.008648236763833035 0.09269281655243683
15.0 0.008518234407001016 0.09198890789090966
16.0 0.008404353853407088 0.09137021918359199
17.0 0.008297440828962643 0.09078477042951055
18.0 0.008169259017631054 0.0900799445470914
19.0 0.008062049424921218 0.0894837408615687
20.0 0.007961588584475328 0.0889244228019107
21.0 0.007864804774713562 0.0883782908107265
22.0 0.007771206481576552 0.08785140586657923
23.0 0.007680499026424656 0.08733653988499242
24.0 0.007585914328477256 0.08679727342793704
25.0 0.007499178701705545 0.08629526749821202
26.0 0.007399115414508648 0.08571877219146427
27.0 0.007321883225269753 0.08527103235567449
28.0 0.007248287936080134 0.08484019609027718
29.0 0.007183388585623087 0.08446383073831615
30.0 0.00710660815810672 0.08401283066305021
31.0 0.007043300597923079 0.08363447658494658
32.0 0.00697173872752135 0.0832114356499313
33.0 0.006902316281793836 0.08279577950029794
34.0 0.006846644664814014 0.08246366945750723
35.0 0.006798632779639021 0.0821704114321563
36.0 0.006744369424436676 0.0818474064240127
37.0 0.006697511113263473 0.08155713622862883
38.0 0.006638927479720761 0.08119755577504582
39.0 0.0065949270420687465 0.0809320238997653
40.0 0.006531022480474387 0.08054066613534813
41.0 0.006492784682349957 0.08030199883464416
42.0 0.0064342958598689335 0.07994041597069666
43.0 0.006397555618449752 0.07971017575319003
44.0 0.006342650073064861 0.07937063223696764
45.0 0.006310135086393895 0.07916249818834184
46.0 0.006254478717723892 0.07881368913127135
47.0 0.0062222214388429915 0.07861149330958908
48.0 0.006184137802672766 0.07836785601952538
