Run semi-empirical minimization
 &qmmm
  qm_theory='AM1', grms_tol=0.05, scfconv=1.d-10, ndiis_attempts=700,   qmcharge=0,
 /
   1     H        0.9610        0.3070        0.3580 
   6     C        2.0280        0.1580        0.1500 
   6    C1        2.5470        1.1850       -0.8670 
   6    C2        2.1770        2.5850       -0.3240 
   6    C3        4.0960        1.1190       -1.0230 
   6    C4        4.7900       -0.1820       -1.4910 
   6    C5        4.6440       -1.3570       -0.5330 
   8     O        5.1460       -1.0430        0.6930 
   6    C6        5.0840       -2.0780        1.6810 
   8    O1        4.1630       -2.4390       -0.8360 
   6    C7        4.4270       -0.6020       -2.9120 
   1    H1        5.8700        0.0270       -1.5120 
   6    C8        1.8610        1.0970       -2.2360 
   8    O2        0.8530        0.1860       -2.2520 
   6    C9        0.1310        0.0790       -3.4820 
   8    O3        2.1820        1.7920       -3.1930 
   1    H2        2.5590        0.2470        1.1050 
   1    H3        2.1290       -0.8690       -0.2090 
   1    H4        2.6120        2.7570        0.6670 
   1    H5        2.5320        3.3810       -0.9880 
   1    H6        1.0890        2.7000       -0.2370 
   1    H7        4.4040        1.9080       -1.7250 
   1    H8        4.5430        1.4060       -0.0610 
   1    H9        4.3010       -1.8290        2.4020 
   1   H10        4.8960       -3.0730        1.2660 
   1   H11        6.0450       -2.1040        2.2030 
   1   H12        4.6450        0.2000       -3.6240 
   1   H13        5.0090       -1.4800       -3.2160 
   1   H14        3.3740       -0.8810       -3.0030 
   1   H15        0.0940        1.0220       -4.0360 
   1   H16        0.5800       -0.7050       -4.0990 
   1   H17       -0.8960       -0.2100       -3.2430 

