Run semi-empirical minimization
 &qmmm
  qm_theory='AM1', grms_tol=0.05, scfconv=1.d-10, ndiis_attempts=700,   qmcharge=0,
 /
   6     C        0.9630        2.4140       -0.4030 
   6    C1        0.8240        2.6460        1.1070 
   8     O        1.2390        1.5230        1.8930 
   6    C2        2.6560        1.3390        1.9130 
   6    C3        3.0180        0.2550        2.9290 
   8    O1        4.4290        0.0440        2.9190 
   6    C4        4.8490       -1.0980        3.6660 
   6    C5        4.7080       -0.9130        5.1780 
   8    O2        5.2260       -2.0420        5.8750 
   8    O3        0.2550        1.2600       -0.8450 
   1     H        2.0100        2.2890       -0.6930 
   1    H1        0.5630        3.2810       -0.9450 
   1    H2        1.3700        3.5420        1.4190 
   1    H3       -0.2340        2.8000        1.3450 
   1    H4        3.0120        1.0400        0.9220 
   1    H5        3.1590        2.2750        2.1820 
   1    H6        2.6940        0.5770        3.9260 
   1    H7        2.4870       -0.6740        2.6870 
   1    H8        4.3140       -1.9920        3.3250 
   1    H9        5.9070       -1.2690        3.4270 
   1   H10        5.2590       -0.0220        5.4990 
   1   H11        3.6630       -0.7680        5.4690 
   1   H12        4.4710       -2.5880        6.1490 
   1   H13       -0.4690        1.0980       -0.2100 

