0.0 289.5005536616913 15.50846508518399
1.0 289.8910720186042 15.53371906605667
2.0 289.5506064109504 15.520728471334339
3.0 288.6846238941486 15.482202795505126
0.0 289.5005536616913 15.50846508518399
1.0 289.8910720186042 15.53371906605667
2.0 289.5506064109504 15.520728471334339
3.0 288.6846238941486 15.482202795505126
0.0 0.09850877738062991 0.19464655643813908
1.0 0.01241016778190637 0.11049042639795033
2.0 0.009833097295216118 0.09834891066871067
3.0 0.009551403253031563 0.0969459057175125
0.0 0.08545513031484527 0.2102977272218289
1.0 0.011343441925419029 0.10548694697391323
2.0 0.008229234031854762 0.09023148313985384
3.0 0.007709665384287031 0.08733891399296316
0.0 288.8282512410411 15.484908233852806
1.0 289.84759102761745 15.53316961774753
2.0 289.4885421900877 15.51733191422528
3.0 288.59290410498426 15.47821229565946
0.0 287.97902809376166 15.472012022725147
1.0 289.85673785848275 15.52322020518304
2.0 289.1451306324452 15.495862932721892
3.0 289.625649895519 15.507752380632565
0.0 287.97902809376166 15.472012022725147
1.0 289.85673785848275 15.52322020518304
2.0 289.1451306324452 15.495862932721892
3.0 289.625649895519 15.507752380632565
0.0 287.97902809376166 15.472012022725147
1.0 289.85673785848275 15.52322020518304
2.0 289.1451306324452 15.495862932721892
3.0 289.625649895519 15.507752380632565
0.0 288.8282512410411 15.484908233852806
1.0 289.84759102761745 15.53316961774753
2.0 289.4885421900877 15.51733191422528
3.0 288.59290410498426 15.47821229565946
0.0 287.97902809376166 15.472012022725147
1.0 289.85673785848275 15.52322020518304
2.0 289.1451306324452 15.495862932721892
0.0 287.97902809376166 15.472012022725147
1.0 289.85673785848275 15.52322020518304
2.0 289.1451306324452 15.495862932721892
3.0 289.625649895519 15.507752380632565
0.0 287.97902809376166 15.472012022725147
0.0 287.97902809376166 15.472012022725147
1.0 289.85673785848275 15.52322020518304
2.0 289.1451306324452 15.495862932721892
3.0 289.625649895519 15.507752380632565
0.0 287.97902809376166 15.472012022725147
1.0 289.85673785848275 15.52322020518304
2.0 289.1451306324452 15.495862932721892
3.0 289.625649895519 15.507752380632565
0.0 0.0870849634499921 0.2122021461916188
1.0 0.010906827836151933 0.10349253030938298
2.0 0.008149249736691542 0.08980793048861786
3.0 0.007316853329029982 0.0851041589203968
0.0 287.97902809376166 15.472012022725147
1.0 289.85673785848275 15.52322020518304
2.0 289.1451306324452 15.495862932721892
3.0 289.625649895519 15.507752380632565
0.0 287.97902809376166 15.472012022725147
1.0 289.85673785848275 15.52322020518304
2.0 289.1451306324452 15.495862932721892
3.0 289.625649895519 15.507752380632565
0.0 287.97902809376166 15.472012022725147
1.0 289.85673785848275 15.52322020518304
2.0 289.1451306324452 15.495862932721892
3.0 289.625649895519 15.507752380632565
0.0 287.97902809376166 15.472012022725147
1.0 289.85673785848275 15.52322020518304
2.0 289.1451306324452 15.495862932721892
3.0 289.625649895519 15.507752380632565
0.0 287.97902809376166 15.472012022725147
1.0 289.85673785848275 15.52322020518304
2.0 289.1451306324452 15.495862932721892
3.0 289.625649895519 15.507752380632565
0.0 287.97902809376166 15.472012022725147
1.0 289.85673785848275 15.52322020518304
2.0 289.1451306324452 15.495862932721892
3.0 289.625649895519 15.507752380632565
0.0 0.08507367656940394 0.20163258154254265
1.0 0.010341007074852573 0.10087929497542307
2.0 0.008173069761791598 0.08994624667861215
3.0 0.007426798459034346 0.08573752056330616
0.0 0.08507367656940394 0.20163258154254265
1.0 0.010341007074852573 0.10087929497542307
2.0 0.008173069761791598 0.08994624667861215
3.0 0.007426798459034346 0.08573752056330616
0.0 0.09458180872544679 0.21431485189225122
1.0 0.01025845318872598 0.1003669775253261
2.0 0.008359131917261817 0.09088796168883571
3.0 0.007500574157997367 0.08620099027373063
