1.272473437500000060e+01 9.889991224999999275e+00 8.711086149999999861e+00
1.323473858999999919e+01 1.080525197000000048e+01 8.397279874999998839e+00
1.308350799499999972e+01 1.157683977499999983e+01 7.671809655000000561e+00
1.383036225500000072e+01 1.168872161999999904e+01 8.087606329999999843e+00
1.419618337500000038e+01 1.089379234500000138e+01 6.470510024999999388e+00
1.385055823500000116e+01 1.092849925999999883e+01 7.359913159999999621e+00
1.339467535500000039e+01 1.013671496499999947e+01 9.222169850000000224e+00
1.265009610999999978e+01 1.060895958000000050e+01 9.197233669999999250e+00
1.622746257000000014e+01 1.349125642499999955e+01 3.051148434999999992e+00
1.600308145500000023e+01 1.247744065000000013e+01 3.422982430000000242e+00
1.571170979500000087e+01 1.152084630999999959e+01 3.696652209999999883e+00
1.638186590500000150e+01 1.182556233000000034e+01 4.234191130000000136e+00
1.451120677000000114e+01 1.254233176500000013e+01 4.648938795000000290e+00
1.539185776500000102e+01 1.212956276499999930e+01 4.425479410000000335e+00
1.643718527000000051e+01 1.286319750000000006e+01 2.452220760000000332e+00
1.559062202500000183e+01 1.312900564999999986e+01 2.608878080000000210e+00
1.488365747499999969e+01 7.595123300000000022e+00 3.739462375000000005e+00
1.532131171500000022e+01 7.877739014999999512e+00 4.679160695000000203e+00
1.629174499999999881e+01 7.741465719999999884e+00 4.969028390000000073e+00
1.608042153999999968e+01 8.593439390000000344e+00 4.959070380000000000e+00
1.530356047499999939e+01 8.228470070000000192e+00 6.574127125000000404e+00
1.573502431500000043e+01 7.954535765000000147e+00 5.774479709999999599e+00
1.447414918000000128e+01 7.231478745000000430e+00 4.452713974999999991e+00
1.438876049499999965e+01 8.110625399999999985e+00 4.295748800000000145e+00
1.743442302500000096e+01 4.086761734999999618e+00 1.123488135499999885e+01
1.735984409000000284e+01 3.728802685000000228e+00 1.228777777500000035e+01
1.806090797701055095e+01 3.116087505000000313e+00 1.285938843499999962e+01
1.740893661000000137e+01 3.404694990000000310e+00 1.339094378000000063e+01
1.691794146499999840e+01 1.826176499999999869e+00 1.230181707999999929e+01
1.715216347500000182e+01 2.641850625000000008e+00 1.277895099999999928e+01
1.668842744500000208e+01 4.253239735000000188e+00 1.161685244499999925e+01
1.737985043000000118e+01 4.751311154999999786e+00 1.178975497000000061e+01
8.843236290000000110e+00 1.280413293000000152e+01 1.470631514000000095e+01
8.226071010000000072e+00 1.302994487499999998e+01 1.566373597000000117e+01
7.706366519999999554e+00 1.318583313999999973e+01 1.659007185000000106e+01
8.063546795000000600e+00 1.390517420999999842e+01 1.626788510000000088e+01
6.382487014999999708e+00 1.407044267499999890e+01 1.555749269000000012e+01
7.190659305000000501e+00 1.356156783999999860e+01 1.577262878500000021e+01
9.127184374999998795e+00 1.248348162499999958e+01 1.545704887499999991e+01
8.439226559999999822e+00 1.214312493999999987e+01 1.511427139999999980e+01
1.361943600500000073e+01 7.399325024999999556e+00 1.830225380999999985e+01
1.306789426499999962e+01 6.558403039999999962e+00 1.808571889000000255e+01
1.315535925500000047e+01 5.957925969999999793e+00 1.722151196500000125e+01
1.340138317499999943e+01 5.544295224999999938e+00 1.796474236999999974e+01
1.156920810000000088e+01 5.239870999999999945e+00 1.731541545500000012e+01
1.236218923500000066e+01 5.640403860000000158e+00 1.775486990499999962e+01
1.279189485999999931e+01 7.621501314999999721e+00 1.818079772000000105e+01
1.294151262500000144e+01 7.185334680000000418e+00 1.895453124201055317e+01
1.110184704999999994e+01 1.968457754999999976e+00 1.795466526500000271e+01
1.119009940499999978e+01 8.781247400000000702e-01 1.778460051500000105e+01
1.070783351000000039e+01 -7.537928701055043867e-02 1.811371747500000140e+01
1.142072702000000106e+01 -1.269416520105509927e-01 1.754889441499999947e+01
1.246482962500000014e+01 -3.219760640211025704e-01 1.900246326902109928e+01
1.167782182499999877e+01 7.076595298944873824e-02 1.856492886701055056e+01
1.158141089999999984e+01 1.779649440000000027e+00 1.725844527499999970e+01
1.069124662999999842e+01 1.689949269999999837e+00 1.729004747000000108e+01
9.788920534999999035e+00 6.747053194999999448e+00 1.511373839499999860e+01
8.842455669999999657e+00 7.184632484999999846e+00 1.469033343499999944e+01
7.925664474999999598e+00 7.719425430000000254e+00 1.446076424500000002e+01
8.640429805000000130e+00 8.173998969999999531e+00 1.425639595499999857e+01
8.211932924999999273e+00 6.829518525000000118e+00 1.277695160000000030e+01
8.401677554999999131e+00 7.476524095000000258e+00 1.354148241999999946e+01
9.082168525000000159e+00 6.748219029999999563e+00 1.565540741000000047e+01
9.112846959999998830e+00 6.211684274999999644e+00 1.499829903000000009e+01
1.677269596500000048e+01 7.395847240000000156e+00 1.920030574902110487e+01
1.732151967500000111e+01 8.171766619999999648e+00 1.864785999201055233e+01
1.787188602999999887e+01 8.893712215000000754e+00 1.804429719499999862e+01
1.708012748499999844e+01 8.758152499999999563e+00 1.771837405000000132e+01
1.735020666999999861e+01 1.015824869999999969e+01 1.898926037402110012e+01
1.711718499500000235e+01 9.384025059999999030e+00 1.854795132701055138e+01
1.752661684499999950e+01 7.119836480000000023e+00 1.882877509902110091e+01
1.757771608000000185e+01 7.583597990000000344e+00 1.959389587902110463e+01
1.385942220000000091e+01 1.309338268500000169e+01 1.181834813000000040e+01
1.453675630000000041e+01 1.379647641500000077e+01 1.238236444500000033e+01
1.474017205999999902e+01 1.483341433000000009e+01 1.233335255000000075e+01
1.529552752500000068e+01 1.444359165999999917e+01 1.291305212500000010e+01
1.637440838999999926e+01 1.409324215000000002e+01 1.156673890000000071e+01
1.552199921999999965e+01 1.436761132500000038e+01 1.191046146500000091e+01
1.421092980999999966e+01 1.271972358500000055e+01 1.254490558000000000e+01
1.354664161499999864e+01 1.326156389000000146e+01 1.261139690999999985e+01
5.641579935000000212e+00 7.514451400000000447e+00 8.759094380000000513e+00
5.671651685000000498e+00 8.008003524999999456e+00 9.799226874999998671e+00
5.051590814999999957e+00 8.323506855000001536e+00 1.063170067000000074e+01
5.939366080000000103e+00 8.600598980000000893e+00 1.064729029000000082e+01
4.792342810000000064e+00 9.680957684999999202e+00 9.273612195000000114e+00
5.273852354999999825e+00 9.154000149999999891e+00 1.000570002999999986e+01
6.440794059999999988e+00 7.555085679999999471e+00 9.084444170000001151e+00
5.823857475000000505e+00 6.943499205000000174e+00 9.369276360000000636e+00
2.136770564999999955e+00 1.053213361999999975e+01 3.315832685000000168e+00
1.711051625000000076e+00 1.140091127999999898e+01 2.853348969999999873e+00
1.262909594999999996e+00 1.224053852499999984e+01 2.345473820000000043e+00
2.057742204999999824e+00 1.203580281500000027e+01 2.133616980000000218e+00
1.449509845000000130e+00 1.078414889000000088e+01 8.971800450000000371e-01
1.323225600000000002e+00 1.143558100499999952e+01 1.681339855000000050e+00
2.095267825000000084e+00 1.128429833999999943e+01 3.883492584999999941e+00
1.361300669999999879e+00 1.081828765499999889e+01 3.630530170000000112e+00
1.286675222499999904e+01 9.487743744999999507e+00 1.453112557000000038e+01
1.199681183000000040e+01 1.006965102999999928e+01 1.428748614499999903e+01
1.106639528000000006e+01 1.010611293000000011e+01 1.478220240499999960e+01
1.151976416500000155e+01 1.090300634499999965e+01 1.484177417999999982e+01
1.044742717500000140e+01 1.088786818499999853e+01 1.314819297000000020e+01
1.114235794500000054e+01 1.076742706499999969e+01 1.384950897000000047e+01
1.245927421500000065e+01 9.209180095000000676e+00 1.376123304999999952e+01
1.293939607999999986e+01 9.913899660000000225e+00 1.369754198999999950e+01
1.238508802499999994e+01 1.106211254000000110e+01 2.225524035000000289e+00
1.183279186999999943e+01 1.131693876499999973e+01 3.136704885000000331e+00
1.096363528999999915e+01 1.192095870500000032e+01 3.302882765000000109e+00
1.127343317999999961e+01 1.155622643000000060e+01 4.043411479999999614e+00
1.191013190500000007e+01 1.336357229500000088e+01 3.608359369999999622e+00
1.178775368999999884e+01 1.240222840500000068e+01 3.732662174999999749e+00
1.270270607500000004e+01 1.062865606000000085e+01 2.899284090000000091e+00
1.193428173999999942e+01 1.039436041500000130e+01 2.543948365000000322e+00
1.317126785000000133e+00 5.576874155000000499e+00 1.572022257000000067e+01
1.321153670000000169e+00 5.787252170000000362e+00 1.470347175000000028e+01
1.364007705000000126e+00 6.073092689999999294e+00 1.368745872499999905e+01
5.534397749999999672e-01 6.069868334999999782e+00 1.403992483500000077e+01
1.616852155000000124e+00 7.679893254999999641e+00 1.460503567499999988e+01
1.154667265000000054e+00 6.888914310000000540e+00 1.424632094000000038e+01
1.356956360000000084e+00 4.840150315000000703e+00 1.516008427999999952e+01
2.096738665000000168e+00 5.430644264999999749e+00 1.534603067000000109e+01
3.164846419999999938e+00 8.432488119999998588e+00 6.349592395000000167e+00
2.221545050000000021e+00 8.582669079999998729e+00 6.866237399999999269e+00
1.545697714999999972e+00 9.435168494999999211e+00 6.830331169999999119e+00
1.297171784999999966e+00 8.659474745000000695e+00 7.268309369999999880e+00
1.738093094999999977e+00 9.528548260000000880e+00 8.669117395000000670e+00
1.915359955000000003e+00 9.300705255000000449e+00 7.765388789999999375e+00
3.007576315000000111e+00 7.882422529999999483e+00 6.978873150000000081e+00
2.607225754999999978e+00 7.754251914999999329e+00 6.168795014999999715e+00
1.290110134999999936e+01 1.200165370000000120e+00 3.957093774999999702e+00
1.232669342999999884e+01 2.055329509999999971e+00 3.488370364999999751e+00
1.173286505999999996e+01 2.894125475000000058e+00 3.039899765000000365e+00
1.221561854499999988e+01 2.447124549999999843e+00 2.457537949999999860e+00
1.101986634500000051e+01 1.192782999999999927e+00 2.268556924999999946e+00
1.137308210000000130e+01 1.956907394999999994e+00 2.756790539999999901e+00
1.319406933999999865e+01 1.972289729999999963e+00 4.142166534999999428e+00
1.249176884999999970e+01 1.710848555000000104e+00 4.536241135000000035e+00
-4.443127890211004405e-01 1.196575992500000041e+01 1.234538255000000007e+01
1.333233379894492310e-01 1.126199116999999994e+01 1.291487538500000021e+01
8.133728700000000256e-01 1.061444486999999981e+01 1.256233096000000060e+01
8.052747799999999678e-01 1.069552602999999991e+01 1.347533239999999921e+01
-1.508610770105506815e-01 9.242388129999998370e+00 1.333286790000000011e+01
4.273555798944933537e-02 1.009543735499999961e+01 1.303021784999999966e+01
-6.031337390211013449e-01 1.193747461499999929e+01 1.325434407500000056e+01
1.081531829894492591e-01 1.233065728999999955e+01 1.288398731999999924e+01
7.089695544999999655e+00 1.346368129000000025e+01 1.053828395500000070e+01
6.308573655000000002e+00 1.288527462000000057e+01 1.102804078000000132e+01
6.338794690000000287e+00 1.211832753499999882e+01 1.182468960499999966e+01
5.964751574999999306e+00 1.290676103499999883e+01 1.204446899000000037e+01
4.767042209999999614e+00 1.161294637499999993e+01 1.103122405999999955e+01
5.341130545000000396e+00 1.223247495500000070e+01 1.152031055500000001e+01
6.692344240000000610e+00 1.293908848999999961e+01 9.979378515000000505e+00
6.353687815000000683e+00 1.370752421499999940e+01 1.035139660000000106e+01
1.226895799999999870e+00 7.652555800000000463e-01 9.244035499999998517e-01
1.574373969999999900e+00 1.531118399999999991e+00 1.612431984999999957e+00
2.435942879999999811e+00 1.564963974999999952e+00 2.289287100000000130e+00
2.538416295000000211e+00 2.125833029999999901e+00 1.571352720000000147e+00
1.140210790000000030e+00 3.114050094999999629e+00 2.538903089999999807e+00
1.856937574999999896e+00 2.426494219999999924e+00 2.357406305000000035e+00
6.016041350000000953e-01 9.439229799999999670e-01 1.622574685000000017e+00
7.816983049999999267e-01 1.529795089999999913e+00 8.970012299999998717e-01
1.275732159500000051e+01 1.787202179999999885e+01 1.382844612999999967e+01
1.376475500500000138e+01 1.805595183999999875e+01 1.346906243000000103e+01
1.470946389000000032e+01 1.782518203499999743e+01 1.388472180000000122e+01
1.481281102500000024e+01 1.821649425500000063e+01 1.310258040500000121e+01
1.507215943499999966e+01 1.969601613902110060e+01 1.396008009500000036e+01
1.458983590500000105e+01 1.884903729701055042e+01 1.386663556999999969e+01
1.279304272499999939e+01 1.830702959201055080e+01 1.309839777000000005e+01
1.295375643000000032e+01 1.741500795500000009e+01 1.308829339999999952e+01
1.046343161000000066e+01 1.508537751500000113e+01 1.120356209999999919e+01
1.068035904999999985e+01 1.509251309500000104e+01 1.014044146499999854e+01
1.157822022999999945e+01 1.505960346999999899e+01 9.600248419999999783e+00
1.090397035500000023e+01 1.512508890999999878e+01 9.093187920000000091e+00
1.169845379999999935e+01 1.675185786000000121e+01 9.317232645000000701e+00
1.120527990500000115e+01 1.601017983500000241e+01 9.599736504999999198e+00
9.730775644999999585e+00 1.504491566500000133e+01 1.062492298000000090e+01
1.031365797000000128e+01 1.431911149999999999e+01 1.078370278999999954e+01
1.496832170999999967e+01 1.668359860000000339e+01 -1.832226059021104803e+00
1.497535852000000034e+01 1.710409028000000120e+01 -7.553687520105522024e-01
1.551279437500000036e+01 1.677817861999999849e+01 1.473006249999999906e-01
1.503796922999999985e+01 1.760066101500000002e+01 2.030084349999999871e-01
1.383233391499999954e+01 1.591790304000000056e+01 1.466976929894476256e-01
1.446251552999999923e+01 1.668576866500000122e+01 2.232254699999999814e-01
1.451177560000000000e+01 1.745770452000000006e+01 -1.717794639021104075e+00
1.538080889999999989e+01 1.738685041000000098e+01 -1.676282479021104166e+00
1.246424970000000076e+00 1.441810758500000134e+01 1.713920679499999977e+01
2.045353889999999897e+00 1.474128505999999916e+01 1.647699933999999899e+01
2.693081799999999859e+00 1.516520171999999889e+01 1.574435766999999942e+01
2.850083989999999901e+00 1.433465401999999855e+01 1.591004415999999999e+01
1.799439709999999915e+00 1.420715213000000077e+01 1.436677640999999994e+01
1.985196804999999953e+00 1.450488033999999971e+01 1.530458642500000011e+01
1.947404624999999889e+00 1.477467941500000137e+01 1.756123707999999795e+01
1.374129050000000074e+00 1.529858512999999931e+01 1.704903266000000173e+01
6.748491789999999213e+00 1.608648814000000016e+01 1.881655645201055194e+01
6.173608480000000398e+00 1.618158429500000040e+01 1.791005996999999894e+01
5.408999290000000570e+00 1.551908724500000147e+01 1.742200490500000143e+01
5.127704729999999600e+00 1.633228802000000002e+01 1.776596244499999955e+01
5.784565419999999847e+00 1.693366690999999946e+01 1.605179037499999950e+01
5.636827784999999480e+00 1.625281430000000071e+01 1.680961208499999771e+01
7.269819374999999972e+00 1.606406369999999839e+01 1.809446736499999986e+01
6.880062815000000498e+00 1.684007155999999839e+01 1.836661149201054855e+01
-7.770844790211020037e-01 8.630727149999999348e-01 5.633784000000000347e+00
-1.585340170105504209e-01 1.734884560000000242e+00 5.691590999999999845e+00
3.899636899999999740e-01 2.603659135000000013e+00 5.698568494999999956e+00
4.285187900000000383e-01 2.159630755000000235e+00 6.470821725000000413e+00
1.636171869999999862e+00 1.501531025000000019e+00 4.924078605000000053e+00
1.065355014999999961e+00 1.778815520000000205e+00 5.663095499999999838e+00
-1.241657854021100738e+00 1.621445175000000072e+00 5.661466134999999511e+00
-8.057203090211009222e-01 1.359003954999999930e+00 4.912452889999999961e+00
1.735648876500000171e+01 1.274980337499999905e+01 1.614660881000000003e+01
1.642001537000000155e+01 1.229147521999999881e+01 1.649534179000000123e+01
1.542248404500000092e+01 1.226237086999999981e+01 1.605031860500000107e+01
1.576017047500000068e+01 1.143495052999999828e+01 1.616282470499999846e+01
1.539414808000000079e+01 1.156290369499999926e+01 1.791910288500000092e+01
1.543808823999999902e+01 1.193430150999999917e+01 1.704893784000000068e+01
1.701001661499999784e+01 1.313136869999999945e+01 1.685317921000000041e+01
1.748033808499999964e+01 1.238640782499999915e+01 1.693851549000000034e+01
1.003084225499999960e+01 7.254696674999999928e+00 5.791146870000000391e+00
1.062919232000000136e+01 7.972677790000000542e+00 5.210385535000000345e+00
1.051307397999999971e+01 9.014834109999998901e+00 5.108581320000000758e+00
1.121841736500000053e+01 8.607681015000000713e+00 4.589441950000000325e+00
9.957119544999999405e+00 7.957608180000000253e+00 3.528907239999999668e+00
1.025938234499999879e+01 8.500380275000001262e+00 4.242379184999999886e+00
1.075708741500000087e+01 6.901951210000000003e+00 5.411399420000000404e+00
1.084699610000000014e+01 7.428679074999999798e+00 6.106824590000000441e+00
7.997538759999999414e+00 5.578505789999999465e+00 1.963366469999999975e+00
8.942680389999999591e+00 5.199691409999999792e+00 2.355084409999999906e+00
9.969875545000000727e+00 5.003589695000000503e+00 2.772563745000000246e+00
9.740383969999999891e+00 4.605536234999999756e+00 1.977045045000000112e+00
1.069675227499999970e+01 5.972774194999999509e+00 1.445550555000000070e+00
1.001561818999999964e+01 5.610426369999999885e+00 2.014368280000000233e+00
7.975479734999999515e+00 4.838851574999999627e+00 2.472860175000000105e+00
8.050550359999999017e+00 5.641816600000000292e+00 2.832818350000000152e+00
1.541617805000000008e+00 5.417864709999999917e+00 8.116992055000000761e+00
1.682667850000000076e+00 5.598320304999999664e+00 9.170631045000000370e+00
2.458083065000000289e+00 6.105089445000000836e+00 9.764363060000000871e+00
1.730609150000000040e+00 5.764903855000000021e+00 1.016483759000000120e+01
3.038011329999999788e+00 4.283604249999999780e+00 9.591333224999999629e+00
2.502026120000000020e+00 5.089407600000000365e+00 9.886604210000001558e+00
9.328377850000000304e-01 5.060567664999999771e+00 8.613408010000000559e+00
9.271177200000000340e-01 5.943707149999999828e+00 8.467156089999999580e+00
4.274498604999999785e+00 1.739660474000000079e+01 8.202510180000000872e+00
3.559429034999999963e+00 1.733156268999999838e+01 7.413155054999999827e+00
3.320466644999999772e+00 1.802268271500000196e+01 6.590634115000000293e+00
2.778261000000000092e+00 1.728539813000000080e+01 6.656631840000000189e+00
2.043278189999999661e+00 1.869841442902110273e+01 7.342642129999999767e+00
2.659991620000000001e+00 1.804116061201055032e+01 7.301294555000000130e+00
3.777364940000000004e+00 1.663891103499999957e+01 8.241158304999999018e+00
4.404548654999999258e+00 1.669596160000000040e+01 7.644317785000000143e+00
1.945648323902110377e+01 1.820346617499999908e+01 1.510410720999999867e+01
1.846178519201055224e+01 1.782960751000000243e+01 1.475596017499999846e+01
1.755630425000000017e+01 1.758355293500000016e+01 1.438357779500000078e+01
1.816530652000000146e+01 1.720811309000000122e+01 1.391559056999999910e+01
1.822217262201055021e+01 1.587842952000000096e+01 1.514856583499999942e+01
1.792678820500000114e+01 1.675469948500000328e+01 1.484472501499999986e+01
1.888229471402109994e+01 1.878868654201055222e+01 1.475494748999999928e+01
1.873121505902110329e+01 1.848315120201054995e+01 1.555351689500000134e+01
4.479246439999999829e+00 4.953925439999999902e+00 3.907307389999999714e+00
4.257067489999999843e+00 4.261751014999999754e+00 4.760334354999999462e+00
3.293671980000000055e+00 4.190342330000000004e+00 5.279303269999999770e+00
3.948619325000000124e+00 3.496714025000000170e+00 5.424978615000000559e+00
4.599190440000000102e+00 4.983037184999999702e+00 6.512357084999999657e+00
3.989479484999999936e+00 4.440240214999999324e+00 5.968260185000000106e+00
5.142904484999999859e+00 4.685320584999999483e+00 4.399957109999999894e+00
4.716872934999999600e+00 4.086360804999999985e+00 3.768805304999999883e+00
7.386772665000000515e+00 -6.185912010549188267e-03 3.332278555000000253e+00
7.127397300000000158e+00 1.033589740000000035e+00 3.404642770000000151e+00
6.782557479999999472e+00 2.094179405000000216e+00 3.516060320000000239e+00
6.659170164999999919e+00 1.562721315000000111e+00 4.234072465000000562e+00
8.623402569999999656e+00 2.093519804999999678e+00 3.960425165000000192e+00
7.664844979999999808e+00 1.873426064999999863e+00 4.075841730000000496e+00
6.814908615000000225e+00 2.323825250000000064e-01 2.693255235000000081e+00
7.660603060000000575e+00 4.448512499999999203e-01 2.641476964999999844e+00
1.519310077999999997e+01 1.679539146999999844e+01 4.223507745000000035e+00
1.431055354999999984e+01 1.627901014500000088e+01 4.519053604999999862e+00
1.334221260500000028e+01 1.598427823000000103e+01 4.101559889999999875e+00
1.403739778999999999e+01 1.540494122499999996e+01 4.091431775000000215e+00
1.326678610999999997e+01 1.471919463500000091e+01 5.563789630000000486e+00
1.363404603000000037e+01 1.546550468499999909e+01 5.008461580000000524e+00
1.460515985500000014e+01 1.728814950000000294e+01 4.619095624999999927e+00
1.508966681499999929e+01 1.669819788499999902e+01 5.116126525000000314e+00
3.132155230000000401e+00 6.917179474999999300e+00 1.906415820000000094e+00
3.490021014999999949e+00 7.759854669999999288e+00 1.374684339999999949e+00
4.467196819999999846e+00 8.064693840000000336e+00 1.168701685000000046e+00
4.005035255000000127e+00 7.787738384999999930e+00 4.332331979894497032e-01
3.988455029999999901e+00 9.761937630000000254e+00 8.122085100000000502e-01
3.860724704999999979e+00 8.797486844999999889e+00 6.963142450000000538e-01
3.051641090000000389e+00 7.642539270000000329e+00 2.323754389999999947e+00
2.483303079999999774e+00 7.476162715000000070e+00 1.625783034999999987e+00
1.709484003000000030e+01 1.144803668499999993e+01 8.080333010000000371e+00
1.723671818000000044e+01 1.065020443999999955e+01 8.867242045000001127e+00
1.672515934999999843e+01 1.045784039499999984e+01 9.791158830000000535e+00
1.672675284500000004e+01 9.786462830000001389e+00 9.293214315000000170e+00
1.804773267000000203e+01 9.507128354999998976e+00 1.043803428000000011e+01
1.761799000499999934e+01 9.945452290000000417e+00 9.744456105000001145e+00
1.785942849999999993e+01 1.140283317500000138e+01 8.442464270000000326e+00
1.764281988999999840e+01 1.077689267499999914e+01 7.901374360000000152e+00
9.960873310000000203e+00 1.440994623499999960e+01 7.870760000000001089e-01
9.875922084999999129e+00 1.527148234000000038e+01 1.361833885000000022e+00
9.778510289999999827e+00 1.615121803499999942e+01 1.918483399999999950e+00
9.126426060000000007e+00 1.554883430499999974e+01 2.085372345000000127e+00
1.025984844999999979e+01 1.541982879000000040e+01 3.475969290000000100e+00
1.001430793499999972e+01 1.539506905000000003e+01 2.531726045000000092e+00
9.890419465000000798e+00 1.514072115000000096e+01 3.055422979894497626e-01
1.065474534500000026e+01 1.501919597999999922e+01 7.037693050000000117e-01
8.819168095000000207e+00 1.359425573999999948e+01 5.774834904999999630e+00
7.992681660000000576e+00 1.369701686500000015e+01 6.460927289999999878e+00
7.748458064999999451e+00 1.325082676000000070e+01 7.364699545000000569e+00
7.123295139999999748e+00 1.382892921000000008e+01 7.065012904999999677e+00
6.970781344999999796e+00 1.194552956000000066e+01 6.292316890000000384e+00
7.090240509999999219e+00 1.287538581500000134e+01 6.634296669999999452e+00
8.259518105000001498e+00 1.421106441499999917e+01 5.533827275000000157e+00
8.818814209999999321e+00 1.436940460499999972e+01 6.247723040000000339e+00
1.492445380500000063e+01 3.779700560000000209e+00 8.388388270000000091e+00
1.469427818500000171e+01 4.226460280000000402e+00 7.429944654999999898e+00
1.454585992500000025e+01 4.625395584999999699e+00 6.473384165000000579e+00
1.443170665999999969e+01 5.175429499999999905e+00 7.149133459999999829e+00
1.608599966999999964e+01 5.787872840000000352e+00 6.815982759999999807e+00
1.540992256999999910e+01 5.038294204999999693e+00 6.860526880000000105e+00
1.412430072500000122e+01 3.574374790000000246e+00 8.022098400000000851e+00
1.481162978500000094e+01 3.221478274999999947e+00 7.695931975000000591e+00
6.177653700000000470e+00 1.301131775500000032e+01 2.368826499999999946e+00
5.897295505000000659e+00 1.218839364000000103e+01 3.028123900000000202e+00
6.460226345000000592e+00 1.141881211000000107e+01 3.426159660000000162e+00
5.619379110000000566e+00 1.131510650499999926e+01 3.645335294999999753e+00
6.331285685000000107e+00 1.044753366499999991e+01 2.039009505000000111e+00
5.918442615000000018e+00 1.100563494000000020e+01 2.704502900000000043e+00
5.273414544999999620e+00 1.301332792999999910e+01 2.601091495000000364e+00
5.840989575000000045e+00 1.325831300000000113e+01 3.229889705000000166e+00
2.095356344999999898e+00 1.404288371500000032e+01 6.946998914999999997e+00
2.868921540000000103e+00 1.333764224499999962e+01 7.073676799999999432e+00
3.850807295000000074e+00 1.342597448000000071e+01 7.491519419999999485e+00
3.645084060000000292e+00 1.260896839499999977e+01 7.156893475000000393e+00
4.674641960000000651e+00 1.318169192999999950e+01 5.852932720000000089e+00
3.928013995000000147e+00 1.330559155999999987e+01 6.457165899999999681e+00
1.850778065000000083e+00 1.328482819499999934e+01 6.702393589999999790e+00
1.905498424999999996e+00 1.345625935500000026e+01 7.560685024999999726e+00
3.283728755000000277e+00 3.030323510000000109e+00 1.484577778000000059e+01
3.843737434999999980e+00 2.034352820000000062e+00 1.510492616000000154e+01
3.798721444999999974e+00 9.889719449999999634e-01 1.486306779499999919e+01
4.470928459999999660e+00 1.457092294999999815e+00 1.447516266499999915e+01
5.430814370000000224e+00 1.293088110000000013e+00 1.605117623499999979e+01
4.654265624999999851e+00 1.162688890000000086e+00 1.542195874500000130e+01
3.085824500000000192e+00 2.610309945000000020e+00 1.564531238000000002e+01
3.798888525000000183e+00 3.031616515000000067e+00 1.557000777500000055e+01
9.631854074999999682e+00 9.131725615000000573e+00 -8.710038490211021722e-01
9.051553560000000331e+00 9.230644049999998657e+00 -2.374750701055095004e-02
8.004936830000000114e+00 9.139816544999998627e+00 1.332831829894481901e-01
8.458292150000000120e+00 8.461540749999999278e+00 4.354394900000000401e-01
8.787204284999999615e+00 9.455314295000000868e+00 2.003191474999999944e+00
8.447452715000000723e+00 9.322818070000000290e+00 1.049203540000000157e+00
9.492880595000000810e+00 9.967966539999999043e+00 -6.052250040211023530e-01
1.012801456500000086e+01 9.449156004999998970e+00 -2.177849740211018625e-01
6.708175445000000181e+00 -1.376966649021102551e+00 1.166429350499999984e+01
7.193138069999999828e+00 -5.261869420105518280e-01 1.113136764999999961e+01
7.611135680000000292e+00 3.445783150000000239e-01 1.059740778999999833e+01
7.522614510000000365e+00 4.781040099999999682e-01 1.148518221500000003e+01
9.105956810000000345e+00 -5.119384590211022434e-01 1.101220421500000057e+01
8.303469534999999624e+00 -7.633521201055110117e-02 1.124774063499999954e+01
6.225399140000000386e+00 -9.689767290211039885e-01 1.106365496500000134e+01
6.859948254999999939e+00 -1.536069939021103448e+00 1.083712059500000002e+01
5.817518094999999612e+00 5.856410175000000606e+00 1.245988666499999908e+01
6.180539054999999671e+00 4.868319590000000474e+00 1.211221972499999922e+01
6.500261699999999365e+00 3.904911634999999936e+00 1.179487407999999959e+01
6.447422164999999872e+00 4.517741335000000191e+00 1.116293056499999992e+01
8.264524720000000713e+00 4.556424905000000081e+00 1.157097438999999994e+01
7.285376894999999742e+00 4.579869184999999732e+00 1.180772238000000129e+01
5.207399644999999744e+00 5.159333305000000536e+00 1.251547592000000009e+01
5.903519219999999734e+00 5.204502635000000765e+00 1.307350892999999914e+01
1.135231377999999935e+01 4.845339465000000345e+00 8.188814555000000439e+00
1.125951310499999991e+01 4.856695545000000003e+00 9.282838189999999656e+00
1.158288864500000059e+01 4.239319294999999599e+00 1.010380263500000098e+01
1.111450740000000081e+01 4.949519629999999282e+00 1.038520849000000013e+01
1.018089559999999949e+01 3.268763455000000206e+00 9.662315610000000277e+00
1.058766767000000009e+01 4.083465665000000300e+00 9.963186064999998592e+00
1.102940509999999996e+01 5.574265540000000740e+00 8.428812390000000931e+00
1.190574974499999961e+01 5.386046900000000193e+00 8.578088850000000321e+00
1.226477101500000089e+01 4.742097430000000280e+00 1.290262127000000092e+01
1.245905225999999999e+01 4.218875220000000148e+00 1.381672381499999958e+01
1.273977256500000088e+01 3.759722854999999697e+00 1.474644230999999905e+01
1.276250767000000153e+01 4.624429915000000335e+00 1.480396754499999901e+01
1.093621135000000066e+01 3.947426169999999956e+00 1.480715990499999890e+01
1.180687694000000043e+01 4.203261375000000299e+00 1.487434578499999915e+01
1.296323225500000120e+01 4.125158575000000383e+00 1.293114977000000110e+01
1.214062830499999990e+01 3.834223699999999901e+00 1.282258571500000066e+01
1.150642804999999935e+00 1.595751428500000024e+01 3.979374364999999969e+00
1.937056649999999935e+00 1.542262348499999902e+01 3.465303524999999940e+00
2.424716925000000245e+00 1.445449465499999953e+01 3.652177645000000084e+00
2.714898264999999977e+00 1.489752460999999961e+01 2.967392905000000081e+00
3.724717624999999810e+00 1.525045037499999978e+01 4.544204985000000363e+00
3.064824609999999616e+00 1.526011727499999893e+01 3.821583509999999961e+00
1.577010534999999880e+00 1.638054694000000211e+01 3.318357339999999933e+00
9.403750699999999796e-01 1.577551940000000030e+01 3.121148035000000043e+00
9.286251910000000720e+00 1.093132849999999934e+01 9.687390574999998449e+00
9.481902869999998984e+00 9.953749134999998915e+00 1.019206605499999974e+01
9.725555090000000291e+00 8.994322544999999280e+00 1.057215115500000024e+01
1.027907159000000092e+01 9.636747055000000728e+00 1.090957034499999878e+01
8.576783849999999987e+00 9.438875655000000364e+00 1.186856857999999981e+01
9.322565824999999862e+00 9.648000039999999444e+00 1.131129101999999875e+01
9.528998999999998887e+00 1.025378182000000038e+01 9.138990414999998535e+00
8.695764154999999107e+00 1.026290314499999923e+01 9.462196554999998455e+00
1.478238976000000093e+01 3.965964304999999968e+00 2.823800235000000214e+00
1.584103796499999994e+01 4.141510645000000324e+00 2.818430835000000023e+00
1.629228811000000121e+01 5.054118560000000038e+00 3.023564004999999888e+00
1.655131108999999867e+01 4.483382210000000256e+00 3.564050564999999615e+00
1.740656107499999905e+01 4.269144320000000548e+00 1.734985954999999969e+00
1.701703911499999933e+01 4.409624060000000512e+00 2.614858019999999783e+00
1.523412959999999927e+01 3.752169385000000190e+00 2.069056549999999994e+00
1.531506805000000071e+01 3.190133410000000058e+00 2.744334405000000032e+00
1.787276309999999979e+00 1.264106630000000120e+00 1.054640972500000018e+01
6.816211549999999786e-01 1.065496655000000015e+00 1.023811292999999978e+01
6.881336999999999871e-02 1.022625520000000066e+00 9.325585145000001575e+00
2.863193900000000069e-01 2.573030579894499681e-01 9.598937795000001216e+00
-1.313688519021100953e+00 2.626672298944854322e-02 1.023998373999999956e+01
-5.135824420105505883e-01 6.022426699999999800e-01 1.010910595500000042e+01
1.175911335000000113e+00 1.971692119999999937e+00 1.069037456499999905e+01
1.103310744999999926e+00 1.230959055000000024e+00 1.116611859500000037e+01
8.752524700000000379e+00 1.635862988999999956e+01 1.503940137500000063e+01
8.580107860000000031e+00 1.745698920999999970e+01 1.494625792000000075e+01
7.805514674999999514e+00 1.799514045000000095e+01 1.438081693999999899e+01
7.833288989999999785e+00 1.819512731500000058e+01 1.526958703500000070e+01
9.008295055000001383e+00 1.928860016402110134e+01 1.405925782999999996e+01
8.539248690000000863e+00 1.867064043201055057e+01 1.468256489499999873e+01
9.468342795000001644e+00 1.684222049999999982e+01 1.473362479000000036e+01
9.244562120000001215e+00 1.682650349000000034e+01 1.557813419000000010e+01
3.274752700000000072e+00 1.643778073500000048e+01 1.281114172999999923e+01
3.506591545000000032e+00 1.566203797500000050e+01 1.211371877000000019e+01
2.848992304999999892e+00 1.512356260500000005e+01 1.151330575500000108e+01
3.711379915000000196e+00 1.500032008499999847e+01 1.133923379500000017e+01
3.332085860000000288e+00 1.344696648500000080e+01 1.228302965499999999e+01
3.225980274999999953e+00 1.443699339999999864e+01 1.212371741499999978e+01
4.150902170000000169e+00 1.626506847499999964e+01 1.282127191000000010e+01
3.735273144999999850e+00 1.675774561000000062e+01 1.221654330500000007e+01
4.972584659999999879e+00 8.632813705000000226e+00 1.336739041999999955e+01
4.428233459999999511e+00 8.925980165000000355e+00 1.431327901499999911e+01
4.775770610000000360e+00 9.535251235000000491e+00 1.510413419500000032e+01
4.030447670000000038e+00 9.879273364999999529e+00 1.470203594000000002e+01
3.511150885000000166e+00 8.932709309999999903e+00 1.634726299999999810e+01
3.836092119999999994e+00 9.104428089999998974e+00 1.538181728500000034e+01
4.726909709999999265e+00 7.973107560000000760e+00 1.394687260999999978e+01
4.124585220000000163e+00 8.307802034999999918e+00 1.346513272500000014e+01
1.222749799500000023e+01 1.539027691000000075e+01 1.548819561000000000e+01
1.243895166999999979e+01 1.430529484000000018e+01 1.582428192500000108e+01
1.202087462500000115e+01 1.364476746000000063e+01 1.653176102500000155e+01
1.273025528500000014e+01 1.325928174000000048e+01 1.607665307999999982e+01
1.380768351000000038e+01 1.374133119999999941e+01 1.734183738499999805e+01
1.303375609500000110e+01 1.392424138500000019e+01 1.680820268000000084e+01
1.284561911999999850e+01 1.502417845000000085e+01 1.510253660000000053e+01
1.201715354499999933e+01 1.473743867499999993e+01 1.489971854000000029e+01
1.391449402499999977e+01 1.856516839701055233e+01 9.565726534999999586e+00
1.408799111500000123e+01 1.849159081701055030e+01 8.492394290000000012e+00
1.428187850499999989e+01 1.843161113201055201e+01 7.427987639999999558e+00
1.483934526500000040e+01 1.794380583999999956e+01 7.900410479999999680e+00
1.359583429499999951e+01 1.663916781000000000e+01 7.490549324999999925e+00
1.386647096999999995e+01 1.755369261499999922e+01 7.826953319999999437e+00
1.414930443999999987e+01 1.933300186902110340e+01 9.199399554999999395e+00
1.332957015999999939e+01 1.906000368902110154e+01 9.083993715000000080e+00
1.646236023000000159e+01 1.445420052500000097e+01 8.020433889999999622e+00
1.705055414499999955e+01 1.538528862499999939e+01 8.083312360000000751e+00
1.793014244500000132e+01 1.559764060999999913e+01 8.684020385000000175e+00
1.766017202999999824e+01 1.626946270500000225e+01 8.087102330000000450e+00
1.656292554499999881e+01 1.600838101000000080e+01 9.746375194999998826e+00
1.709248918499999803e+01 1.611167438000000018e+01 8.947175205000000631e+00
1.687492016000000206e+01 1.466947567000000063e+01 7.305616849999999829e+00
1.613975716499999891e+01 1.513446435499999865e+01 7.487007554999999925e+00
1.515775443999999972e+01 2.810202440000000301e+00 1.662192806000000189e+01
1.615842427999999842e+01 2.853561110000000234e+00 1.702049718499999997e+01
1.720049687499999891e+01 2.666156599999999877e+00 1.722167265499999900e+01
1.705026560499999988e+01 3.029502185000000125e+00 1.645850575000000049e+01
1.696720658000000270e+01 4.636141620000000074e+00 1.724831041999999925e+01
1.694961287499999969e+01 3.694141904999999948e+00 1.728526057999999921e+01
1.543619799500000056e+01 2.117379314999999984e+00 1.711804472000000032e+01
1.518241622500000076e+01 2.894276405000000274e+00 1.752849430999999925e+01
6.782107690000000133e+00 4.244057615000000006e+00 1.765914480500000039e+01
7.455401240000000485e+00 3.897456595000000412e+00 1.683334507000000002e+01
8.138705690000000104e+00 3.532619705000000110e+00 1.603459840000000014e+01
8.496483895000000786e+00 3.620059085000000287e+00 1.681437312500000303e+01
8.010257199999999855e+00 1.867235685000000034e+00 1.681169965499999819e+01
7.812245885000000278e+00 2.801079950000000096e+00 1.671922057500000136e+01
7.052013815000000463e+00 4.809268624999999631e+00 1.703781391500000097e+01
6.472508350000000021e+00 4.248136244999999533e+00 1.677313063500000112e+01
6.839706024999999912e+00 8.623441650000000180e+00 4.160998644999999385e+00
6.758288324999999652e+00 8.735467119999999142e+00 5.248761104999999816e+00
6.497391034999999704e+00 9.434339845000000224e+00 5.963472675000000223e+00
6.946289665000000113e+00 8.739949655000000206e+00 6.314422630000000147e+00
8.271458779999999678e+00 9.788141610000000270e+00 5.377418855000000164e+00
7.487337934999999334e+00 9.525372960000000333e+00 5.836269165000000037e+00
6.782043999999999961e+00 7.853609174999998999e+00 4.632634209999999975e+00
6.060311679999999868e+00 8.368582979999999338e+00 4.472703799999999674e+00
9.756648704999999921e+00 -1.858344902110142804e-02 6.539371015000000398e+00
1.051782929500000030e+01 6.380476979894489364e-01 6.914367804999999478e+00
1.129278810499999963e+01 1.346643740000000200e+00 7.190393369999999784e+00
1.056633924000000135e+01 1.743773950000000017e+00 6.934260670000000459e+00
1.051890183500000120e+01 9.742595750000000443e-01 8.707440390000000363e+00
1.054231835000000039e+01 1.340943885000000169e+00 7.874293285000000253e+00
1.057239148000000029e+01 -9.946692010551094754e-03 6.145781900000000242e+00
1.048655261000000039e+01 -4.068754790211019934e-01 6.929770384999999422e+00
5.412243334999999433e+00 2.649800939999999994e+00 8.093287464999999514e+00
6.463294664999999384e+00 2.822503119999999921e+00 7.843591599999999886e+00
6.993354540000000341e+00 3.680986169999999724e+00 8.084856900000000124e+00
7.542811905000000650e+00 3.022121594999999772e+00 7.788947029999999216e+00
7.381424069999999560e+00 3.531994479999999825e+00 6.089493324999999402e+00
7.124716819999999728e+00 3.567556605000000047e+00 7.048813335000000180e+00
5.751091595000000112e+00 2.001118940000000013e+00 7.578689714999999438e+00
5.935508734999999980e+00 2.080111495000000144e+00 8.444325235000000873e+00
1.588547938500000001e+01 6.852185179999999320e+00 1.340567157499999951e+01
1.572965634499999865e+01 7.075453510000000001e+00 1.445198901000000014e+01
1.616611178999999865e+01 7.825745160000000311e+00 1.505518741500000068e+01
1.556766825999999959e+01 7.339573780000000269e+00 1.547191207999999918e+01
1.744365402000000032e+01 6.785359340000000294e+00 1.559739981000000064e+01
1.651966593499999902e+01 6.925445865000000367e+00 1.543663961500000070e+01
1.524942541499999926e+01 6.324553925000000021e+00 1.374639661999999873e+01
1.507963892000000072e+01 7.167638854999999865e+00 1.355207917499999937e+01
