# cobond dipole 
# frame_index bond_index dipole_x dipole_y dipole_z 
#UNITCELL[Ang] 19.4788 0 0 0 19.4788 0 0 0 19.4788
#TEMPERATURE[K] 298
#TIMESTEP[fs] 2.5
    0    0       -0.180284       -0.806027        -1.49416
    0    1        0.885278          -1.522       -0.527897
    0    2        0.870555        -0.11281         1.57033
    0    3        0.637286        -1.65319        0.257159
    0    4        0.556365        -1.23646        0.846819
    0    5        -1.15257        -1.25058        0.195156
    0    6       -0.522739       -0.923776         -1.3498
    0    7        -1.22761       -0.915096        0.573761
    0    8       -0.424639       -0.950514        -1.22579
    0    9        -1.13087         1.14293        -1.06896
    0   10       -0.912875       -0.905512         1.17472
    0   11         1.50614         0.91414        -0.35131
    0   12       0.0618609       -0.920392         1.30375
    0   13       -0.422928        0.779536         1.39646
    0   14       -0.662656       0.0349034        -1.54821
    0   15      -0.0648194        -1.43855        -1.02114
    0   16        -1.10238        0.134813        -1.35583
    0   17       -0.564252         1.51069       -0.279293
    0   18        0.695823         0.32039         1.39272
    0   19          1.0122         1.11042       -0.908167
    0   20         1.05766       -0.175858        -1.30302
    0   21        -0.66072        0.450329        -1.35963
    0   22       -0.131375       -0.876004         1.57074
    0   23          1.5607       -0.250839         1.01304
    0   24        0.916707        0.500145         -1.3536
    0   25        -1.10057        0.123258        -1.14911
    0   26          0.3565        -1.08498         1.16262
    0   27         -1.1742        -1.06307        0.884021
    0   28        -1.38047        0.643271       -0.402695
    0   29       -0.408778         1.60576       -0.108105
    0   30        -1.04244       -0.182288        -1.33711
    0   31        0.986361        0.535494        -1.27993
    0   32        -1.35569        -1.10102       -0.132089
    0   33        -1.45418        0.530269        0.689768
    0   34        0.905756       -0.396013        -1.43114
    0   35        -1.58941        0.118619       -0.430853
    0   36       -0.472563       -0.128171         1.54337
    0   37        -1.70097        0.914332        0.207096
    0   38         1.53087       -0.206867       0.0830526
    0   39         1.06348         -1.2568       -0.643113
    0   40         1.45765      -0.0353257       -0.824233
    0   41        -1.11021        0.164002         1.23154
    0   42        0.205183        -1.23375        0.958173
    0   43        0.948989        0.566924         1.23515
    0   44        0.165954         0.86583         1.34755
    0   45        -1.62905        0.287885        0.391321
    0   46         1.36479        0.262417        -1.05572
    0   47         1.18259         1.23414         0.39798
    0   48       -0.061408        -1.25294         1.12949
    0   49       -0.847797        0.533467         1.52116
    0   50        0.227057          -1.168        -1.11525
    0   51        -1.44881       -0.944773      -0.0116095
    0   52         1.08126       -0.807089       -0.789258
    0   53        0.898565        0.260083         -1.3651
    0   54       -0.795573          1.4446      -0.0823809
    0   55        0.670107        0.923632        -1.29881
    0   56        0.898371        0.809434        -1.23661
    0   57       -0.442118         1.48792       -0.117977
    0   58         1.50903       -0.497725       -0.680889
    0   59        0.922667         1.40641       -0.192769
    0   60        0.480911        -1.47027        -1.03016
    0   61         1.75422       -0.399818        0.191316
    0   62        0.151594         1.50457        0.684481
    0   63        -1.46189      -0.0446525        0.912923
    0   64          1.4335        0.437648       -0.965427
    0   65       0.0824901         1.66967        0.213898
    0   66       -0.491807        -0.26227         1.54774
    0   67       -0.829035          1.1637        0.800988
    0   68       -0.141352        0.688252         -1.5329
    0   69       -0.525895          1.6445        0.443489
    0   70        -1.34752       -0.416442        0.918965
    0   71       -0.683423          1.5768       -0.352549
    0   72         1.03013         0.77325        0.883764
    0   73         1.11628        -1.19304        0.700611
    0   74         -1.5416       -0.494282         0.44994
    0   75        -1.14768        0.723171         1.05564
    0   76         -1.0825         -1.0498        0.646617
    0   77       0.0379738        0.303956         1.75172
    0   78        -1.70057       -0.623362       -0.139546
    0   79       0.0755653        -1.68929        0.865636
    0   80        0.780152        0.870347         1.23294
    0   81       -0.245036         1.68604       0.0609384
    0   82        -1.36156       -0.819552         0.30885
    0   83       -0.971776        0.396818        -1.57756
    0   84        0.468928        -1.54446       -0.757986
    0   85        0.939054        0.253605        -1.50522
    0   86         1.09292       -0.933712         1.00984
    0   87          0.7381        0.990365          1.3988
    0   88       -0.141459         -1.6944       -0.211858
    0   89       -0.283768        0.031502         -1.7266
    0   90       -0.670269        -1.05809         1.14845
    0   91        0.283536         0.33197         1.65305
    0   92       -0.500365        -1.51348        0.735275
    0   93        -1.42534       -0.837402       -0.421782
    0   94        -1.40989        0.772184       -0.207498
    0   95        0.827655         1.39969        0.276123
    0   96        -1.15829        -1.16783     -0.00201773
    0   97        0.465066       -0.906371         1.51887
    0   98        0.998398        -1.27678       -0.715697
    0   99        -1.15741         1.34662        0.225816
    0  100         1.48928        0.871381        0.734945
    0  101         1.08291         -1.1418       -0.717237
    0  102        0.296659        -1.34886         1.21401
    0  103          1.0173        0.513975         1.39646
    0  104        0.562205       -0.628449          1.2178
    0  105        -1.29237        0.157094        0.845524
    0  106        -1.46458        0.302855        0.603441
    0  107        -1.03629        -1.43544       -0.371917
    0  108        -1.10591        -1.17596        0.249165
    0  109        0.637443        -1.47952       -0.301213
    0  110        0.286151        -1.03979          1.1925
    0  111        -1.34082        -1.09248    -0.000267256
    0  112        0.680805       0.0392264         1.65652
    0  113        -1.46041     -0.00017098        0.859105
    0  114        -1.54982         0.35207        0.340963
    0  115       -0.943698        -1.40306        0.498199
    0  116        -1.66309        0.194153        0.259441
    0  117       -0.214973        0.840572          1.5192
    0  118         1.20444          1.0606       -0.170369
    0  119         1.33159        -1.07533       -0.186687
    0  120       -0.385051        -1.39292        -1.03658
    0  121        -1.57514         0.53838       -0.522372
    0  122        -1.05681        0.911839       -0.936523
    0  123         0.36431         1.78784       -0.694963
    0  124        -1.06915         1.29408       -0.543283
    0  125        0.809925          1.5148      -0.0474783
    0  126        0.965298        0.270344         1.22131
    0  127        0.740683         1.62029        0.433768
    1    0       -0.186751       -0.835453        -1.49041
    1    1        0.932844         -1.3598       -0.570173
    1    2        0.858643      -0.0613274         1.52861
    1    3        0.599921        -1.69087        0.260386
    1    4        0.566528        -1.31818        0.851061
    1    5        -1.09973        -1.36105       0.0760657
    1    6       -0.398711       -0.904618        -1.40401
    1    7        -1.22949       -0.942722        0.589833
    1    8       -0.482108       -0.970097        -1.25035
    1    9        -1.08841         1.14317       -0.997174
    1   10       -0.947953        -0.94232         1.14898
    1   11         1.50803        0.858001       -0.341572
    1   12       0.0231703       -0.884811         1.31575
    1   13       -0.395173        0.820153         1.34315
    1   14       -0.586126        0.078845        -1.56284
    1   15      0.00342994         -1.3931       -0.966784
    1   16        -1.04578        0.144369        -1.32409
    1   17       -0.581013         1.55032       -0.303963
    1   18        0.694116        0.333216         1.34395
    1   19         1.05207         1.01566       -0.828975
    1   20         1.03594       -0.212174        -1.30793
    1   21       -0.684941        0.435317        -1.33401
    1   22       -0.100126       -0.825834         1.51126
    1   23         1.53245       -0.319577         1.13006
    1   24         0.90836        0.551075        -1.38547
    1   25        -1.12637       0.0790059        -1.08077
    1   26        0.345592        -1.05539         1.15672
    1   27        -1.17774        -1.12572        0.889175
    1   28        -1.35484        0.641513       -0.399059
    1   29       -0.435966         1.61303       -0.143794
    1   30        -1.05402       -0.205104        -1.31546
    1   31         1.01634        0.567936        -1.29562
    1   32         -1.4003        -1.10715       -0.165094
    1   33        -1.54022        0.546974        0.584641
    1   34        0.798982       -0.511752        -1.48783
    1   35        -1.61767        0.137316       -0.400395
    1   36       -0.452052       -0.139533         1.48073
    1   37        -1.64855        0.897601        0.167746
    1   38         1.54406       -0.210649       0.0521225
    1   39         1.07442        -1.28373       -0.667347
    1   40           1.453       0.0113572       -0.921287
    1   41         -1.1298         0.13465         1.17729
    1   42        0.175903        -1.24369         1.03242
    1   43        0.982453        0.545907         1.16167
    1   44        0.120818         0.84599          1.3075
    1   45        -1.57021        0.338491        0.369845
    1   46         1.30051        0.258137       -0.982389
    1   47         1.13863         1.27468        0.398092
    1   48      -0.0174457        -1.26577         1.14845
    1   49       -0.869457        0.441257         1.51934
    1   50        0.206884        -1.14757        -1.14971
    1   51        -1.41993       -0.953337       0.0288977
    1   52         1.08818       -0.763825       -0.806099
    1   53        0.903626        0.302594        -1.29016
    1   54       -0.806366         1.43674       -0.072198
    1   55        0.574844         0.89467        -1.36443
    1   56        0.925634        0.822185        -1.21063
    1   57       -0.447052         1.49812       -0.140531
    1   58          1.5124       -0.498151       -0.641808
    1   59        0.954598         1.39685       -0.204009
    1   60        0.437502        -1.46878       -0.988552
    1   61          1.6799       -0.366456       0.0628524
    1   62        0.084398         1.50727         0.73459
    1   63        -1.47034      -0.0602351        0.887525
    1   64         1.43434          0.4908       -0.955628
    1   65       0.0587088         1.69195        0.239696
    1   66       -0.474911       -0.292752         1.55789
    1   67       -0.835836         1.13854        0.831488
    1   68      -0.0927419         0.67673        -1.50057
    1   69       -0.588233          1.6218        0.432357
    1   70         -1.3485       -0.327527        0.887047
    1   71       -0.685069         1.59382       -0.323971
    1   72         1.09672          0.7844        0.921003
    1   73         1.06715        -1.14575        0.723088
    1   74        -1.49574       -0.482205        0.482744
    1   75        -1.17734        0.717448         1.07817
    1   76        -1.07018        -1.08351        0.578285
    1   77       0.0568874        0.353001         1.72942
    1   78        -1.63319       -0.544061       -0.108024
    1   79       0.0846302        -1.67355        0.865876
    1   80        0.676457        0.898489         1.22074
    1   81       -0.207614         1.76568       0.0950846
    1   82        -1.32111        -0.84616        0.253248
    1   83        -1.03326        0.415837        -1.56352
    1   84        0.386052        -1.61657       -0.657129
    1   85        0.949136        0.307672        -1.51916
    1   86         1.11352       -0.945617        0.998789
    1   87        0.735952         1.00424         1.40748
    1   88       -0.194671        -1.64387        -0.29174
    1   89       -0.227174       0.0232568        -1.71773
    1   90       -0.634169         -1.0624         1.17901
    1   91        0.262281        0.288535         1.57379
    1   92       -0.351812        -1.50956        0.705333
    1   93          -1.385       -0.807575       -0.395183
    1   94        -1.41502         0.80812       -0.211847
    1   95         0.82539         1.44375        0.250757
    1   96        -1.15036        -1.12358       -0.111552
    1   97         0.45037       -0.878402         1.49373
    1   98        0.996303        -1.26133        -0.67856
    1   99        -1.11662         1.39823        0.206556
    1  100         1.41755        0.876472          0.7672
    1  101         1.09396        -1.11772       -0.662891
    1  102        0.286314        -1.36274         1.19179
    1  103         1.04359        0.466205         1.41212
    1  104        0.528652       -0.651441         1.24977
    1  105        -1.31372        0.128682        0.861527
    1  106        -1.48761        0.319352         0.59342
    1  107       -0.998868        -1.44254       -0.474579
    1  108        -1.08611        -1.11903        0.245823
    1  109        0.624056        -1.54708       -0.264007
    1  110        0.306124        -1.05392         1.20502
    1  111        -1.34563        -1.10209      -0.0115821
    1  112        0.763395       0.0475346         1.62148
    1  113        -1.45945      0.00147211        0.848861
    1  114        -1.51385        0.371577        0.332478
    1  115       -0.888819        -1.42223        0.468469
    1  116        -1.60506        0.301511        0.278918
    1  117       -0.240187        0.858745          1.4547
    1  118         1.19549         1.03076       -0.245445
    1  119         1.31236        -1.05817       -0.194361
    1  120       -0.402544        -1.41344        -1.04357
    1  121         -1.4742        0.443952       -0.618725
    1  122        -1.07229        0.836986       -0.963195
    1  123        0.421748          1.7678       -0.672926
    1  124        -1.01924         1.24364       -0.525159
    1  125        0.794566         1.53456       0.0393802
    1  126        0.957959        0.299378         1.26283
    1  127        0.777411         1.58517        0.408619
    2    0        -0.17785        -0.87122        -1.47744
    2    1         0.95462        -1.24651       -0.584921
    2    2        0.866474      -0.0573193         1.42273
    2    3        0.580963        -1.69251        0.261304
    2    4        0.583783        -1.37873        0.909608
    2    5        -1.09866         -1.4103      -0.0170481
    2    6       -0.361738       -0.904946        -1.38543
    2    7         -1.2046       -0.984885        0.591463
    2    8       -0.509907        -1.00984        -1.26522
    2    9        -1.07586         1.06974       -0.908866
    2   10        -1.03489        -0.92125         1.08781
    2   11         1.48788        0.831828       -0.335679
    2   12      -0.0367202       -0.827511         1.36098
    2   13       -0.361641        0.865586         1.31125
    2   14       -0.564605        0.109419        -1.53547
    2   15       0.0441894        -1.36655       -0.914402
    2   16       -0.975729         0.15571        -1.30035
    2   17       -0.638206          1.5657       -0.322666
    2   18         0.68556        0.328807          1.3099
    2   19          1.0862        0.975305       -0.758565
    2   20         1.03749        -0.26284         -1.3172
    2   21       -0.686686        0.438434        -1.36863
    2   22      -0.0386669       -0.798761         1.47326
    2   23         1.44818       -0.318997          1.1894
    2   24        0.885917        0.592082        -1.39017
    2   25        -1.14949        0.147109        -1.07361
    2   26        0.311758        -1.03975         1.14152
    2   27         -1.1638        -1.14916        0.853472
    2   28        -1.37181        0.645972        -0.35171
    2   29       -0.432482         1.62303       -0.201074
    2   30        -1.11073       -0.208725         -1.2889
    2   31         1.03182        0.588052        -1.29972
    2   32        -1.43621        -1.10198       -0.172843
    2   33        -1.61856        0.575905        0.519741
    2   34        0.710552       -0.597022        -1.43611
    2   35        -1.65163        0.122984       -0.394109
    2   36       -0.434605       -0.198577         1.42681
    2   37        -1.58595        0.892168       0.0795835
    2   38          1.5939       -0.185176       0.0508882
    2   39         1.06741        -1.29459       -0.703934
    2   40         1.44757       0.0380654       -0.958487
    2   41        -1.16996        0.185334         1.10581
    2   42        0.171825        -1.24567         1.10161
    2   43        0.971104         0.55123         1.17123
    2   44       0.0605554        0.825491         1.31373
    2   45        -1.52533        0.330048        0.353508
    2   46          1.2345        0.241378       -0.949075
    2   47         1.06754         1.33244        0.434165
    2   48        0.013915        -1.29088         1.07357
    2   49       -0.878164        0.382589         1.48039
    2   50        0.161906        -1.14609        -1.18073
    2   51        -1.41856       -0.960119      0.00964909
    2   52         1.13258       -0.710625        -0.87245
    2   53        0.945047        0.340698        -1.26841
    2   54       -0.799323         1.40837      -0.0474346
    2   55        0.547288        0.857553        -1.41517
    2   56        0.895106        0.811731        -1.16282
    2   57       -0.453062         1.48755       -0.219451
    2   58         1.49514       -0.513089       -0.628978
    2   59         0.97672          1.4153       -0.222812
    2   60        0.420908        -1.42483       -0.925523
    2   61         1.61613       -0.345689      -0.0339906
    2   62        0.069786         1.49335        0.767392
    2   63        -1.45135       0.0174066        0.897942
    2   64         1.43424        0.598239       -0.923298
    2   65       0.0516473         1.70641        0.162973
    2   66       -0.473226       -0.310402         1.54163
    2   67         -0.8455          1.1462        0.869687
    2   68      -0.0627991        0.725408        -1.46249
    2   69       -0.623994         1.58741        0.405375
    2   70        -1.32939       -0.300504        0.861698
    2   71       -0.708425         1.59026       -0.330971
    2   72         1.14418        0.834988        0.849932
    2   73         1.03968        -1.11545        0.751314
    2   74        -1.43523       -0.500706        0.567788
    2   75        -1.23105        0.670725         1.09161
    2   76        -1.08989        -1.10405        0.512463
    2   77       0.0757662        0.371626         1.69912
    2   78        -1.54909       -0.463365      -0.0943021
    2   79       0.0637453        -1.69327        0.850382
    2   80        0.609941        0.885318          1.2333
    2   81       -0.198003         1.82537       0.0882418
    2   82        -1.30989       -0.848195        0.213028
    2   83        -1.03861        0.427801        -1.50204
    2   84        0.344119        -1.65251       -0.574272
    2   85        0.987686        0.399698        -1.46198
    2   86         1.11985       -0.940808        0.956971
    2   87        0.702206        0.992178         1.38975
    2   88        -0.19387        -1.60152       -0.356286
    2   89       -0.161011       0.0253845        -1.72177
    2   90       -0.569997        -1.09359         1.20713
    2   91        0.197509        0.273576         1.54131
    2   92       -0.218651        -1.49691        0.683476
    2   93        -1.34688       -0.770242       -0.371296
    2   94        -1.39753        0.838044       -0.234867
    2   95        0.825963         1.50232        0.241843
    2   96        -1.17679        -1.10197       -0.207513
    2   97        0.446156       -0.860278         1.43393
    2   98         1.08673        -1.20588       -0.608721
    2   99        -1.09849         1.43759        0.167384
    2  100         1.42014        0.888002        0.692716
    2  101          1.0737         -1.1255       -0.661171
    2  102        0.293835        -1.37281         1.15228
    2  103         1.05071        0.398183         1.41574
    2  104        0.539553       -0.669775         1.26952
    2  105        -1.30527       0.0932591        0.876486
    2  106        -1.53409        0.357155        0.569315
    2  107       -0.930475        -1.41686        -0.53574
    2  108        -1.05043        -1.11636        0.267332
    2  109         0.63838        -1.61077       -0.273812
    2  110        0.298298        -1.05012         1.22094
    2  111        -1.35723        -1.12615      -0.0178978
    2  112        0.802819        0.040705         1.58333
    2  113        -1.51824       0.0615084        0.857961
    2  114        -1.47946        0.362915        0.292141
    2  115       -0.787327        -1.43817        0.419213
    2  116        -1.53776        0.368755        0.310634
    2  117       -0.251935        0.834763         1.40497
    2  118         1.20767         1.02592       -0.290901
    2  119         1.26794        -1.03805       -0.224161
    2  120        -0.42285        -1.39126        -1.04124
    2  121        -1.45673        0.379121       -0.604359
    2  122         -1.0837        0.794225          -1.007
    2  123         0.51493         1.69823       -0.627668
    2  124        -1.07916         1.22606       -0.547213
    2  125        0.850553         1.47211        0.117363
    2  126        0.985537        0.289007         1.30445
    2  127        0.797238         1.56969        0.371403
    3    0        -0.18993       -0.887174        -1.45654
    3    1        0.928706        -1.19311       -0.590891
    3    2        0.894618      -0.0426479         1.30915
    3    3        0.587512        -1.69617        0.235722
    3    4        0.582722        -1.39603        0.940009
    3    5        -1.12801         -1.3885      -0.0353535
    3    6       -0.416469       -0.959528        -1.34912
    3    7        -1.18266        -1.01184        0.609546
    3    8       -0.522562        -1.03951        -1.27047
    3    9        -1.07614         0.96774       -0.834703
    3   10        -1.12099       -0.887107         1.02717
    3   11         1.44482        0.830331       -0.337548
    3   12      -0.0429696       -0.820019         1.39105
    3   13       -0.337749        0.888851         1.32992
    3   14       -0.557021        0.146125        -1.53677
    3   15       0.0660668        -1.38774       -0.892928
    3   16       -0.940387        0.179417        -1.28326
    3   17        -0.71586         1.55272       -0.331242
    3   18          0.6754        0.340227         1.24806
    3   19         1.08132        0.967654       -0.744419
    3   20        0.995209       -0.271889        -1.33106
    3   21        -0.67495        0.453344        -1.40669
    3   22       0.0598259       -0.775978         1.44536
    3   23         1.43973       -0.341142         1.17459
    3   24        0.868243        0.610362        -1.37098
    3   25        -1.09756         0.32333        -1.09147
    3   26        0.299587        -1.07043         1.15641
    3   27        -1.14837        -1.13624        0.825252
    3   28        -1.39533        0.657231       -0.336795
    3   29       -0.404265          1.5988       -0.249651
    3   30        -1.16655       -0.178536        -1.24102
    3   31         1.01396        0.592688        -1.34572
    3   32        -1.44894        -1.10605       -0.164132
    3   33        -1.66959        0.611408        0.500199
    3   34        0.651296       -0.611392        -1.37745
    3   35        -1.70362       0.0663452       -0.387678
    3   36       -0.436149       -0.232832         1.40644
    3   37         -1.5465        0.886477       0.0208721
    3   38         1.64131       -0.121646       0.0701795
    3   39         1.04033        -1.29056        -0.73144
    3   40         1.45831       0.0346724       -0.992288
    3   41        -1.17817        0.215094         1.06633
    3   42        0.217543        -1.22834         1.17055
    3   43        0.931365        0.607647         1.17548
    3   44     0.000517012        0.856725         1.32058
    3   45        -1.53818        0.311153        0.334499
    3   46         1.25651        0.265713       -0.919405
    3   47         1.03073          1.3737        0.459149
    3   48       0.0166754        -1.32883         1.00984
    3   49       -0.908658         0.33624         1.45841
    3   50        0.135425        -1.13005        -1.19724
    3   51        -1.47935       -0.946657      -0.0719965
    3   52         1.14273       -0.752335        -0.91803
    3   53        0.985091        0.364232        -1.25901
    3   54       -0.796553         1.41882      -0.0578322
    3   55        0.546233        0.855513        -1.40048
    3   56         0.83626        0.760173        -1.18965
    3   57       -0.439071         1.50569        -0.31527
    3   58         1.45996       -0.528805       -0.602459
    3   59         1.01155         1.41215       -0.254687
    3   60        0.440614        -1.36954       -0.875229
    3   61         1.59679       -0.334962      -0.0526031
    3   62       0.0785001         1.50362        0.769862
    3   63        -1.45002       0.0894139        0.941104
    3   64         1.40895        0.687689       -0.893485
    3   65       0.0343442         1.73806       0.0583967
    3   66       -0.451999       -0.318096          1.5104
    3   67       -0.860732         1.13776        0.900254
    3   68      -0.0568273        0.728005        -1.45087
    3   69        -0.61683         1.56085        0.346415
    3   70        -1.35583        -0.26668        0.830445
    3   71       -0.748379         1.60216       -0.362376
    3   72         1.16043        0.855844        0.774839
    3   73         1.05472        -1.05299        0.739584
    3   74        -1.33764        -0.53728        0.657923
    3   75        -1.28185        0.656623         1.09293
    3   76        -1.12107        -1.11407        0.482117
    3   77       0.0713455        0.330156         1.68989
    3   78        -1.48009        -0.42739      -0.0776643
    3   79       0.0609469        -1.68423        0.785606
    3   80        0.574348        0.831669         1.26082
    3   81       -0.186479         1.85551       0.0804849
    3   82        -1.32098       -0.836866        0.176235
    3   83         -1.0434        0.408325        -1.40553
    3   84        0.318438         -1.5917       -0.531611
    3   85        0.995054        0.517152        -1.44539
    3   86         1.12218       -0.901156        0.910869
    3   87        0.677108        0.980552         1.36208
    3   88       -0.194129        -1.56273       -0.407497
    3   89       -0.110232       0.0483288        -1.73127
    3   90       -0.509744        -1.15008         1.12794
    3   91        0.166153        0.288035         1.53595
    3   92       -0.145005        -1.48217        0.694701
    3   93        -1.33485         -0.7555        -0.36448
    3   94        -1.34621        0.863024       -0.261059
    3   95         0.83073         1.55482        0.220832
    3   96        -1.20495        -1.07245       -0.302184
    3   97        0.449661       -0.879464         1.35285
    3   98          1.1421        -1.14669        -0.46839
    3   99        -1.07536         1.47179        0.120988
    3  100         1.40769         0.82555        0.546799
    3  101         1.01088        -1.10812       -0.715777
    3  102        0.263218        -1.39476         1.10362
    3  103         1.04416        0.357686         1.41132
    3  104        0.613203       -0.654584         1.28631
    3  105        -1.32578       0.0392382        0.871059
    3  106        -1.56301        0.412871        0.549294
    3  107       -0.874826        -1.38306       -0.560271
    3  108         -1.0558        -1.13984         0.25073
    3  109        0.653427        -1.65267       -0.284427
    3  110        0.271456        -1.03581         1.23362
    3  111        -1.35764        -1.16829      -0.0303375
    3  112        0.823314       0.0230136         1.55209
    3  113        -1.53186        0.117718        0.886839
    3  114         -1.4497        0.345199        0.268463
    3  115       -0.706303        -1.49702        0.343642
    3  116        -1.47539        0.455722        0.359154
    3  117       -0.269247        0.794908         1.38135
    3  118         1.22279         1.08254       -0.264395
    3  119          1.2508         -1.0055       -0.223169
    3  120       -0.578336        -1.31771       -0.961225
    3  121        -1.43682        0.340669       -0.538622
    3  122        -1.07117        0.792801        -1.02351
    3  123        0.633235         1.63706       -0.570932
    3  124        -1.12865         1.05404       -0.547172
    3  125        0.868487         1.44382        0.104729
    3  126         1.02276        0.271026         1.34659
    3  127        0.789171          1.5734        0.310331
    4    0       -0.191007       -0.927551        -1.38831
    4    1        0.861417        -1.20577       -0.601434
    4    2        0.931321       -0.044952         1.27545
    4    3        0.637164        -1.70949        0.174577
    4    4        0.632724         -1.3336        0.904391
    4    5        -1.20366        -1.30641       0.0343714
    4    6       -0.518692        -1.00709        -1.27103
    4    7        -1.20494        -1.00385        0.633699
    4    8        -0.52609        -1.03619        -1.31688
    4    9        -1.05575        0.869985       -0.808777
    4   10        -1.17543       -0.840556         0.98445
    4   11         1.41156        0.800153       -0.329159
    4   12      0.00294559       -0.852333         1.40042
    4   13       -0.296721        0.881202         1.40713
    4   14       -0.600661        0.130996        -1.50697
    4   15        0.057128        -1.44045       -0.865004
    4   16       -0.935377        0.198062        -1.27254
    4   17       -0.774601         1.54334       -0.360052
    4   18        0.696889        0.350646         1.24103
    4   19         1.01895        0.983832        -0.80679
    4   20        0.993145       -0.301382        -1.32362
    4   21       -0.640493        0.510684        -1.43147
    4   22        0.165133       -0.712437         1.56987
    4   23         1.38934       -0.363065         1.14252
    4   24        0.899992        0.598729        -1.33345
    4   25        -1.05463        0.423209        -1.09074
    4   26        0.286442        -1.09932         1.14581
    4   27         -1.1283        -1.12448        0.830727
    4   28        -1.39938        0.666251       -0.316242
    4   29       -0.438824          1.5798        -0.11725
    4   30        -1.23454       -0.125526        -1.21422
    4   31        0.983598        0.601276         -1.3513
    4   32        -1.44366        -1.11502       -0.170744
    4   33        -1.68834        0.609679        0.525016
    4   34        0.649291       -0.595382        -1.33147
    4   35         -1.7404       0.0383654       -0.400618
    4   36       -0.480262       -0.231903         1.39789
    4   37        -1.47927        0.896192      -0.0484233
    4   38         1.68643       -0.036609       0.0663188
    4   39        0.993159        -1.28696       -0.706449
    4   40         1.47053       0.0062506        -1.02572
    4   41        -1.16698        0.225511         1.04875
    4   42        0.279322        -1.22713         1.22061
    4   43        0.944046        0.681382         1.15536
    4   44      -0.0442811        0.893506         1.33316
    4   45        -1.60262        0.290185        0.318896
    4   46         1.26033        0.262211       -0.968088
    4   47         1.02462         1.40554        0.462946
    4   48      0.00962892        -1.35067        0.983833
    4   49        -0.91915        0.309144         1.45276
    4   50        0.122933        -1.10971          -1.209
    4   51        -1.57563       -0.900712       -0.200479
    4   52         1.21405       -0.803262       -0.968339
    4   53         1.00454        0.383666        -1.23649
    4   54       -0.765469         1.44277      -0.0919448
    4   55        0.589979        0.910671        -1.31985
    4   56        0.796091        0.683219        -1.18145
    4   57       -0.444645         1.56228       -0.364938
    4   58         1.43575       -0.523503       -0.566824
    4   59         1.02436         1.40761       -0.292259
    4   60        0.478133        -1.32995        -0.85236
    4   61         1.59936       -0.331726     1.52322e-05
    4   62        0.126054         1.52192        0.766452
    4   63        -1.44799        0.165645          0.9893
    4   64          1.3811        0.722405       -0.875609
    4   65      0.00121599         1.77807      0.00403841
    4   66       -0.463679       -0.340543         1.51444
    4   67       -0.840789         1.13872        0.872427
    4   68       -0.078873        0.675743        -1.44161
    4   69       -0.586333          1.5231        0.341383
    4   70        -1.37137        -0.30531        0.823235
    4   71       -0.769899         1.62983       -0.407399
    4   72         1.19802        0.912209        0.685401
    4   73          1.1071        -1.00556        0.710997
    4   74        -1.26254       -0.554323        0.688598
    4   75        -1.32438         0.68037         1.06712
    4   76        -1.14779        -1.07227        0.520795
    4   77       0.0503722        0.261584         1.65916
    4   78        -1.43375       -0.447555      -0.0519681
    4   79        0.057975        -1.66865        0.707503
    4   80        0.544334        0.794932         1.28025
    4   81        -0.18071         1.84681       0.0298454
    4   82        -1.37044       -0.811339          0.1025
    4   83        -1.01584        0.390138        -1.33184
    4   84        0.321565        -1.55589       -0.497616
    4   85        0.948138        0.631457        -1.45034
    4   86         1.16492       -0.877682        0.840864
    4   87        0.643144        0.980554         1.33572
    4   88       -0.202897        -1.54903       -0.368316
    4   89      -0.0800846       0.0504591        -1.73589
    4   90       -0.522481        -1.20247         1.03758
    4   91        0.155597        0.270074         1.55792
    4   92       -0.209342        -1.42895        0.676169
    4   93        -1.32475       -0.758957       -0.384443
    4   94        -1.28089        0.915795       -0.284775
    4   95        0.826019         1.56756        0.241098
    4   96        -1.23485        -1.06873       -0.338677
    4   97        0.428324       -0.915026         1.23617
    4   98         1.13584        -1.17575       -0.370006
    4   99        -1.05038         1.45606        0.103951
    4  100         1.39286        0.764358         0.48791
    4  101        0.927737         -1.1066       -0.804805
    4  102        0.257543         -1.3433         1.10645
    4  103         1.04281        0.357912         1.40814
    4  104        0.658231       -0.646884         1.31626
    4  105        -1.35925       0.0721305        0.929321
    4  106        -1.59542        0.426991        0.531156
    4  107       -0.825454        -1.35506       -0.563413
    4  108        -1.09518        -1.16546         0.24691
    4  109        0.700843        -1.68064       -0.257265
    4  110         0.21612        -1.01319          1.2771
    4  111        -1.33981        -1.17288      -0.0364041
    4  112        0.809021      0.00263587         1.53468
    4  113        -1.55624        0.181888        0.899306
    4  114        -1.43846         0.33341         0.24279
    4  115       -0.699506        -1.50795        0.276255
    4  116        -1.43134        0.559903        0.419855
    4  117        -0.27191        0.759196         1.35131
    4  118         1.21093           1.071       -0.253348
    4  119          1.2466       -0.973502       -0.203738
    4  120       -0.699604        -1.23967       -0.894474
    4  121        -1.43935        0.320838       -0.490595
    4  122        -1.02742        0.832957        -1.07091
    4  123        0.751064         1.56087       -0.526303
    4  124        -1.13742         0.95841       -0.576411
    4  125         0.86066         1.39338       0.0606385
    4  126         1.02199        0.246117         1.38558
    4  127        0.748002         1.58125         0.25019
