# cohbond dipole 
# frame_index bond_index dipole_x dipole_y dipole_z 
#UNITCELL[Ang] 19.4788 0 0 0 19.4788 0 0 0 19.4788
#TEMPERATURE[K] 298
#TIMESTEP[fs] 2.5
    0    0        -2.36927         -2.4972       -0.610517
    0    1         3.29985       -0.995059        -2.02266
    0    2       0.0285284        -1.80633         3.82728
    0    3        -1.13151        -3.86339        0.492186
    0    4         3.04214       -0.617543        0.571011
    0    5       -0.967005        -3.83923        -1.02844
    0    6        0.798136       -0.949373        -3.77276
    0    7        -3.88363       -0.100727        0.788609
    0    8        -2.55667         -2.8965        -0.92641
    0    9         -1.7313          3.4867       -0.292442
    0   10        0.223818        -2.50948         3.03577
    0   11         1.70036         2.02729         -2.7511
    0   12         1.72956        -2.80249         1.44797
    0   13       -0.471288         3.12747        0.846451
    0   14        -3.13063        -1.62051        -2.05599
    0   15         1.47327        -3.11839       -0.273443
    0   16        -2.24384        -2.19606         -2.8498
    0   17         1.45985         3.82667       -0.146226
    0   18         1.49264         2.85282         0.88765
    0   19         3.41605         1.84492       -0.304583
    0   20        0.094399        -2.14395        -2.97225
    0   21        -2.84855         1.72733        -1.23577
    0   22        -2.19603        -3.07646         1.67613
    0   23           4.045        0.893106        0.126194
    0   24         3.52999         1.23574       -0.728599
    0   25       -0.901164         2.53869        -1.61523
    0   26         2.84981        -1.67994         2.08269
    0   27      -0.0288644        -3.31333         1.61644
    0   28        -3.24848       -0.973371       -0.789778
    0   29        -2.24133         2.79871        -2.48215
    0   30       -0.364052        -1.54939        -3.94293
    0   31         3.55574         1.40517       -0.701788
    0   32       -0.438014        -3.81277       -0.734704
    0   33        -3.21704         1.33387        -1.26677
    0   34         3.81526        0.257337        -2.09903
    0   35        -2.73779        -2.35155       -0.619539
    0   36        0.837306        -1.90168         2.78431
    0   37        -2.73651         2.04872        -2.27874
    0   38         2.58186        -1.76168          1.8947
    0   39       0.0334999        -2.55295        -2.40283
    0   40         1.68261         2.01244        -2.31898
    0   41        -3.50382       -0.185468        0.460838
    0   42        -1.42784        -3.27805        0.120074
    0   43       0.0410013         1.42834         3.74465
    0   44         1.66936        0.320399          3.1102
    0   45        -2.20018         2.91653         1.39024
    0   46         0.94599       -0.346344         -3.8398
    0   47         3.82085         1.09546       -0.603567
    0   48         1.03003        -3.47745      -0.0172692
    0   49        -3.43629         -1.0387         1.29832
    0   50        -2.16955        -2.15619        -1.71503
    0   51        -2.32714         -2.4036         1.85435
    0   52        0.885582        -3.72192       -0.487482
    0   53         2.70425         2.28218       -0.975832
    0   54        -2.75626         1.61391           1.439
    0   55        -1.24662         2.43223        -3.14839
    0   56        -0.46395         1.69606        -3.04621
    0   57        -1.16959         3.24291         2.22149
    0   58         1.32489        -3.30373        -1.89092
    0   59          3.8301        0.680881       -0.180955
    0   60         -1.5904        -3.38799        -1.03512
    0   61          3.1315       -0.447372        -2.21028
    0   62       -0.365952          1.4156         3.33727
    0   63        -3.50433        -1.55562        0.500585
    0   64         3.01783        -1.57291        -2.28096
    0   65        0.634111         2.81056         2.53774
    0   66        -3.39358        0.431217         2.20166
    0   67       -0.580708         3.28519       -0.603004
    0   68        -1.58379         -1.2198        -3.32624
    0   69         1.44295         3.78826        0.160725
    0   70       -0.976017        -2.48546         2.75328
    0   71       -0.566962         3.47439         1.71155
    0   72         2.70872         1.65244       -0.925643
    0   73        0.787816        -1.00696          3.4894
    0   74        -1.10069        -1.46289         2.92264
    0   75       -0.947291         3.33306         1.92713
    0   76        -1.25843        -1.52389         3.43686
    0   77         1.89621         2.09462         2.70721
    0   78        -3.25945         1.71349       -0.609118
    0   79        0.140807        -3.56606        -1.29744
    0   80        -1.32584         2.46791          2.4031
    0   81        -2.09447         2.72346        -1.30064
    0   82        -1.74975        -2.34491         2.85481
    0   83        0.581006       0.0666759        -3.54347
    0   84           2.229        -1.59762        -2.98533
    0   85         1.84629         2.78036        -1.96322
    0   86        0.990943        -3.66498        0.787177
    0   87         2.03179        -0.41542         3.56652
    0   88        -1.92836        -2.39626        -2.40808
    0   89         1.90309        0.627385        -2.96382
    0   90        -2.87272      -0.0183893          3.0438
    0   91         2.67974         1.70109         1.85678
    0   92         1.23109        -3.04829         1.11398
    0   93        -2.88562       -0.789562         1.68598
    0   94       -0.911359         3.05027        -1.56264
    0   95        0.413774         2.65296         2.64242
    0   96        -1.70592        -1.57664        -2.64277
    0   97       -0.625922        -3.45955         1.43924
    0   98         2.40021         -1.7822         1.47172
    0   99        -3.46304         1.27685         1.73732
    0  100          3.1082         1.09154        -1.55839
    0  101         3.30539         -2.4365        0.780969
    0  102         2.60777        -2.85032        0.848438
    0  103         1.68085         3.37536         1.70579
    0  104       -0.375874        -2.96874         1.89038
    0  105         -1.0106        -1.36418         3.05186
    0  106        -2.03122        -1.18846         2.89263
    0  107        0.430363        -2.93957        -1.83773
    0  108       -0.226356        -3.41068          1.6243
    0  109         -1.0687        -2.78857        -2.22175
    0  110        -1.71843        -2.12695         2.20394
    0  111        -2.42884        -1.45463        -2.64498
    0  112         3.12403        -1.39999           1.675
    0  113        -2.16171        -1.85226         2.62986
    0  114        -2.70407        -2.15782         0.51678
    0  115        0.105578        -3.03121        -1.89013
    0  116        -3.62674       -0.407389        -1.10538
    0  117        -1.28146         3.08879         1.53194
    0  118         1.27686         2.96494         2.03589
    0  119         3.45929        -0.77996        0.887813
    0  120        -2.75491         -1.4796       -0.448009
    0  121        -2.27637        0.455719        -3.41602
    0  122        -1.15891         3.72231       -0.498475
    0  123          2.9464         2.56055       -0.470698
    0  124         -3.2399        0.176508        -1.32187
    0  125         2.45116         1.81766         -2.3326
    0  126         1.96097        -1.94814         1.63085
    0  127         1.98519         1.99854          3.1752
    1    0        -2.47897        -2.55421        -0.66557
    1    1         3.35262        -1.07349        -2.08654
    1    2      -0.0578581         -1.8394         3.78043
    1    3         -1.0707        -3.92454        0.430411
    1    4         3.07376       -0.638247        0.474296
    1    5        -1.09738        -3.96534        -1.21469
    1    6        0.923476       -0.944991        -3.98325
    1    7        -3.83364       -0.201823        0.783062
    1    8        -2.58146        -2.99696        -1.05363
    1    9        -1.76643         3.47145       -0.184552
    1   10        0.220897        -2.58172         3.02392
    1   11         1.77435         1.93693        -2.72305
    1   12         1.70333         -2.7089         1.30668
    1   13       -0.536255         3.18846        0.971703
    1   14        -3.02426        -1.56218        -2.00814
    1   15         1.47492        -3.13703       -0.144117
    1   16         -1.9933        -2.07669         -2.8547
    1   17         1.39702         3.91997       -0.280886
    1   18         1.54614         2.63616        0.985662
    1   19         3.51377         1.76697       -0.137931
    1   20        0.151588         -2.2845        -2.90113
    1   21        -2.91915         1.64063        -1.22484
    1   22        -2.14026        -3.08386         1.45696
    1   23         3.95714        0.823498        0.272648
    1   24         3.52831         1.28249       -0.867352
    1   25       -0.770772          2.6677        -1.43325
    1   26         2.89234        -1.66884         2.00763
    1   27       -0.180956        -3.45087         1.51623
    1   28        -3.20102       -0.942611       -0.890117
    1   29        -2.11018         2.90766        -2.38657
    1   30       -0.265668        -1.49374        -4.00243
    1   31         3.62201         1.39613       -0.764993
    1   32       -0.493886        -3.84797         -0.6802
    1   33        -3.40513         1.38928        -1.32727
    1   34         3.54947      -0.0266269        -2.15966
    1   35        -2.74581        -2.35662        -0.50748
    1   36         0.94105        -1.94852         2.70764
    1   37        -2.68535         1.90018        -2.28908
    1   38         2.73069        -1.65806         1.84395
    1   39      -0.0263845        -2.57939        -2.37569
    1   40         1.83917         1.96194        -2.43593
    1   41        -3.57853      -0.0235378        0.408919
    1   42         -1.3192        -3.44503        0.167883
    1   43       0.0420142         1.34376         3.57666
    1   44         1.57805        0.267878         3.08735
    1   45        -2.21092          2.8924           1.329
    1   46        0.780345       -0.393399        -3.79717
    1   47          3.7361         1.07214       -0.674213
    1   48         1.01091        -3.49893       0.0876687
    1   49        -3.45527        -1.02189         1.41569
    1   50        -2.21537        -2.25047        -1.61374
    1   51        -2.26695        -2.41851         2.06847
    1   52        0.767549        -3.67272       -0.492136
    1   53         2.70029         2.47572        -1.02143
    1   54        -2.81423          1.6584         1.39315
    1   55        -1.27981         2.38468        -3.34803
    1   56       -0.528705         1.74934        -2.99204
    1   57        -1.14491         3.22628         2.15879
    1   58         1.27627        -3.09226        -2.11024
    1   59         3.86451         0.68889      -0.0795029
    1   60        -1.48569        -3.45934        -1.03581
    1   61         3.15598       -0.437239        -2.35246
    1   62       -0.341085         1.47752         3.42934
    1   63        -3.50371         -1.5971        0.491264
    1   64         3.02036        -1.55338        -2.22336
    1   65         0.62639         2.80516         2.57258
    1   66        -3.24082        0.387671         2.26429
    1   67       -0.483266         3.23344        -0.74329
    1   68        -1.61199        -1.33392        -3.27137
    1   69         1.38065          3.6656        0.240508
    1   70        -1.00214        -2.35938          2.6169
    1   71        -0.54796         3.47918         1.75958
    1   72         2.72061         1.76279       -0.795191
    1   73        0.644778        -1.02619         3.46769
    1   74       -0.983098        -1.54803         2.92864
    1   75       -0.848941          3.2847         2.08224
    1   76        -1.18531         -1.4684         3.39228
    1   77         1.93402         2.24908         2.77916
    1   78        -3.26039         1.72717       -0.691296
    1   79       0.0976997        -3.51134        -1.26883
    1   80         -1.4791         2.47826         2.45583
    1   81         -2.0885         2.72564        -1.33385
    1   82         -1.7741         -2.2706         2.81518
    1   83        0.559913       0.0873725          -3.414
    1   84         1.99965        -1.55207        -2.90981
    1   85         1.96587         2.74612        -1.95851
    1   86        0.987741        -3.61007        0.842909
    1   87         2.02533       -0.186464         3.65573
    1   88        -1.97161        -2.34893        -2.64663
    1   89         1.86942        0.551453        -3.07691
    1   90        -2.78545      -0.0812759         3.12901
    1   91         2.59633          1.7105         1.74959
    1   92         1.24387        -3.23891         1.05011
    1   93        -2.95329       -0.724331         1.64333
    1   94       -0.972714         3.04662        -1.48723
    1   95        0.429455         2.63438         2.73053
    1   96        -1.78859        -1.44787        -2.74232
    1   97       -0.603303        -3.45566         1.30806
    1   98         2.49223        -1.75548         1.36935
    1   99        -3.31677         1.29727         1.86501
    1  100         3.24544         1.08498        -1.44798
    1  101          3.4308        -2.37779        0.589068
    1  102         2.65057        -2.81525        0.793524
    1  103         1.68204         3.25578         1.69381
    1  104       -0.345141         -2.9318         2.07024
    1  105        -1.11724        -1.39489          3.0066
    1  106        -2.05297        -1.14569          2.9155
    1  107        0.360885        -3.07093        -1.90571
    1  108       0.0619116        -3.42526         1.58858
    1  109       -0.990765        -2.93942        -2.12762
    1  110        -1.64781        -2.02641         2.39731
    1  111        -2.49673        -1.25982        -2.68966
    1  112         3.10837         -1.5347         1.65388
    1  113        -2.07823        -1.82012          2.7324
    1  114        -2.64689        -2.16706        0.609659
    1  115       0.0715246        -3.15674        -1.89428
    1  116        -3.53172       -0.412713        -1.07418
    1  117        -1.38898         3.11901         1.53894
    1  118         1.19654         2.74134         2.15857
    1  119         3.41101         -0.7691        0.944785
    1  120        -2.81546        -1.46093       -0.475267
    1  121        -2.30311        0.375456        -3.36002
    1  122         -1.1691         3.62901       -0.455441
    1  123          3.0432         2.46599       -0.488814
    1  124        -3.19479       0.0443011        -1.25222
    1  125         2.33555         1.79699        -2.35435
    1  126         1.85951        -1.98847         1.68293
    1  127         1.94084         2.04313         3.13807
    2    0        -2.57577        -2.55499       -0.821789
    2    1         3.38054        -1.08157         -2.0053
    2    2       -0.252237        -1.94015         3.55114
    2    3         -1.1872        -3.85745        0.470277
    2    4         3.06542       -0.809651        0.541053
    2    5        -1.20933        -3.96997        -1.33069
    2    6        0.886936       -0.977321        -4.00655
    2    7        -3.77683       -0.121829        0.661113
    2    8        -2.68677        -3.16418        -1.05887
    2    9          -1.795         3.35533      -0.0214983
    2   10       0.0574067        -2.50747         2.99103
    2   11         1.86887         1.84113        -2.66635
    2   12         1.68474        -2.65217         1.22128
    2   13       -0.617883         3.28911        0.926649
    2   14        -2.91652        -1.58477        -1.88098
    2   15         1.45441         -3.1979      -0.0607984
    2   16        -1.74732        -2.08431        -2.80103
    2   17          1.0822         3.87022       -0.359279
    2   18         1.62074         2.57815         1.09573
    2   19         3.55272         1.77756       0.0392577
    2   20        0.299588        -2.32709        -2.83205
    2   21        -2.88993         1.55744        -1.31876
    2   22        -2.09828        -3.12357         1.39483
    2   23         3.77123        0.997698        0.132153
    2   24          3.5391         1.27918       -0.825013
    2   25       -0.960774         2.68007        -1.48499
    2   26         2.80247         -1.5484         1.97589
    2   27       -0.173843        -3.52558         1.34923
    2   28        -3.29445       -0.861996       -0.975416
    2   29        -1.92562         2.95774        -2.47539
    2   30       -0.341996        -1.42809        -4.01348
    2   31         3.63511         1.36011       -0.806638
    2   32       -0.505895        -3.84155       -0.628601
    2   33        -3.60974          1.5016        -1.10211
    2   34         3.52407       -0.100262         -1.9636
    2   35        -2.83829        -2.34385        -0.44739
    2   36        0.961389        -1.98057         2.69557
    2   37        -2.62471         1.83244         -2.3359
    2   38         2.81393        -1.54237         1.86616
    2   39      -0.0734442        -2.57343         -2.4152
    2   40         1.85761         2.01786        -2.51963
    2   41        -3.64233        0.197874        0.436018
    2   42         -1.1734        -3.50275         0.15451
    2   43        0.122752         1.28357         3.53873
    2   44          1.6018        0.118836         2.97461
    2   45        -2.02969          2.9937         1.28791
    2   46        0.629924        -0.50428        -3.75423
    2   47         3.59936        0.982093       -0.731849
    2   48         1.17931        -3.53044       0.0543639
    2   49        -3.47263        -1.09261         1.34758
    2   50        -2.04872         -2.3748        -1.63149
    2   51         -2.1723        -2.38964         2.17166
    2   52        0.727306        -3.57908       -0.509386
    2   53         2.62698         2.51926         -1.1847
    2   54        -2.89804           1.577         1.42788
    2   55        -1.22581         2.30847        -3.47752
    2   56       -0.551378          1.7368        -2.91355
    2   57        -1.15042         3.07722         2.15333
    2   58           1.279        -3.01427        -2.31584
    2   59         3.83557        0.737826       0.0872939
    2   60         -1.5274        -3.41341       -0.886102
    2   61         3.14903       -0.410584        -2.47814
    2   62       -0.264056          1.5649         3.46567
    2   63        -3.40068        -1.51236        0.446229
    2   64         2.98446        -1.46428        -2.15785
    2   65         0.70804         2.66854         2.60453
    2   66        -3.12426        0.418737         2.30437
    2   67       -0.522247         3.17208       -0.757377
    2   68        -1.63979        -1.19924        -3.15008
    2   69          1.4609          3.5727        0.294541
    2   70        -1.01225        -2.31397         2.50825
    2   71       -0.525401         3.40235         1.83076
    2   72         2.75616         1.87998       -0.708531
    2   73        0.661574        -1.06129         3.42399
    2   74        -1.02757         -1.6963         2.97378
    2   75       -0.676715         3.18745         2.17668
    2   76        -1.08623        -1.49333          3.3218
    2   77         1.94629         2.31887         2.74492
    2   78        -3.22307         1.83311       -0.700378
    2   79       0.0143151        -3.55022        -1.22142
    2   80        -1.47288         2.45216         2.51828
    2   81        -2.08182         2.81889        -1.37195
    2   82        -1.85039        -2.14853         2.75091
    2   83        0.627143         0.02753        -3.23115
    2   84         1.83159        -1.50612        -2.82998
    2   85          1.9157         2.82929        -2.00817
    2   86        0.904978        -3.59844        0.777522
    2   87         1.96065       -0.289905         3.73884
    2   88        -1.94006        -2.41079        -2.71696
    2   89          1.8146        0.488016        -3.26431
    2   90        -2.58949      -0.0686406         3.15678
    2   91         2.45787         1.69032         1.77203
    2   92          1.2763         -3.3545         1.03873
    2   93        -2.94366       -0.645596         1.62935
    2   94       -0.825623         3.07041        -1.51021
    2   95        0.519108         2.59131         2.67751
    2   96        -1.95682        -1.46005        -2.80958
    2   97       -0.521535        -3.38894         1.31608
    2   98         2.77995         -1.7736         1.16938
    2   99        -3.19453         1.33603         1.89576
    2  100         3.37732         1.08704        -1.39665
    2  101         3.47152        -2.25833        0.519665
    2  102         2.66187        -2.81344        0.773625
    2  103         1.67137         3.21052         1.60072
    2  104        -0.28355        -2.94451         2.11399
    2  105        -1.01623        -1.51954         3.09765
    2  106         -2.1392        -1.06944         2.85848
    2  107        0.241032        -3.12526         -1.8983
    2  108        0.182688        -3.45475         1.56263
    2  109       -0.894758        -3.09354        -2.17398
    2  110        -1.63302        -1.81704         2.52056
    2  111        -2.60854        -1.23504        -2.65694
    2  112         3.09057        -1.65211         1.62542
    2  113        -2.15378        -1.73858         2.65131
    2  114        -2.61992        -2.03929        0.653582
    2  115      -0.0465301        -3.36155        -1.80777
    2  116        -3.40623       -0.431117        -1.00573
    2  117        -1.45737         3.07874          1.5207
    2  118          1.3155         2.60461         2.15443
    2  119         3.34275       -0.709711         1.02177
    2  120        -2.89033        -1.48221       -0.486145
    2  121        -2.32371        0.356732        -3.30599
    2  122        -1.24043         3.51006       -0.443356
    2  123          3.1653         2.39978       -0.431501
    2  124        -3.30729       0.0887509        -1.22886
    2  125         2.26492         1.71089        -2.34013
    2  126         1.91049        -2.00049         1.84162
    2  127         1.84433         2.12686         2.99392
    3    0        -2.63558        -2.54127       -0.860914
    3    1         3.44043        -1.03687        -1.95482
    3    2       -0.262611        -1.80338         3.42387
    3    3        -1.24728        -3.83866        0.644501
    3    4         3.07312        -1.01003        0.566726
    3    5        -1.23068        -3.82502        -1.44815
    3    6        0.763488        -1.04375        -3.94988
    3    7        -3.75114      -0.0663298        0.580929
    3    8        -2.66731        -3.23768        -1.05835
    3    9        -1.84884          3.1583        0.119524
    3   10       0.0265713        -2.40713         2.92711
    3   11         1.86234         1.73883        -2.64331
    3   12         1.59274        -2.60856          1.2561
    3   13       -0.694805         3.33296        0.938143
    3   14        -2.89748        -1.63466        -1.87831
    3   15         1.36033        -3.35563       -0.115163
    3   16        -1.59303         -2.1053        -2.92912
    3   17         1.17465         3.77182       -0.529083
    3   18         1.56554         2.70591        0.802288
    3   19         3.43861         1.84911       0.0462085
    3   20        0.307221        -2.44846        -2.76691
    3   21         -2.8927         1.51725        -1.33858
    3   22        -1.93147         -3.0147         1.31682
    3   23         3.76799          1.1264        0.070513
    3   24         3.54437         1.18953       -0.767847
    3   25        -1.20144         2.69166        -1.69623
    3   26         2.73831        -1.43446         2.09517
    3   27       -0.141673        -3.53597         1.24991
    3   28        -3.35253        -0.78278        -1.04772
    3   29        -1.88047         2.82767        -2.80221
    3   30       -0.300016        -1.25156        -3.83223
    3   31         3.66247         1.27414       -0.826255
    3   32       -0.481278         -3.8573       -0.567868
    3   33        -3.78785         1.63845       -0.934206
    3   34         3.56445      -0.0785784        -1.75039
    3   35        -2.98952        -2.37932       -0.394796
    3   36        0.950571        -1.92506         2.70194
    3   37         -2.6746         1.84897        -2.40876
    3   38         2.74866        -1.43034          2.0253
    3   39      -0.0789384        -2.53357        -2.45445
    3   40         1.87299         2.02848        -2.59926
    3   41        -3.66832        0.305432        0.466201
    3   42        -1.04976        -3.43904       0.0886679
    3   43        -0.09261         1.27532         3.58649
    3   44         1.57251        0.122565         2.93301
    3   45        -1.96287         3.03195          1.2729
    3   46          0.7734       -0.492285        -3.62152
    3   47         3.52249        0.965956       -0.723585
    3   48         1.22293        -3.57954       0.0349688
    3   49        -3.51685        -1.08643         1.32869
    3   50        -1.98806        -2.50066         -1.6168
    3   51        -2.14357        -2.30818         2.00722
    3   52        0.804303        -3.63309       -0.631118
    3   53         2.52772         2.61284        -1.36004
    3   54        -2.95473         1.59705         1.32379
    3   55        -1.17887         2.19202        -3.51067
    3   56       -0.644315         1.62228        -3.01638
    3   57        -1.15908         2.89881         2.17971
    3   58         1.26749        -2.92409        -2.46857
    3   59         3.82813         0.75433        0.162399
    3   60        -1.51393         -3.3305        -0.72981
    3   61         3.23756       -0.376522        -2.39563
    3   62       -0.146832         1.65324         3.54421
    3   63        -3.35471        -1.40025        0.482737
    3   64         2.93486        -1.47303        -2.02159
    3   65        0.810407          2.5232         2.50155
    3   66        -3.18637        0.505548          2.2798
    3   67       -0.640212         3.15087       -0.708689
    3   68        -1.64491        -1.05191        -3.18173
    3   69          1.5327         3.54459        0.297085
    3   70       -0.934458        -2.30869         2.43888
    3   71       -0.535487         3.33234         1.83779
    3   72          2.7804         1.95772       -0.818519
    3   73        0.656189        -1.06171         3.41269
    3   74        -1.03961        -1.87412         2.98077
    3   75        -0.61192         3.04497         2.31096
    3   76       -0.995405        -1.49639         3.28556
    3   77         1.87349         2.23586         2.77564
    3   78        -3.17006          1.8087       -0.712973
    3   79      -0.0783387        -3.63339        -1.24027
    3   80        -1.34667         2.37878          2.5669
    3   81        -2.00409          2.8845        -1.39721
    3   82        -1.89322        -1.97908         2.77733
    3   83        0.686816       0.0239338        -3.07814
    3   84         1.77558        -1.38594        -2.84881
    3   85         1.97547         3.01371        -2.11858
    3   86         0.78838        -3.51751        0.747076
    3   87         1.84321       -0.376712         3.75317
    3   88        -1.79065        -2.50971        -2.65831
    3   89         1.84689         0.51448        -3.35183
    3   90        -2.41317        0.120138         3.04417
    3   91         2.41644          1.7357         1.82773
    3   92         1.32894        -3.38824        0.930386
    3   93        -2.95694        -0.58323         1.63165
    3   94       -0.666212         3.10801         -1.5679
    3   95        0.596002         2.58856         2.67625
    3   96        -1.95574        -1.46857        -2.84881
    3   97       -0.481692        -3.40367         1.30055
    3   98         2.95571        -1.75373         1.24301
    3   99        -3.09372          1.3751         1.87581
    3  100         3.47608         1.01509         -1.4493
    3  101         3.48481        -2.01425        0.648401
    3  102         2.57772        -2.84215        0.807584
    3  103         1.56427         3.31516         1.38649
    3  104       -0.258104        -2.95925         2.09098
    3  105       -0.955129        -1.69782          3.1454
    3  106         -2.1112         -1.0406         2.87068
    3  107        0.213083        -3.20963        -1.89177
    3  108       0.0406962         -3.4297         1.46816
    3  109       -0.888411        -3.16026         -2.1995
    3  110        -1.67275        -1.62878         2.65721
    3  111        -2.72881        -1.21162        -2.60363
    3  112         3.05548        -1.70125         1.65987
    3  113         -2.0749        -1.64711         2.69261
    3  114        -2.63513        -2.11852        0.734299
    3  115      -0.0465995         -3.5771        -1.76992
    3  116        -3.24187        -0.42749       -0.914331
    3  117        -1.48367         2.97039         1.56677
    3  118         1.56017         2.51193         2.10413
    3  119          3.2592       -0.755347         1.03687
    3  120        -3.03945        -1.49547       -0.679399
    3  121        -2.15428         0.38647        -3.27903
    3  122        -1.33406         3.46492       -0.415713
    3  123         3.25768         2.41913       -0.445988
    3  124         -3.3706        0.101636        -1.15706
    3  125         2.21016         1.75675        -2.39885
    3  126         2.02558        -1.91097         2.02926
    3  127         1.77826         2.07984         2.96727
    4    0        -2.63581        -2.52552       -0.682329
    4    1         3.38887       -0.990746        -1.93589
    4    2       -0.204954        -1.63347         3.47645
    4    3        -1.15131        -3.83332        0.674467
    4    4          3.1669        -1.06529        0.439947
    4    5        -1.11505        -3.68195         -1.5677
    4    6        0.747861       -0.983807        -3.77537
    4    7        -3.78065       -0.133154        0.534524
    4    8        -2.52926        -3.23195        -1.17712
    4    9        -1.84289         3.04993        0.329401
    4   10        0.217385        -2.31515         2.80764
    4   11         1.85554         1.65387        -2.75662
    4   12         1.58314        -2.67728         1.26366
    4   13       -0.797395         3.23594         1.05162
    4   14        -2.89913        -1.66831        -1.98695
    4   15         1.18141        -3.43776       -0.156263
    4   16        -1.53432        -1.97621         -3.0604
    4   17         1.23932         3.70188       -0.610836
    4   18         1.55892         2.78591        0.723889
    4   19         3.36738         1.81135       0.0809304
    4   20        0.303745        -2.62616        -2.68927
    4   21        -2.91599         1.54074        -1.18395
    4   22          -1.915        -2.90855         1.36704
    4   23         3.68301        0.978821        0.262669
    4   24         3.55628         1.09842       -0.846615
    4   25        -1.16956         2.88299        -1.69426
    4   26         2.70453        -1.26276         2.18556
    4   27       -0.201536        -3.50047         1.25785
    4   28        -3.31241       -0.770474        -1.10885
    4   29        -1.83971         2.75878        -2.84926
    4   30       -0.153899        -1.20431        -3.70945
    4   31         3.69235         1.16551       -0.799297
    4   32       -0.516264        -3.89524       -0.530169
    4   33        -3.80087         1.71028        -1.03846
    4   34         3.48005       -0.149458        -1.74283
    4   35        -3.12862        -2.40476       -0.301699
    4   36         1.00667        -1.91781         2.68103
    4   37        -2.61051         1.92201        -2.49657
    4   38         2.71074        -1.27059         2.10957
    4   39       -0.111899        -2.49472         -2.4394
    4   40         1.90402         1.91622         -2.6553
    4   41        -3.66984         0.28345        0.432138
    4   42       -0.858609        -3.34779       0.0187363
    4   43       -0.170657         1.27079         3.66891
    4   44         1.54727        0.196798         2.88027
    4   45        -2.12076         2.88087         1.26808
    4   46        0.873713       -0.484786        -3.67048
    4   47         3.52317         1.00009       -0.736592
    4   48         1.16482        -3.64132       0.0264985
    4   49        -3.53438       -0.959395         1.40158
    4   50        -2.09052        -2.52024        -1.51964
    4   51         -2.0427        -2.14549         1.97107
    4   52         1.00403        -3.80717       -0.757347
    4   53         2.38652         2.85484        -1.32937
    4   54        -2.95918         1.65788         1.16942
    4   55        -1.20235         2.11919        -3.48409
    4   56       -0.748333         1.51063         -3.0285
    4   57        -1.23559         2.89483          2.1307
    4   58         1.30734        -2.74735        -2.53078
    4   59         3.81596        0.738856        0.284659
    4   60        -1.35125        -3.28221       -0.683529
    4   61         3.28084       -0.316178        -2.27116
    4   62      -0.0458677         1.68704         3.54421
    4   63        -3.35972        -1.32746        0.422397
    4   64          2.9099        -1.57286        -1.95513
    4   65        0.922538         2.53985         2.43352
    4   66        -3.23098        0.531436         2.22917
    4   67       -0.717578         3.11168        -0.82175
    4   68        -1.73428        -1.03743        -3.15538
    4   69         1.44479         3.48549        0.378026
    4   70       -0.944042        -2.39013         2.33842
    4   71       -0.501656         3.30273         1.78674
    4   72         2.86133         2.07482       -0.824622
    4   73         0.64586        -1.00874          3.4198
    4   74        -1.03269        -1.99371         2.98084
    4   75       -0.620532          2.9057         2.48119
    4   76       -0.846248         -1.4309         3.31971
    4   77         1.80353         2.13367         2.72233
    4   78        -3.15566         1.68275       -0.655157
    4   79       -0.117199        -3.72292        -1.20748
    4   80        -1.40733         2.31251         2.62386
    4   81        -1.94599         2.90193         -1.4853
    4   82        -1.92737        -1.70036         2.83228
    4   83        0.631491       0.0874238        -3.11433
    4   84         1.75631        -1.36182        -2.84376
    4   85         1.90575         3.13505        -2.26856
    4   86        0.828311        -3.44733        0.747836
    4   87         1.63088       -0.242649         3.70802
    4   88        -1.66916         -2.4442        -2.62589
    4   89         1.88932        0.587236        -3.43722
    4   90        -2.23538        0.158015         2.98178
    4   91         2.44077         1.75982         1.72676
    4   92         1.27434        -3.28963        0.841119
    4   93        -2.99592        -0.56705         1.57272
    4   94       -0.710366         3.10731        -1.59421
    4   95          0.6109         2.59687         2.75657
    4   96        -2.02955        -1.43476        -2.88814
    4   97       -0.534013        -3.48153         1.16989
    4   98         3.03195        -1.77884         1.33588
    4   99        -3.02303         1.38091         1.93637
    4  100         3.46473        0.903167        -1.44045
    4  101          3.4008        -1.75174        0.687282
    4  102          2.5602        -2.81228        0.813144
    4  103         1.62468         3.28448          1.2436
    4  104       -0.191617        -2.92095         2.05953
    4  105        -1.08399        -1.62181         3.15328
    4  106         -2.0203        -1.07004         2.89332
    4  107        0.231336        -3.22693        -1.90232
    4  108       -0.128571        -3.52556         1.53884
    4  109       -0.841736        -3.13082        -2.17952
    4  110        -1.67892        -1.50073         2.75788
    4  111        -2.72256       -0.953676        -2.60508
    4  112         2.94393        -1.73486         1.68723
    4  113        -1.95684        -1.60734         2.77485
    4  114        -2.62648         -2.2739        0.864648
    4  115     0.000251394        -3.64241        -1.77299
    4  116        -3.08103       -0.439896       -0.920445
    4  117        -1.48049         2.86697         1.55394
    4  118         1.65055         2.38136         2.18481
    4  119         3.19315       -0.838956         1.11268
    4  120        -3.14294        -1.71913       -0.768101
    4  121         -1.9766        0.452539        -3.31982
    4  122        -1.43801         3.55807       -0.375892
    4  123         3.35273         2.42502        -0.42787
    4  124        -3.44702        0.076567        -1.17168
    4  125          2.1805          1.8739        -2.43924
    4  126         2.08593        -1.90095         2.09073
    4  127         1.78578         2.02731         2.96925
