# obond dipole 
# frame_index bond_index dipole_x dipole_y dipole_z 
#UNITCELL[Ang] 19.4788 0 0 0 19.4788 0 0 0 19.4788
#TEMPERATURE[K] 298
#TIMESTEP[fs] 2.5
    0    0         -2.2864        -2.07258        0.579907
    0    1         2.67016        0.548099        -1.62565
    0    2       -0.925492        -1.97116         2.31038
    0    3        -1.95063        -2.38163         0.14964
    0    4         2.83858        0.575664       -0.115533
    0    5        0.198135        -2.71592        -1.33346
    0    6         1.52723       0.0610381        -2.55875
    0    7        -2.71781        0.833106        0.138048
    0    8        -2.29911        -2.12297        0.348836
    0    9       -0.609288         2.68456        0.952408
    0   10         1.24849        -1.75355         2.00216
    0   11        0.219235         1.24444        -2.61114
    0   12         1.86667        -2.11494       0.0761297
    0   13      -0.0572758         2.78607       -0.532116
    0   14        -2.64483        -1.81826       -0.531687
    0   15         1.90089          -1.964         1.06512
    0   16        -1.15636        -2.52442        -1.65083
    0   17         1.83751         2.42492        0.113405
    0   18         1.03177         2.65616       -0.119126
    0   19         2.69706        0.664929        0.794843
    0   20       -0.971717        -2.13169        -1.97853
    0   21        -2.45672         1.40738         0.10593
    0   22        -2.16037        -2.33359        0.179204
    0   23         2.69115         1.21078        -1.05391
    0   24          2.8184        0.893506        0.570195
    0   25       0.0984285         2.76232       -0.700717
    0   26         2.70038       -0.472707         0.93467
    0   27         1.26273        -2.57216        0.770153
    0   28        -2.12771        -1.87995       -0.375973
    0   29        -1.79733         1.31327        -2.27734
    0   30        0.791512        -1.55073        -2.68459
    0   31         2.72482        0.984175        0.681966
    0   32         1.03491        -2.94855       -0.786927
    0   33        -1.99967        0.924073        -2.02923
    0   34         2.97368        0.618553        -0.69161
    0   35        -1.35789        -2.75233       -0.299235
    0   36         1.42355        -1.97063         1.43686
    0   37        -1.13941         1.22653        -2.77056
    0   38         1.05938        -1.67647         1.95368
    0   39        -1.29514        -1.45185         -1.9775
    0   40        0.214551         2.30816        -1.66048
    0   41         -2.7263       -0.328008       -0.718654
    0   42        -1.73048        -2.33601       -0.845274
    0   43        -1.05785        0.930744         2.68375
    0   44          1.8028        -0.74802         1.84679
    0   45       -0.687161         2.88539         1.05105
    0   46       -0.559777       -0.755466         -3.0751
    0   47         2.75018       -0.237443        -1.06769
    0   48          1.2034        -2.53506        -1.20657
    0   49        -2.96117         -1.6368       0.0540731
    0   50        -2.54564        -1.14025       -0.805313
    0   51       -0.753801        -1.55278          2.2619
    0   52       -0.270063         -3.1077        0.348186
    0   53         1.99661         2.24222        0.387107
    0   54        -2.22297        0.210622         1.80588
    0   55        -1.84467         1.58505        -1.99556
    0   56        -1.55739         1.06101        -2.03194
    0   57       -0.775515         1.67916         2.24833
    0   58      -0.0520537         -2.9137        -1.26699
    0   59         3.10899       -0.584726      -0.0441493
    0   60        -2.18779        -2.21495        -0.13473
    0   61         1.50844      -0.0449047        -2.67001
    0   62        -0.53755      -0.0247752         2.85383
    0   63        -2.09749        -1.70938       -0.574534
    0   64         1.71691        -2.25345        -1.37411
    0   65        0.593102         1.11475         2.52156
    0   66        -2.96039        0.572951        0.788635
    0   67        0.210119         2.43176        -1.49301
    0   68        -1.52923        -1.94787         -2.0157
    0   69         1.96078         2.25714        -0.39326
    0   70        0.263996        -2.28214         2.03446
    0   71        0.125703         1.94704         2.31071
    0   72         1.97786         1.10452        -1.83391
    0   73       -0.184478        0.165272         3.07729
    0   74        0.274339        -1.09125         2.73049
    0   75        0.328208         2.87018         0.73653
    0   76       -0.213656       -0.405576         2.91284
    0   77         2.03351         1.94464        0.948041
    0   78        -1.80065         2.44412       -0.511432
    0   79        0.135811        -2.09363        -2.44969
    0   80        -2.14399         1.78055         1.36186
    0   81        -2.15542         1.03043         -1.6253
    0   82       -0.398047        -1.62732         2.61204
    0   83         1.81703        -0.32886        -2.33729
    0   84         1.92164      -0.0803137        -2.36009
    0   85         1.04416         3.00598       -0.475504
    0   86      -0.0544353        -2.93668       -0.236596
    0   87         1.32522        -1.43955         2.32299
    0   88        -1.93263       -0.844121        -2.28084
    0   89         2.36825        0.733015         -1.5313
    0   90        -2.30845          0.9888         1.83915
    0   91         2.56123         1.58893        0.474846
    0   92         2.08328        -1.69152        0.393129
    0   93        -1.79239      -0.0843938         2.24927
    0   94        0.421724         2.42865        -1.42915
    0   95       -0.529232         1.36119         2.55103
    0   96       -0.800912       -0.422934         -2.9848
    0   97        -1.08304        -2.90147      -0.0722691
    0   98         1.74864       -0.777194         2.26517
    0   99        -2.50517       -0.150549         1.70809
    0  100         2.09743        0.454846        -2.44757
    0  101         2.31857        -1.32036         1.47386
    0  102         2.56179        -1.70115       -0.410664
    0  103        0.658192         2.96241        0.369578
    0  104        -1.01027        -2.48184        0.797496
    0  105        0.140278        -1.57878          2.4701
    0  106       -0.806274        -1.54168         2.40561
    0  107         1.56252        -1.83764        -1.72861
    0  108        0.998187        -2.49438          1.4928
    0  109        -1.83874        -1.62577        -2.05996
    0  110        -2.25366        -1.13358         1.11585
    0  111        -1.32801       -0.394521        -2.83937
    0  112         2.71563        -1.63133       0.0566989
    0  113       -0.749901        -2.17719         1.91541
    0  114        -1.46146        -2.55239        0.164427
    0  115        0.855168         -2.1536        -2.31772
    0  116        -2.03179       -0.780974        -1.65903
    0  117        -1.15598         2.53824       -0.112712
    0  118        0.178154         2.15283         2.28241
    0  119         2.33196        0.586609         1.36634
    0  120        -2.92639       -0.143409        0.654473
    0  121       -0.883172       -0.138636        -3.02784
    0  122     -0.00256026         3.06776        0.501854
    0  123         3.03764        0.806897        0.343553
    0  124        -2.54035        -1.23744       -0.892988
    0  125         1.80889        0.437009        -2.41864
    0  126         1.16489        -2.55583        0.601383
    0  127         1.25749          0.5281          2.8857
    1    0         -2.4017        -2.07511        0.513452
    1    1         2.62326        0.395395        -1.60741
    1    2       -0.943253         -2.0599         2.33061
    1    3        -1.95118        -2.36607       0.0886295
    1    4          2.8786        0.553674        -0.15744
    1    5       0.0405735        -2.61485        -1.33552
    1    6         1.41876       0.0274966        -2.57724
    1    7        -2.73739        0.870529       0.0949561
    1    8        -2.25039        -2.20011        0.312866
    1    9       -0.698709         2.62034        0.957715
    1   10         1.23858        -1.74956         1.99383
    1   11        0.293522         1.21189        -2.60755
    1   12         1.82553        -2.06267       0.0329898
    1   13       -0.147893          2.7734       -0.469241
    1   14         -2.6677          -1.852       -0.454348
    1   15         1.72995        -2.00294          1.0809
    1   16       -0.947651        -2.50687        -1.66696
    1   17         1.83421         2.46706        -0.01275
    1   18          1.0584         2.59271        -0.20675
    1   19         2.62267        0.740708        0.818698
    1   20       -0.900605        -2.26019         -1.8825
    1   21        -2.46053          1.3061       0.0504992
    1   22        -2.05728        -2.39711        0.120454
    1   23         2.73138         1.30262        -1.14465
    1   24           2.868        0.871242        0.564672
    1   25       0.0984595         2.76295       -0.700525
    1   26         2.69061       -0.503497        0.936646
    1   27         1.23351        -2.65619        0.608389
    1   28        -2.09278        -1.80415       -0.483259
    1   29        -1.69688         1.30614        -2.30012
    1   30        0.853526        -1.41949         -2.7334
    1   31         2.75157        0.910308        0.674311
    1   32          1.0904        -3.00326       -0.694572
    1   33        -2.01935        0.947158        -1.88882
    1   34         2.95178        0.548889       -0.570992
    1   35        -1.35828        -2.72533       -0.243776
    1   36         1.43286        -1.94521         1.44678
    1   37        -1.13572         1.06227        -2.73934
    1   38         1.16487         -1.6059         2.00372
    1   39        -1.36325        -1.47261        -1.92925
    1   40        0.278473         2.26871        -1.65861
    1   41        -2.76863       -0.109815       -0.741953
    1   42        -1.60572        -2.46416       -0.958592
    1   43        -1.14763        0.874143          2.6507
    1   44         1.74354       -0.775213         1.88155
    1   45       -0.664774         2.85658         1.01273
    1   46        -0.60159       -0.766962        -3.08323
    1   47         2.73534       -0.244322        -1.09965
    1   48         1.14302        -2.51108        -1.15966
    1   49        -2.92879        -1.55512        0.122295
    1   50        -2.52925        -1.25377       -0.633964
    1   51       -0.803863        -1.52152         2.24806
    1   52        -0.33312         -3.1098        0.325111
    1   53         1.91695         2.30063        0.206667
    1   54        -2.25055        0.231682         1.73174
    1   55        -1.77433         1.53324        -2.09642
    1   56         -1.6343         1.13209        -2.04061
    1   57       -0.750587         1.66506         2.33328
    1   58       -0.082919        -2.73815        -1.52347
    1   59         3.07457       -0.534123       0.0793106
    1   60         -2.1352        -2.24361      -0.0943881
    1   61         1.56962      -0.0931026        -2.57932
    1   62       -0.433514        0.032523         2.87868
    1   63         -2.0946        -1.70166        -0.47687
    1   64         1.75525        -2.28833         -1.3392
    1   65        0.621463         1.07301          2.5742
    1   66         -2.9192        0.652529        0.818613
    1   67        0.241114         2.43008        -1.55934
    1   68        -1.61175        -1.91114        -1.98009
    1   69         2.03876         2.19416       -0.302747
    1   70        0.296511        -2.28199         1.94029
    1   71        0.147474         1.93695         2.30906
    1   72         1.94609         1.21512         -1.9063
    1   73       -0.308369       0.0949152         3.01238
    1   74        0.332072        -1.20191         2.64832
    1   75        0.472453         2.85663        0.892562
    1   76       -0.167563       -0.338903         2.94258
    1   77         1.97346         1.96824         1.04704
    1   78         -1.8268         2.37715       -0.635404
    1   79       0.0755087        -2.07534        -2.42304
    1   80        -2.09096         1.72849         1.41335
    1   81         -2.1664         1.01086        -1.67127
    1   82       -0.476249        -1.51129         2.62535
    1   83         1.95915       -0.348722        -2.26846
    1   84         1.82764       0.0648286        -2.43625
    1   85         1.14223         2.87619       -0.439706
    1   86       -0.135517        -2.93214       -0.211089
    1   87         1.31828        -1.37999         2.40908
    1   88        -1.79938       -0.901782        -2.27327
    1   89         2.30436        0.668155        -1.57856
    1   90        -2.33068         1.03868          1.9051
    1   91         2.45396         1.62012        0.500031
    1   92         1.94235        -1.78632        0.289657
    1   93        -1.85828      -0.0235648         2.21644
    1   94        0.503368         2.46227         -1.4082
    1   95       -0.453813         1.30928         2.67982
    1   96       -0.878406       -0.327995        -2.91953
    1   97        -1.00378        -2.92346       -0.117717
    1   98         1.87261       -0.707043         2.19206
    1   99         -2.4529       -0.130655         1.83336
    1  100         2.22995        0.410592        -2.34933
    1  101         2.43056        -1.20393         1.36747
    1  102         2.57362        -1.62865       -0.376561
    1  103        0.617819         3.03735        0.266189
    1  104       -0.998467        -2.45446         0.91332
    1  105        0.179057        -1.67759         2.46706
    1  106       -0.771681        -1.52106          2.4453
    1  107         1.49331        -1.89355        -1.65684
    1  108         1.06144        -2.54329         1.34667
    1  109        -1.73082        -1.64558        -2.01998
    1  110        -2.30156       -0.991159         1.32667
    1  111        -1.44706       -0.231419        -2.80632
    1  112          2.5917        -1.77039        0.110091
    1  113       -0.692111         -2.1059         2.02952
    1  114        -1.43059        -2.58079        0.286494
    1  115        0.783161        -2.16102        -2.27213
    1  116        -1.99392       -0.881337        -1.57531
    1  117        -1.22115         2.47193      -0.0112668
    1  118        0.255468         2.01857         2.36777
    1  119         2.27906        0.517641         1.37619
    1  120         -2.9106       -0.149277        0.577813
    1  121       -0.892253        -0.15924        -2.92642
    1  122      -0.0300566         3.06371        0.536185
    1  123         3.02498        0.737487        0.276825
    1  124        -2.55053        -1.22198       -0.849324
    1  125         1.75643        0.449532        -2.60073
    1  126         1.09973        -2.54391        0.691157
    1  127         1.15279        0.601708         2.90113
    2    0         -2.5527        -1.99871        0.385485
    2    1          2.6148         0.32738        -1.48373
    2    2       -0.968746        -2.04087         2.24652
    2    3        -1.92297        -2.28947        0.124852
    2    4         2.91799        0.490033       -0.195395
    2    5      -0.0269406        -2.54496        -1.37928
    2    6         1.36699       0.0262978        -2.59907
    2    7        -2.74571        0.920357      -0.0036033
    2    8        -2.20742        -2.26705        0.265659
    2    9       -0.746424         2.52594         1.00311
    2   10          1.2664         -1.7593         2.04777
    2   11        0.350112         1.12612        -2.62559
    2   12         1.84525        -2.08137      -0.0405637
    2   13       -0.282045         2.74769       -0.407153
    2   14        -2.59027        -1.88734       -0.395513
    2   15         1.58268        -2.05706         1.05166
    2   16       -0.762471        -2.47543        -1.65348
    2   17         1.73479          2.4481      -0.0783551
    2   18         1.11462         2.60566       -0.201268
    2   19          2.5937          0.7867        0.901046
    2   20       -0.815065        -2.30828        -1.76528
    2   21        -2.51634         1.24571        0.100168
    2   22        -2.09161        -2.49784       0.0940158
    2   23         2.72148         1.37462        -1.15848
    2   24         2.87593        0.826172        0.507049
    2   25        0.048344         2.80542       -0.673196
    2   26         2.66868       -0.406509        0.947611
    2   27         1.14108        -2.67969        0.487561
    2   28        -2.13644        -1.75675       -0.634725
    2   29        -1.58534         1.34286        -2.40605
    2   30        0.893313        -1.40428        -2.82767
    2   31         2.76933        0.816673        0.684508
    2   32         1.12247        -2.99173       -0.615655
    2   33        -2.06578         1.00426        -1.70749
    2   34         2.91655        0.448128        -0.50425
    2   35        -1.40522        -2.69325       -0.178625
    2   36         1.46083        -1.91848         1.46282
    2   37        -1.11309        0.968803        -2.67679
    2   38          1.2159        -1.54757         2.08792
    2   39        -1.40507        -1.47234        -1.94243
    2   40         0.35758         2.19976        -1.66324
    2   41        -2.76285       0.0656718       -0.731078
    2   42        -1.47656        -2.49463        -1.02706
    2   43        -1.22006        0.801003         2.67404
    2   44         1.77366       -0.840791         1.80314
    2   45        -0.66719         2.80484        0.985085
    2   46       -0.603239       -0.814759         -3.0484
    2   47         2.71091       -0.318335        -1.15855
    2   48         1.25946        -2.47234        -1.10879
    2   49        -2.85177         -1.4568        0.164454
    2   50        -2.47722        -1.33563       -0.503212
    2   51       -0.758717         -1.5017         2.32118
    2   52        -0.36338        -3.09057        0.349351
    2   53         1.77714         2.39471        0.129302
    2   54        -2.28867        0.239602         1.65886
    2   55        -1.72375         1.46814        -2.16124
    2   56        -1.68562         1.13051        -2.03626
    2   57       -0.771802         1.59832         2.43972
    2   58      -0.0245024        -2.58439        -1.77775
    2   59         3.02423       -0.531971        0.292314
    2   60        -2.03638        -2.24177      -0.0399828
    2   61         1.60185        -0.10485        -2.47669
    2   62       -0.335927        0.107004         2.87185
    2   63        -2.06483         -1.7489       -0.535856
    2   64         1.75266        -2.40191         -1.3161
    2   65        0.704919         1.01854         2.62405
    2   66        -2.88138        0.754986        0.861637
    2   67        0.226888         2.38868        -1.66558
    2   68        -1.67802        -1.81489        -1.90761
    2   69         2.08677         2.15852       -0.162629
    2   70        0.294941        -2.31582           1.851
    2   71        0.170392         1.89841         2.33839
    2   72         1.90154         1.28215        -1.81363
    2   73       -0.391434       0.0387044         2.97801
    2   74        0.307247          -1.326         2.55078
    2   75        0.617204         2.77641         1.04998
    2   76       -0.082965       -0.345508         3.00198
    2   77         1.92297          1.9875         1.04888
    2   78        -1.84875         2.30009       -0.728021
    2   79      0.00944265         -2.0731        -2.35234
    2   80        -2.03192         1.69703          1.4426
    2   81        -2.16229         1.04948        -1.69368
    2   82       -0.557832        -1.34055         2.64263
    2   83         1.98113       -0.400082        -2.20935
    2   84         1.72339        0.178094        -2.52315
    2   85          1.0051         2.80116       -0.500767
    2   86       -0.211116        -2.92038       -0.212809
    2   87         1.25611        -1.28916         2.47104
    2   88        -1.75115        -0.94564        -2.28846
    2   89         2.21523         0.61262         -1.6706
    2   90         -2.2626         1.11165         1.97294
    2   91         2.44656         1.67233        0.513297
    2   92         1.83801        -1.83693        0.243429
    2   93        -1.86851       0.0261206         2.15439
    2   94        0.533712         2.44601        -1.37906
    2   95       -0.395524         1.24278          2.7287
    2   96       -0.965867       -0.313461        -2.89005
    2   97       -0.950362        -2.89599       -0.123134
    2   98         2.00374       -0.669229         2.03669
    2   99        -2.38662       -0.118609         1.93634
    2  100         2.24133        0.344061        -2.24793
    2  101         2.51797        -1.06316         1.32194
    2  102         2.57822        -1.59064       -0.364861
    2  103        0.613999         3.12718        0.180944
    2  104       -0.939579        -2.46142         0.95415
    2  105        0.160682        -1.71816         2.50562
    2  106       -0.719987        -1.56454         2.47676
    2  107           1.374        -1.87985        -1.55249
    2  108         1.08346        -2.55317         1.26585
    2  109        -1.64223        -1.69854        -2.03349
    2  110        -2.28605       -0.767993         1.46197
    2  111        -1.54006      -0.0976394        -2.84654
    2  112         2.49467        -1.84831        0.168092
    2  113       -0.652107        -2.18549         1.97648
    2  114        -1.36406        -2.58205        0.404955
    2  115        0.672316        -2.19414        -2.18951
    2  116        -1.95583          -1.001        -1.57614
    2  117        -1.25405         2.37769       0.0780467
    2  118        0.366585         1.88536         2.48731
    2  119         2.24535        0.443816         1.38455
    2  120        -2.84028       -0.210456         0.45583
    2  121       -0.837254       -0.132135        -2.92964
    2  122       -0.074166         3.03483         0.62961
    2  123         2.95881        0.717889        0.230717
    2  124         -2.5598        -1.19266       -0.771825
    2  125         1.65745        0.495666         -2.6935
    2  126          1.1048        -2.54669        0.792224
    2  127         1.03317        0.637219         2.92257
    3    0        -2.60142        -1.91028        0.358153
    3    1         2.68723        0.287698        -1.41566
    3    2        -1.04791        -1.94471         2.25583
    3    3        -1.90785        -2.27969        0.321353
    3    4         2.92852        0.337633       -0.255892
    3    5       0.0058447         -2.4881        -1.53744
    3    6          1.3924       0.0629848        -2.65624
    3    7        -2.78027        0.928182      -0.0742366
    3    8        -2.10212        -2.25853        0.249711
    3    9       -0.784313         2.43406         1.10813
    3   10         1.33173        -1.73758         2.08149
    3   11        0.416146         1.02903        -2.59982
    3   12         1.82354        -2.11114       -0.129649
    3   13       -0.398138         2.73665       -0.366577
    3   14        -2.55062        -1.92955       -0.437909
    3   15         1.47657        -2.12379         1.05394
    3   16       -0.628672         -2.4622        -1.79036
    3   17         1.90647         2.41517       -0.270783
    3   18         1.09287         2.53756       -0.185012
    3   19         2.56111        0.819102        0.996469
    3   20       -0.726579        -2.38937        -1.66408
    3   21        -2.56843         1.19851        0.124104
    3   22        -2.10149         -2.4765      -0.0251084
    3   23         2.75003         1.48787        -1.10334
    3   24         2.85451        0.713208        0.455443
    3   25     0.000390172          2.8133       -0.669566
    3   26         2.72328       -0.238153         1.03062
    3   27         1.09227        -2.66521         0.41774
    3   28        -2.13471        -1.69912       -0.737019
    3   29        -1.48104         1.35258        -2.53126
    3   30         1.03348        -1.30208        -2.78612
    3   31         2.82051        0.726007        0.670329
    3   32         1.10232        -2.97401       -0.538792
    3   33        -2.14725         1.09181        -1.62849
    3   34         2.94275        0.394932       -0.459987
    3   35        -1.45838        -2.69772       -0.118956
    3   36         1.52962        -1.86178         1.44937
    3   37        -1.12949        0.959174        -2.67447
    3   38         1.20697        -1.45943         2.16779
    3   39        -1.40117        -1.43431        -1.96795
    3   40        0.395265         2.17383        -1.69906
    3   41        -2.74605         0.15286       -0.695623
    3   42        -1.33246        -2.50226         -1.0911
    3   43        -1.26521        0.717331         2.69839
    3   44         1.83257       -0.879013         1.78926
    3   45       -0.660022         2.81172        0.992424
    3   46       -0.579779       -0.869634        -2.98439
    3   47         2.75632       -0.392776        -1.21861
    3   48         1.25911        -2.44132         -1.0599
    3   49        -2.80919        -1.36356         0.15525
    3   50        -2.41061        -1.46812       -0.435247
    3   51       -0.618102        -1.47067         2.43084
    3   52       -0.351608        -3.13866        0.311305
    3   53         1.61813         2.54165       0.0101856
    3   54        -2.35585        0.226905         1.55443
    3   55        -1.72083         1.35685        -2.20764
    3   56        -1.68514          1.0571        -2.07081
    3   57       -0.825275         1.48943         2.52895
    3   58        0.031184        -2.41442        -1.97764
    3   59         2.99041       -0.540007        0.425782
    3   60        -1.96724        -2.23279       0.0330079
    3   61         1.65332      -0.0544881        -2.44586
    3   62       -0.218417        0.183679          2.9358
    3   63        -2.07712        -1.79491       -0.587086
    3   64         1.76037        -2.44358        -1.23699
    3   65        0.846669        0.926774         2.62461
    3   66        -2.90748        0.805942        0.938001
    3   67        0.148882          2.3971        -1.75248
    3   68        -1.75201        -1.78489        -1.92591
    3   69         2.08941         2.15757      -0.0540643
    3   70        0.287272         -2.3238         1.81899
    3   71        0.183107         1.86093         2.39913
    3   72         1.85102         1.33918         -1.7196
    3   73       -0.433476      -0.0223764         2.96718
    3   74        0.272379        -1.46116          2.4246
    3   75        0.752099          2.6854         1.21787
    3   76       0.0296058       -0.382665         3.04275
    3   77         1.90386         2.00955         1.05666
    3   78        -1.84274         2.24648       -0.760376
    3   79      -0.0715972        -2.11147        -2.30031
    3   80        -1.99284         1.67811         1.45067
    3   81        -2.13084         1.03031        -1.73948
    3   82       -0.626886        -1.18607          2.7541
    3   83         1.96693       -0.353212        -2.17289
    3   84         1.66972        0.187548        -2.59858
    3   85        0.972436         2.76645       -0.570904
    3   86        -0.28634        -2.86707       -0.170363
    3   87         1.15041        -1.25925         2.50282
    3   88        -1.65834       -0.952146         -2.3294
    3   89         2.11518        0.590622        -1.72907
    3   90        -2.14435         1.16604         2.05567
    3   91          2.4756         1.74738        0.538848
    3   92          1.7749        -1.87535        0.113753
    3   93        -1.87696       0.0764574         2.11624
    3   94        0.538779         2.40374        -1.36144
    3   95       -0.311223         1.17444         2.78635
    3   96       -0.899259       -0.310398         -2.8543
    3   97       -0.930828        -2.86829          -0.105
    3   98         2.05866       -0.682558          1.8773
    3   99        -2.32352       -0.121909         2.01102
    3  100         2.24681        0.273243        -2.14857
    3  101         2.60746       -0.896408         1.39096
    3  102         2.57694        -1.57212       -0.338252
    3  103         0.60313         3.17628        0.119459
    3  104       -0.933536        -2.48228         0.97173
    3  105         0.10329         -1.7668         2.50083
    3  106       -0.656873        -1.59534         2.51185
    3  107         1.26936        -1.93387        -1.46519
    3  108         1.11857         -2.5159         1.24638
    3  109        -1.64506        -1.71278        -2.03051
    3  110        -2.22337       -0.582823         1.59747
    3  111        -1.65909       0.0404868        -2.86747
    3  112         2.43247        -1.91474        0.198573
    3  113       -0.563595        -2.17332         2.03116
    3  114        -1.39699        -2.55309        0.530829
    3  115        0.627497        -2.24665          -2.056
    3  116        -1.89823        -1.14283        -1.60182
    3  117        -1.30325         2.34654       0.0903093
    3  118        0.534384         1.68147         2.60292
    3  119         2.21104        0.411366          1.4697
    3  120        -2.78417       -0.195127        0.282471
    3  121       -0.774047      -0.0197572        -2.85968
    3  122       -0.177654         2.99602         0.70471
    3  123         2.92154        0.714779        0.216544
    3  124        -2.52266        -1.11599       -0.663992
    3  125         1.56353        0.585466        -2.72169
    3  126         1.15639        -2.50949        0.875339
    3  127        0.983611         0.67095         2.93937
    4    0        -2.58767        -1.82373        0.433846
    4    1         2.74515        0.300539         -1.4054
    4    2        -1.21609        -1.86863         2.33608
    4    3        -1.96221        -2.26852         0.45483
    4    4          2.8774         0.15621       -0.320888
    4    5       0.0904362        -2.50061        -1.72665
    4    6         1.44939       0.0985795        -2.66629
    4    7        -2.83601        0.920232       -0.168347
    4    8        -1.97579        -2.27542        0.264889
    4    9       -0.810086         2.44282          1.2993
    4   10         1.42412        -1.69593         2.05206
    4   11        0.541255        0.998884        -2.69995
    4   12         1.78234        -2.15397       -0.187225
    4   13       -0.571322         2.72663       -0.406619
    4   14        -2.47627         -1.9436       -0.544985
    4   15         1.33295        -2.13971         1.04661
    4   16       -0.494468        -2.41579        -1.86821
    4   17         1.90938         2.40575       -0.354867
    4   18          1.0778         2.56763       -0.177318
    4   19         2.58723        0.799827         1.11432
    4   20       -0.669356        -2.49164        -1.57006
    4   21        -2.57739         1.13955        0.138574
    4   22        -2.18373        -2.44109      -0.0453863
    4   23         2.66272           1.493        -1.03321
    4   24         2.85977        0.589854        0.419695
    4   25       -0.117972         2.69121        -0.68873
    4   26         2.69397      -0.0503105         1.15093
    4   27         1.10991        -2.66387        0.377919
    4   28        -2.06433        -1.65136       -0.832023
    4   29        -1.36259         1.35931        -2.64577
    4   30         1.13178        -1.27767        -2.75722
    4   31         2.88793        0.627824        0.633833
    4   32         1.07207        -2.98438       -0.483393
    4   33        -2.15681         1.17609        -1.61468
    4   34         2.96673        0.372527       -0.414817
    4   35        -1.53574        -2.65392      0.00367647
    4   36         1.60461        -1.82885         1.45166
    4   37        -1.09524         1.00985        -2.68086
    4   38         1.20621        -1.37132         2.25658
    4   39        -1.38463        -1.39097        -1.99762
    4   40        0.343576         2.21068        -1.77164
    4   41        -2.72698        0.134773       -0.678097
    4   42        -1.16184        -2.51915        -1.21832
    4   43        -1.26073        0.636937          2.7592
    4   44         1.91729       -0.875449         1.75073
    4   45        -0.64595         2.83033         1.01919
    4   46       -0.546174       -0.896879        -3.00356
    4   47         2.81871       -0.438003        -1.28729
    4   48         1.20778        -2.48345        -1.06431
    4   49         -2.8304        -1.28392        0.109346
    4   50        -2.34592        -1.54329       -0.385627
    4   51       -0.493628        -1.43787         2.60148
    4   52        -0.26193        -3.24459         0.24773
    4   53         1.44598         2.64863       -0.116549
    4   54        -2.45337        0.192122         1.46988
    4   55         -1.7547         1.23237        -2.28854
    4   56        -1.66514        0.997561        -2.07522
    4   57       -0.926393         1.45502         2.57577
    4   58       0.0379873        -2.25383        -2.11441
    4   59         2.96307       -0.504662        0.599532
    4   60        -1.92955          -2.261       0.0967812
    4   61         1.67623       0.0484687        -2.48529
    4   62       -0.157526        0.222544         2.92291
    4   63        -2.15844        -1.79222       -0.646365
    4   64           1.788        -2.50872         -1.2112
    4   65         1.04971        0.890815         2.70821
    4   66        -2.88353        0.810171        0.925282
    4   67       0.0115602         2.34959         -1.7936
    4   68        -1.78237        -1.74386        -1.92137
    4   69         2.07242         2.12691       0.0403595
    4   70        0.238473        -2.36395         1.73483
    4   71        0.240212         1.82046         2.45929
    4   72         1.81503         1.35277        -1.61715
    4   73       -0.448625      -0.0641655         2.97798
    4   74        0.224946        -1.53786         2.32295
    4   75        0.901081         2.57599          1.4381
    4   76        0.206919       -0.405784         3.04835
    4   77         1.91235         2.05225         1.03516
    4   78        -1.86418         2.24482       -0.730681
    4   79       -0.109916        -2.15888        -2.17661
    4   80        -2.00367          1.6598         1.47019
    4   81        -2.05545         1.04241        -1.76534
    4   82       -0.687439       -0.962766         2.90815
    4   83         1.94756       -0.290022        -2.21131
    4   84         1.62828        0.142984        -2.59847
    4   85          0.9128         2.72836       -0.661248
    4   86       -0.351455        -2.86067       -0.136874
    4   87         1.02974         -1.2422         2.51807
    4   88        -1.52009       -0.933005         -2.3699
    4   89         2.06594         0.64366        -1.81777
    4   90        -1.98004         1.16958         2.18012
    4   91          2.4549          1.7583        0.514216
    4   92         1.77587        -1.87621       0.0486684
    4   93        -1.91127        0.126322         2.10962
    4   94        0.527245         2.38182        -1.41014
    4   95       -0.220476         1.13869         2.78555
    4   96       -0.939218       -0.283251        -2.83105
    4   97       -0.914921        -2.82489      -0.0592616
    4   98         2.07682       -0.681892          1.7642
    4   99        -2.27352      -0.0858303          2.0853
    4  100         2.21511        0.172142        -2.06216
    4  101         2.71724       -0.697058         1.46769
    4  102          2.5519        -1.60729       -0.305613
    4  103        0.682115         3.13505      0.00852864
    4  104       -0.916236        -2.50224        0.931561
    4  105          0.1026        -1.77425          2.4552
    4  106       -0.611981        -1.58099         2.53079
    4  107          1.2079        -1.95015        -1.43955
    4  108         1.12148        -2.52629         1.35728
    4  109         -1.6443        -1.68267        -2.04666
    4  110        -2.17783       -0.428165         1.61862
    4  111        -1.72851        0.215581        -2.78194
    4  112         2.34458        -1.98112        0.218424
    4  113       -0.524634        -2.11093         2.12804
    4  114        -1.42889        -2.49307        0.660487
    4  115        0.644064        -2.26089        -1.89839
    4  116         -1.8591        -1.22676         -1.6161
    4  117        -1.35512         2.34533       0.0659142
    4  118        0.664246         1.51135         2.59979
    4  119         2.19084         0.37778         1.67606
    4  120        -2.70172       -0.387519        0.230671
    4  121       -0.671596        0.100218        -2.89353
    4  122        -0.38078          2.9843        0.769866
    4  123         2.88096        0.714902        0.233918
    4  124        -2.50372        -1.02994       -0.617663
    4  125         1.48702        0.685176        -2.69488
    4  126         1.20316        -2.42825        0.875978
    4  127         1.04221        0.748633           2.918
