# ohbond dipole 
# frame_index bond_index dipole_x dipole_y dipole_z 
#UNITCELL[Ang] 19.4788 0 0 0 19.4788 0 0 0 19.4788
#TEMPERATURE[K] 298
#TIMESTEP[fs] 2.5
    0    0       -0.255581      -0.0211579        0.130891
    0    1       0.0974162        0.381406        0.303737
    0    2        0.181838        0.171426       0.0853876
    0    3       0.0834656        0.277642      -0.0534274
    0    4      -0.0125725        0.127265        0.109868
    0    5         -0.3528       0.0432514       -0.160276
    0    6       0.0617928      -0.0187373       0.0767997
    0    7       -0.206354       -0.086635        0.135791
    0    8      0.00885799       -0.340791       -0.175893
    0    9        0.167072        0.176985      -0.0494514
    0   10      -0.0250225       -0.131287        0.211351
    0   11       -0.111798         0.14958       -0.141109
    0   12      0.00891634       -0.438136       -0.017896
    0   13       -0.198968        0.232846       0.0680873
    0   14       -0.362792        0.284167       -0.317426
    0   15        0.176861        0.162838       0.0239145
    0   16        0.186594       -0.108941       0.0196607
    0   17       0.0149016        0.193548        0.156859
    0   18       -0.293214       0.0695698       -0.191258
    0   19       -0.234954       -0.123733        -0.38594
    0   20        0.268892        -0.13038       0.0179376
    0   21      0.00845359        0.163595          0.3093
    0   22       -0.206845      -0.0668332        0.167068
    0   23        0.095718        0.133132      -0.0738192
    0   24        0.100975       -0.346887          0.2346
    0   25       -0.205114       -0.157908       0.0548003
    0   26       -0.117388         0.32191      -0.0377321
    0   27       -0.207067       -0.122251      -0.0145937
    0   28      -0.0352234       -0.120308      -0.0967043
    0   29        0.259707        0.263311        -0.01111
    0   30        -0.15545       -0.114503       -0.103827
    0   31       -0.113121        0.183629        0.078775
    0   32        0.236813        -0.12047       0.0726905
    0   33       -0.117232        0.236802        0.184313
    0   34        0.209513        0.282168         0.11055
    0   35      -0.0641742       0.0347971       0.0237244
    0   36         0.10387      -0.0921418        0.284727
    0   37       -0.113682        0.197118       -0.195908
    0   38        0.265166        0.155703        0.217778
    0   39     -0.00838898        0.121654       -0.142029
    0   40        0.332696      -0.0214619      -0.0520443
    0   41       0.0104055       -0.260391        0.165734
    0   42         0.14986      -0.0693297       -0.174253
    0   43       0.0974515        0.291713      0.00717462
    0   44        0.116033       -0.256745      -0.0521348
    0   45       -0.299394        0.202589      -0.0841429
    0   46       -0.111912       0.0987583       0.0661437
    0   47        0.140976        0.146705        0.291018
    0   48        0.372679       0.0646337       -0.276912
    0   49       -0.111966        0.310544       0.0598141
    0   50       -0.124531         0.09395       -0.395933
    0   51        0.149033        0.152067        0.205538
    0   52       -0.190926       -0.220131      0.00216168
    0   53       0.0743899        0.192865      -0.0464101
    0   54      -0.0720566      -0.0764566        0.145985
    0   55        0.262279       -0.041307       -0.284503
    0   56       0.0480471         0.07583        0.091132
    0   57        0.195068       -0.174385        0.222336
    0   58       -0.201553       -0.140797       0.0559627
    0   59       -0.132088        0.107699       0.0569637
    0   60       -0.131158      -0.0026486        0.268416
    0   61         0.11648        0.297221        0.129767
    0   62       0.0550549        0.198415        0.162196
    0   63       0.0200037      -0.0641951        -0.20104
    0   64      -0.0414806        0.026136       -0.197711
    0   65        -0.13258        0.242893       0.0585863
    0   66       0.0382081       -0.310267       0.0890133
    0   67        0.058624        0.120535        -0.13471
    0   68      0.00806775        -0.11338        0.110496
    0   69       0.0867873       0.0398109        0.222361
    0   70     -0.00924161      -0.0494492       -0.246612
    0   71        0.107506        0.213123       -0.200138
    0   72       -0.143988        0.020809       -0.288499
    0   73       -0.299263       -0.225327       0.0245072
    0   74       -0.127819       -0.260291        0.134964
    0   75        0.166565         0.12264       -0.257788
    0   76       -0.175272       -0.153969      0.00744491
    0   77       0.0377306      -0.0685151       -0.122593
    0   78      -0.0705693        0.216855        0.286616
    0   79        0.241765       -0.107277       0.0418606
    0   80        0.305987      0.00698345        0.263727
    0   81        0.038001       -0.182983       -0.191702
    0   82       -0.264245     -0.00128125        0.371387
    0   83      0.00986104        0.101964      -0.0660795
    0   84       -0.136928       -0.479225       0.0175027
    0   85       -0.161571       0.0271494        0.132747
    0   86      -0.0315241       0.0337621       -0.155258
    0   87      -0.0475371        0.205419       0.0139351
    0   88       -0.181388       -0.137132        0.294082
    0   89        0.145729        0.142254       0.0846228
    0   90       -0.165025       -0.219811       -0.271116
    0   91        0.106003       0.0509052       0.0561969
    0   92        0.332109        0.132233       -0.141512
    0   93       -0.351821        0.156713      -0.0144239
    0   94         0.11535       -0.107911       -0.184731
    0   95       0.0768037       -0.150558       0.0740055
    0   96     -0.00795137        0.348289     -0.00736481
    0   97        0.253279        0.014118        0.344046
    0   98        0.199544       0.0807794       -0.196582
    0   99       -0.346832        0.271773      -0.0777494
    0  100      -0.0960922       0.0256575       0.0243429
    0  101       -0.478514       -0.234689        0.154231
    0  102      0.00535803       -0.101028      -0.0602499
    0  103       -0.250678        0.199693       0.0450963
    0  104        0.141489        0.057506       -0.263761
    0  105       0.0721891        0.141549       -0.124916
    0  106      -0.0958652        0.333514        0.262797
    0  107        0.239637       0.0503716       -0.116422
    0  108        0.132594         0.31672        0.139424
    0  109       -0.118635        0.259651       -0.117658
    0  110        0.239985       0.0323702        0.194655
    0  111         0.24907       0.0464192       -0.104411
    0  112       0.0485977        0.325099       -0.144662
    0  113       -0.272403        0.192115      -0.0382241
    0  114        0.194108        0.525451      -0.0706033
    0  115          0.3072       0.0424994       0.0113893
    0  116       0.0894863       -0.290022        0.125459
    0  117       0.0681467        0.179432        0.294207
    0  118       -0.204254       -0.291236       -0.291843
    0  119       -0.105737       -0.248491      -0.0761563
    0  120        0.181935       0.0559753        0.134188
    0  121        0.556529       0.0567292      -0.0659055
    0  122       -0.455553      -0.0341892       -0.119287
    0  123      -0.0995418       -0.257285      -0.0638064
    0  124       -0.167657       -0.134147        0.133513
    0  125        0.369591        0.119871        0.114398
    0  126       -0.012981       -0.149849        -0.14426
    0  127        -0.16922         0.33734       -0.191841
    1    0       -0.203486       -0.109082       0.0910394
    1    1        0.109481        0.356358        0.311389
    1    2        0.280557        0.132405       0.0813952
    1    3       0.0267518        0.281831      -0.0787888
    1    4       -0.038229       0.0105615       0.0447643
    1    5       -0.371369        0.126256       -0.219324
    1    6        0.133241        -0.12963       0.0982733
    1    7      -0.0965769      -0.0678697     -0.00199386
    1    8       0.0206918        -0.29206       -0.145093
    1    9        0.151034        0.173249       -0.116147
    1   10         -0.0272       -0.132963        0.226075
    1   11      -0.0697316         0.11016       -0.118895
    1   12      0.00681153       -0.405091       0.0977928
    1   13        -0.14537        0.238585      -0.0420621
    1   14       -0.258463        0.259014       -0.258233
    1   15        0.229568        0.210975      0.00905733
    1   16        0.143818      -0.0974071       0.0358271
    1   17       0.0001283        0.285815        0.136353
    1   18        -0.16097       0.0105964       -0.127653
    1   19       -0.206374       -0.289773       -0.151535
    1   20        0.226325        -0.10079       0.0586679
    1   21       0.0162521        0.187864        0.289303
    1   22       -0.306686       -0.159546        0.287234
    1   23       0.0171469        0.139089       -0.174757
    1   24        0.257138       -0.174263        0.348051
    1   25       -0.248049       -0.139829      -0.0465536
    1   26       -0.236729         0.33104       0.0186623
    1   27        -0.14386       -0.109958       -0.085732
    1   28       0.0226616      -0.0115053       0.0573404
    1   29        0.246608        0.220024     -0.00779854
    1   30       -0.145898      -0.0821146       -0.143684
    1   31      -0.0651769        0.130852       0.0464347
    1   32        0.154441       -0.104853      -0.0230828
    1   33       -0.183993        0.262436        0.179465
    1   34         0.23014        0.231387        0.136691
    1   35       -0.201295       -0.063764       -0.100835
    1   36       0.0989209      -0.0596946        0.282521
    1   37      -0.0397546        0.136223       -0.219869
    1   38        0.262449        0.176951        0.220902
    1   39       0.0217671        0.158493       -0.211898
    1   40        0.319893      -0.0483726      -0.0264135
    1   41        0.107699       -0.318125         0.14397
    1   42        0.207195      -0.0762905        -0.23572
    1   43        0.110616        0.262822       0.0940568
    1   44       0.0240574       -0.302671      -0.0535786
    1   45       -0.286306        0.197101       -0.101699
    1   46       -0.137878       0.0417892       0.0273421
    1   47       0.0814254        0.115426        0.268457
    1   48        0.342971       0.0919749       -0.225948
    1   49       -0.114671        0.277915       0.0988849
    1   50      -0.0431578       0.0563458       -0.208489
    1   51        0.106998        0.150863        0.169939
    1   52       -0.120286       -0.127504       0.0620599
    1   53       0.0124878        0.200902       -0.011148
    1   54      -0.0803262      -0.0432345        0.112817
    1   55        0.242688       -0.010023       -0.266388
    1   56       0.0527238       0.0631053      -0.0339579
    1   57        0.179962       -0.204934        0.259203
    1   58        -0.16466       -0.173839       0.0451951
    1   59        -0.15321         0.14404       0.0550408
    1   60      -0.0935378       0.0223199        0.164008
    1   61        0.212008        0.253046       0.0471316
    1   62       0.0612318        0.164802       0.0806095
    1   63      0.00803073      -0.0622778       -0.183934
    1   64      -0.0537818       0.0402021        -0.24132
    1   65       -0.169232        0.244147       0.0714723
    1   66        0.111456       -0.335176       -0.015442
    1   67        0.153293       0.0278941       -0.112216
    1   68      -0.0698792       -0.150359        0.110899
    1   69       0.0925052      -0.0995166        0.209289
    1   70      -0.0103652      -0.0515897       -0.225504
    1   71       0.0498499        0.250136       -0.210435
    1   72       -0.114007       0.0246483        -0.26777
    1   73       -0.322203       -0.236739        0.190106
    1   74       -0.144051       -0.289383         0.11151
    1   75        0.180569        0.136088       -0.202424
    1   76      -0.0963264      -0.0721526      0.00270212
    1   77       0.0524312      -0.0459809       -0.128578
    1   78      -0.0624391        0.237543        0.288335
    1   79        0.199604       -0.105916       0.0521323
    1   80        0.285516      -0.0509007        0.242339
    1   81      -0.0645891       -0.148719       -0.178262
    1   82       -0.365969       0.0202574         0.41798
    1   83       0.0232562       0.0868506      -0.0634228
    1   84        -0.12549       -0.437741     0.000360801
    1   85        -0.21404    -0.000324266        0.183564
    1   86      -0.0288973        0.189288       -0.160822
    1   87      0.00974223        0.267685       0.0552094
    1   88       -0.207771       -0.139959        0.219373
    1   89       0.0224364        0.196713      -0.0816248
    1   90        -0.11992       -0.198153       -0.324227
    1   91        0.179399      -0.0575516       0.0448907
    1   92        0.289984        0.106809       -0.177932
    1   93       -0.346665       0.0569612       0.0551208
    1   94       0.0578775       -0.118652       -0.200048
    1   95      -0.0610642       -0.223768        0.132814
    1   96      -0.0498953        0.346202      -0.0679567
    1   97        0.240182      0.00370669        0.288763
    1   98        0.252751        0.029704       -0.174907
    1   99       -0.376683        0.212897       -0.144149
    1  100      -0.0937268      -0.0561391        -0.11551
    1  101       -0.402057       -0.202082        0.134149
    1  102       0.0206367       -0.247775       0.0155025
    1  103       -0.209363        0.176135      -0.0217022
    1  104       0.0174222         0.15402       -0.321982
    1  105        0.124674        0.174098       -0.092843
    1  106       -0.133559         0.26515        0.225709
    1  107        0.206318       0.0560121       -0.123224
    1  108        0.115999        0.253243        0.156366
    1  109       0.0865794        0.237064     -0.00390668
    1  110        0.295967       0.0736896        0.128243
    1  111        0.347628       0.0186682       -0.134376
    1  112       0.0733312        0.284305        -0.14598
    1  113       -0.246725         0.18815      -0.0776923
    1  114        0.177183        0.426513      -0.0906273
    1  115        0.297551       0.0421579      -0.0093131
    1  116       0.0723565       -0.211657       0.0955093
    1  117       0.0672657        0.167113         0.22221
    1  118       -0.180406       -0.228573       -0.237048
    1  119       -0.254422       -0.307987       0.0362507
    1  120       0.0633428       0.0907438        0.185125
    1  121        0.497677        0.101781     -0.00950715
    1  122       -0.403525      -0.0392979      -0.0927134
    1  123      -0.0667626       -0.271695      -0.0284306
    1  124       -0.215446       -0.187102         0.20699
    1  125        0.374974       0.0226382        0.122266
    1  126       0.0106411       -0.143739       -0.171675
    1  127       -0.198183        0.256058       -0.271057
    2    0       -0.188887       -0.162437       0.0633554
    2    1        0.154776         0.31494        0.270162
    2    2        0.154803        0.124531       0.0841208
    2    3       -0.149965        0.158042       -0.118107
    2    4      -0.0837314      -0.0147126       0.0656377
    2    5       -0.436349       0.0790419        -0.17316
    2    6        0.173478      -0.0573016       0.0732526
    2    7       -0.118319      -0.0986724      -0.0220519
    2    8       0.0272881       -0.240349       -0.115743
    2    9       0.0305565        0.112712      -0.0593121
    2   10       0.0308733       -0.116817         0.29491
    2   11       -0.174099        0.173076       -0.144548
    2   12       0.0258034       -0.324168       0.0225496
    2   13       -0.123789        0.256718      -0.0991325
    2   14       -0.172458        0.225713       -0.198056
    2   15        0.238358        0.193146       0.0500001
    2   16      -0.0143794       -0.143574       0.0417415
    2   17     -0.00911729        0.235408        0.152798
    2   18       -0.127177       0.0155513       -0.103223
    2   19       -0.179442       -0.356318      -0.0129063
    2   20        0.313088       -0.126709      -0.0503035
    2   21       0.0771585        0.244024        0.250441
    2   22       -0.398435      -0.0579244        0.101237
    2   23       0.0320004        0.173035       -0.172449
    2   24        0.140375       -0.272462        0.261811
    2   25       -0.222742       -0.139075        0.058106
    2   26       -0.151117        0.303281        0.008201
    2   27       -0.177959       -0.102132       -0.113249
    2   28       0.0922046     -0.00814943        0.131734
    2   29        0.213802        0.248781        0.011019
    2   30       -0.166038      -0.0446148       -0.191421
    2   31       -0.124577        0.184917        0.103086
    2   32       0.0745952      -0.0785703       0.0856423
    2   33       -0.192156        0.252158        0.159897
    2   34        0.218553        0.226415        0.125344
    2   35       -0.103035       0.0486317      -0.0232452
    2   36       0.0743274      -0.0285309        0.261309
    2   37      -0.0648387        0.136491       -0.194062
    2   38        0.264214        0.193501        0.231166
    2   39      0.00412189        0.190371       -0.272646
    2   40        0.290477      -0.0531315        0.061288
    2   41       0.0524537       -0.219966        0.102096
    2   42        0.371712      -0.0686622       -0.306533
    2   43         0.13134        0.237554       0.0799614
    2   44        0.162828       -0.141186      -0.0506843
    2   45       -0.232412        0.134136       -0.142257
    2   46       -0.179094      -0.0320149     -0.00746169
    2   47     -0.00133594       0.0691005        0.243243
    2   48        0.257305      -0.0183989       -0.297264
    2   49      -0.0940656        0.232773       0.0895875
    2   50      0.00496843       0.0721761        -0.15917
    2   51        0.266587        0.106912       0.0524599
    2   52      -0.0952046       -0.216146      -0.0455916
    2   53       -0.041892        0.222116       0.0137129
    2   54       -0.049351      -0.0172223       0.0988838
    2   55        0.189958      -0.0709716       -0.183547
    2   56       0.0744486     -0.00864304      -0.0669357
    2   57        0.239133       -0.205445        0.285531
    2   58       -0.165377       -0.145498       0.0177925
    2   59       -0.191633       0.0832132       0.0908879
    2   60      -0.0689451       0.0399554       0.0325378
    2   61       0.0880682        0.253195       0.0794032
    2   62        0.115498        0.219133       0.0841425
    2   63      0.00208539      -0.0354543       -0.173571
    2   64      -0.0485261      -0.0564013       -0.182495
    2   65       -0.202442        0.339389       0.0815503
    2   66       0.0963641         -0.3628         0.03852
    2   67        0.230351       -0.025847       -0.098891
    2   68     -0.00187357       -0.173231       0.0517958
    2   69         0.10103       -0.109756        0.220021
    2   70       0.0126317      -0.0863221       -0.176661
    2   71       0.0221974        0.302348       -0.204445
    2   72       0.0133284       0.0154517       -0.305329
    2   73       -0.289549       -0.237164        0.255162
    2   74      -0.0628687       -0.259688       0.0350851
    2   75        0.100414        0.130399       -0.144789
    2   76      -0.0524503      -0.0402552      -0.0030765
    2   77       0.0866219      -0.0437778       -0.192636
    2   78      -0.0588728        0.216151        0.280541
    2   79        0.174768     -0.00361958        0.121945
    2   80         0.27848      -0.0559593        0.233484
    2   81      -0.0508956        -0.13019       -0.157628
    2   82       -0.315375    -0.000188751        0.480238
    2   83       0.0173272        0.040207       -0.104754
    2   84      -0.0770915       -0.371575      -0.0454321
    2   85       -0.235916      -0.0317018        0.267433
    2   86      0.00233253      0.00707859        -0.12195
    2   87     -0.00375816        0.262748       0.0333597
    2   88       -0.239613       -0.149988        0.128064
    2   89       0.0049557        0.136376      -0.0722122
    2   90       -0.186192       -0.255585        -0.28258
    2   91        0.243105      -0.0866995      -0.0232884
    2   92        0.271732       0.0985259       -0.153747
    2   93       -0.343057      -0.0206697         0.11182
    2   94       0.0886694        -0.15379       -0.293037
    2   95       0.0382004       -0.213646        0.103715
    2   96       -0.017329         0.36733      0.00528187
    2   97        0.185834      -0.0446179        0.287983
    2   98        0.290573        0.017051       -0.207962
    2   99       -0.310518        0.101511        -0.25859
    2  100        -0.12015       -0.069674       -0.141103
    2  101       -0.284158       -0.145026        0.158559
    2  102      0.00666934       -0.314846      0.00403122
    2  103       -0.210185        0.150005      -0.0137963
    2  104        0.128349        0.105358       -0.284448
    2  105        0.116477        0.186692       -0.109688
    2  106       -0.202495        0.171449        0.189937
    2  107        0.114883        0.137942         -0.1876
    2  108        0.109093        0.215778        0.133315
    2  109        0.149658        0.214777       0.0294445
    2  110        0.288757      -0.0112504        0.207502
    2  111        0.354728      0.00106998       -0.162355
    2  112       0.0165717        0.385402       -0.183131
    2  113       -0.206923        0.155491       -0.125998
    2  114        0.068481        0.270758      -0.0374715
    2  115        0.223595        0.179842      -0.0435143
    2  116       0.0486132       -0.133718       0.0376852
    2  117       0.0873573        0.201131        0.259777
    2  118       -0.170548       -0.115476       -0.138623
    2  119       -0.258755       -0.306671      -0.0419827
    2  120      -0.0297248        0.109746        0.228005
    2  121        0.372796        0.119505       0.0992602
    2  122       -0.308436      -0.0163363      -0.0345504
    2  123        -0.08256       -0.318996      -0.0659639
    2  124       -0.243086       -0.256887        0.236008
    2  125        0.331672        0.055356       0.0901786
    2  126        0.013923      -0.0800525       -0.300047
    2  127       -0.179848          0.2572       -0.255058
    3    0        -0.17551       -0.131465       0.0517325
    3    1        0.155772        0.256181        0.237468
    3    2       0.0730576        0.137195       0.0874264
    3    3       -0.109318        0.183972       -0.141109
    3    4        -0.10852       0.0515875        0.124646
    3    5       -0.438123       0.0483658       -0.117391
    3    6         0.21179       0.0173248       0.0456191
    3    7       -0.212446       -0.147205       0.0554799
    3    8       0.0116183       -0.243498       -0.153906
    3    9      -0.0426315       0.0603573       -0.037596
    3   10      0.00137386        -0.12053        0.294059
    3   11       -0.184163        0.217561       -0.181557
    3   12       0.0410818       -0.292542      -0.0252016
    3   13       -0.187829        0.322598     -0.00530077
    3   14       -0.182299        0.155893       -0.276178
    3   15        0.210167        0.148761       0.0963774
    3   16      -0.0159659       -0.196073       0.0729421
    3   17      -0.0239688        0.177482        0.144495
    3   18       -0.203819        0.062357       -0.205842
    3   19       -0.202734       -0.171875       -0.260762
    3   20        0.350687       -0.134599      -0.0559909
    3   21       0.0385911        0.212793        0.228232
    3   22       -0.421777      -0.0203242    -0.000733883
    3   23        0.110194        0.237775       -0.103437
    3   24       -0.104272       -0.444972        0.064801
    3   25       -0.178377       -0.134044        0.147688
    3   26      -0.0855749         0.26548      0.00692276
    3   27       -0.284559       -0.125876       -0.091859
    3   28      0.00484188       -0.123709         -0.0213
    3   29        0.177516        0.259111        0.026095
    3   30       -0.172005      -0.0445575       -0.150862
    3   31       -0.166945        0.229063        0.194917
    3   32       0.0289844      -0.0647684        0.194082
    3   33       -0.134663         0.22276        0.135057
    3   34         0.17247        0.252055        0.111839
    3   35       -0.029595        0.137881       0.0870403
    3   36      0.00139539      0.00331555         0.24483
    3   37         -0.1429        0.169561       -0.153863
    3   38        0.281911        0.191294        0.244932
    3   39      -0.0996216        0.150745       -0.212669
    3   40        0.255901      -0.0625214       0.0954936
    3   41       0.0194207       -0.180023       0.0920845
    3   42        0.241233      -0.0496583       -0.287379
    3   43       0.0651544        0.291556      0.00922064
    3   44         0.23533      -0.0909181      -0.0540197
    3   45       -0.260578        0.144853       -0.176825
    3   46        -0.26456      -0.0149678       0.0358756
    3   47       0.0966715        0.111636        0.282269
    3   48        0.200999      -0.0591056       -0.284969
    3   49      -0.0528627         0.19062       0.0850258
    3   50      -0.0461181        0.109146       -0.351628
    3   51        0.287131       0.0975111       0.0156849
    3   52      -0.0754977       -0.293047       -0.111225
    3   53       0.0131787        0.257903      -0.0243933
    3   54     -0.00427794      -0.0203395       0.0974484
    3   55        0.197672      -0.0486729       -0.172805
    3   56        0.105263      -0.0963126      -0.0339654
    3   57         0.20456       -0.195001        0.244073
    3   58       -0.173829       -0.117808     -0.00869615
    3   59       -0.223651       0.0191381        0.111524
    3   60      -0.0125515       0.0129272        0.102835
    3   61       0.0127011        0.271834        0.112412
    3   62        0.172426         0.30524         0.12872
    3   63     -0.00691531      -0.0340528       -0.161451
    3   64      -0.0706055       -0.141633       -0.181461
    3   65       -0.234463         0.28286        0.108885
    3   66       0.0716374       -0.383984        0.143541
    3   67        0.173113       0.0177021       -0.168604
    3   68       0.0601216       -0.173829      0.00473442
    3   69        0.163929      0.00497326        0.195056
    3   70       0.0297849       -0.130738       -0.198963
    3   71        0.134097        0.281788       -0.210561
    3   72       0.0349482       0.0136646       -0.294071
    3   73       -0.231053       -0.237304        0.126239
    3   74       -0.082166       -0.297056     0.000158369
    3   75       0.0256464        0.124318       -0.101757
    3   76       -0.101717       -0.103839       0.0290855
    3   77       0.0960634      0.00034289       -0.239316
    3   78      -0.0676883        0.162308        0.274433
    3   79        0.152775      -0.0103913        0.125068
    3   80        0.313236     -0.00131615        0.261783
    3   81       0.0718289       -0.131002       -0.144593
    3   82        -0.23672      -0.0311786        0.500275
    3   83        0.054647       0.0438594       -0.153003
    3   84      0.00797984       -0.269896       -0.102288
    3   85       -0.212579       0.0182093        0.281379
    3   86       0.0156939      -0.0980114       -0.111733
    3   87      -0.0474579        0.250715      0.00657113
    3   88       -0.158061       -0.124471        0.108504
    3   89       0.0618161      0.00516147       0.0785848
    3   90        -0.22531       -0.299709       -0.247068
    3   91        0.240921        0.104171       -0.139439
    3   92        0.254867       0.0958125       -0.120105
    3   93       -0.300957      -0.0307232        0.121932
    3   94       0.0764955       -0.140698       -0.330933
    3   95        0.141222       -0.158749       0.0545948
    3   96    -0.000524251        0.344089       0.0526908
    3   97         0.14847      -0.0857223        0.307677
    3   98        0.305158       0.0252094       -0.256199
    3   99       -0.245046       0.0755238         -0.1659
    3  100       -0.133532     -0.00972274        -0.02678
    3  101       -0.178418      -0.0837044        0.152469
    3  102      -0.0830227       -0.218808       -0.144293
    3  103       -0.262431        0.124724       0.0422166
    3  104        0.267366       0.0297433       -0.226493
    3  105       0.0622289        0.177617       -0.167057
    3  106       -0.181454        0.107296        0.133688
    3  107        0.108678         0.14187       -0.190469
    3  108        0.103217        0.205178        0.115443
    3  109      -0.0220781        0.226035      -0.0289573
    3  110         0.28792      -0.0838136        0.294181
    3  111        0.279161      -0.0101507       -0.173877
    3  112       0.0205632        0.408494       -0.225383
    3  113       -0.200301         0.19048      -0.0907978
    3  114       0.0322073        0.166573      -0.0575607
    3  115        0.211564       0.0893683      -0.0649934
    3  116       0.0888319       -0.171054       0.0951065
    3  117        0.131759        0.259618        0.328336
    3  118       -0.202636       -0.161216       -0.209665
    3  119       -0.197003       -0.252086       -0.234394
    3  120       0.0565871       0.0655581        0.119275
    3  121        0.323051       0.0173604    -0.000645453
    3  122       -0.297091         0.06729      -0.0916007
    3  123      -0.0852303       -0.323895      -0.0969123
    3  124       -0.221859       -0.272541         0.21811
    3  125         0.28071        0.163579       0.0541013
    3  126      0.00548139       -0.164501       -0.282436
    3  127       -0.153567        0.327491        -0.19267
    4    0       -0.217702      -0.0855168       0.0709429
    4    1        0.142862        0.225765        0.272134
    4    2        0.173733        0.144685       0.0450601
    4    3       0.0798206        0.280113       -0.135079
    4    4     -0.00182724        0.125068        0.124574
    4    5       -0.343222        0.112097       -0.143556
    4    6        0.260305      -0.0495391       0.0691714
    4    7       -0.182833      -0.0752945        0.161952
    4    8       0.0229422       -0.262879       -0.161121
    4    9      -0.0273841       0.0796646       -0.125135
    4   10      -0.0972706       -0.145163        0.272482
    4   11      -0.0313045        0.221343       -0.228869
    4   12       0.0706483       -0.371886       0.0511043
    4   13       -0.202145         0.32902        0.050463
    4   14       -0.208668        0.142408       -0.337868
    4   15        0.177802        0.144302       0.0650097
    4   16        0.104533        -0.24721        0.104084
    4   17       -0.104478        0.241527       0.0803529
    4   18         -0.2388       0.0276891       -0.226598
    4   19       -0.215764       -0.132362       -0.339823
    4   20        0.301886       -0.109495        0.108947
    4   21      -0.0200441        0.166864        0.204405
    4   22       -0.369061       -0.151116        0.153356
    4   23        0.103597        0.244972       -0.157438
    4   24      0.00304284       -0.231425       0.0852033
    4   25       -0.203483      -0.0901618       0.0671399
    4   26       -0.183143         0.28788       0.0492079
    4   27       -0.275888       -0.113123        -0.11118
    4   28        -0.03829       -0.180332      -0.0862425
    4   29        0.151302        0.214632       0.0394166
    4   30       -0.179179      -0.0635866      -0.0818341
    4   31      -0.0511404        0.198895        0.261985
    4   32       0.0442797       -0.075487       0.0512112
    4   33       -0.144671        0.204166        0.123967
    4   34        0.147514        0.210796       0.0952432
    4   35       -0.135974       0.0733972       0.0034589
    4   36      -0.0360046       0.0159668         0.23271
    4   37       -0.117681        0.142942       -0.168516
    4   38        0.279571        0.183207        0.264666
    4   39       -0.181906        0.137346       -0.213333
    4   40         0.22412      -0.0768341       0.0614851
    4   41       0.0899179       -0.300704        0.142057
    4   42         0.14603      -0.0475328       -0.245653
    4   43       0.0239133        0.398488       0.0164539
    4   44        0.127816       -0.239645      -0.0700024
    4   45       -0.325741        0.178742       -0.203619
    4   46       -0.320155       0.0325451       0.0877488
    4   47        0.159554        0.149882        0.301163
    4   48        0.215166       0.0153844       -0.160526
    4   49      -0.0525819        0.192806        0.106974
    4   50       0.0265564         0.19309       -0.429931
    4   51        0.132473        0.132761       0.0749781
    4   52          -0.064        -0.17746       0.0236664
    4   53       0.0519136        0.240681      -0.0367375
    4   54      -0.0376279      -0.0238457        0.124303
    4   55        0.259657       0.0229915       -0.208516
    4   56        0.135447       -0.122467      -0.0801371
    4   57        0.120715       -0.170146         0.22817
    4   58       -0.171467       -0.164094       -0.022614
    4   59       -0.166391       0.0299798        0.150458
    4   60      0.00524123      -0.0329204        0.214112
    4   61        0.100165        0.308734         0.07205
    4   62        0.246706        0.299122       0.0794623
    4   63      -0.0143961       -0.057432       -0.145155
    4   64        -0.12839       -0.129028       -0.278732
    4   65       -0.259199        0.213448        0.131679
    4   66        0.111651       -0.376634       0.0994225
    4   67        0.116222       0.0618083       -0.210551
    4   68      -0.0412992       -0.164513     -0.00371625
    4   69        0.126972       0.0306925        0.207598
    4   70       0.0280306       -0.147551       -0.265151
    4   71        0.188855        0.279138       -0.219654
    4   72      -0.0126133       0.0609852       -0.269179
    4   73       -0.151727        -0.19015        0.107122
    4   74       -0.197235       -0.350663      -0.0240231
    4   75      0.00490719       0.0984739      -0.0306981
    4   76       -0.159193       -0.180159        0.028011
    4   77       0.0946182       0.0471601       -0.249435
    4   78      -0.0652578        0.104608        0.261633
    4   79        0.142274       -0.114525        0.127492
    4   80        0.290173       0.0127176        0.250187
    4   81       0.0520056       -0.142214       -0.126583
    4   82       -0.300236      -0.0126925        0.428824
    4   83        0.130503       0.0737422       -0.178375
    4   84       0.0448083       -0.224767       -0.156966
    4   85       -0.193543       0.0510774        0.252327
    4   86      -0.0419972       0.0189987       -0.145773
    4   87       0.0148407        0.291023       0.0438467
    4   88       -0.096531       -0.106884        0.116431
    4   89       0.0538259       0.0378363         0.11232
    4   90       -0.169729       -0.268557       -0.345374
    4   91        0.267137        0.190904       -0.235923
    4   92        0.240097       0.0655851       -0.152453
    4   93       -0.292196       0.0155339        0.116281
    4   94      0.00535661       -0.109384       -0.270069
    4   95        0.043274       -0.190309        0.100701
    4   96      -0.0474166        0.258383     -0.00702673
    4   97        0.144516      -0.0827795         0.28159
    4   98         0.30087       0.0106788       -0.252884
    4   99       -0.180703       0.0788002      -0.0583113
    4  100       -0.244171       0.0519183       0.0243926
    4  101       -0.143244      -0.0333324        0.133799
    4  102       -0.100247       -0.208491        -0.17307
    4  103       -0.249244        0.138303       0.0123049
    4  104        0.172664       0.0803127       -0.231237
    4  105       0.0663886        0.228173       -0.188293
    4  106       -0.151106       0.0782793        0.100643
    4  107        0.187101       0.0839592       -0.168624
    4  108        0.101718        0.232489         0.12441
    4  109       -0.154872        0.166188      -0.0653551
    4  110        0.345769      0.00362201        0.213266
    4  111        0.282796      -0.0593699       -0.137849
    4  112        0.124034        0.321696         -0.2525
    4  113       -0.209672        0.243625      -0.0658753
    4  114       0.0556936        0.126433       -0.150861
    4  115        0.240872       -0.114244      -0.0386278
    4  116        0.146535       -0.237552        0.136714
    4  117        0.209411         0.22696          0.2758
    4  118       -0.244287       -0.243235       -0.359645
    4  119       -0.224634       -0.200994       -0.161633
    4  120        0.134348       0.0314832       0.0643112
    4  121        0.258383      -0.0919374       -0.104298
    4  122       -0.279287         0.14924       -0.135486
    4  123      -0.0298123       -0.259193      -0.0748444
    4  124       -0.167177       -0.204659        0.195001
    4  125        0.194126        0.148099       0.0223947
    4  126     -0.00443568       -0.302574       -0.198938
    4  127       -0.139218        0.281181       -0.170827
