Run semi-empirical minimization
 &qmmm
  qm_theory='AM1', grms_tol=0.05, scfconv=1.d-10, ndiis_attempts=700,   qmcharge=0,
 /
   6     C        1.1150       -2.4770       -0.0700 
   6    C1        0.5760       -1.2580        0.6620 
   6    C2        1.0240       -1.2350        2.1210 
   6    C3        0.5040       -0.0040        2.8540 
   8     O        0.9380       -0.0290        4.2070 
   1     H        2.2100       -2.4740       -0.0830 
   1    H1        0.7640       -2.4840       -1.1070 
   1    H2        0.7800       -3.4040        0.4070 
   1    H3        0.9190       -0.3520        0.1500 
   1    H4       -0.5190       -1.2650        0.6100 
   1    H5        0.6770       -2.1390        2.6370 
   1    H6        2.1190       -1.2580        2.1830 
   1    H7        0.8890        0.9120        2.3950 
   1    H8       -0.5890        0.0390        2.8400 
   1    H9        0.5190       -0.7970        4.6330 

