# ccbond dipole 
# frame_index bond_index dipole_x dipole_y dipole_z 
#UNITCELL[Ang] 19.7484 0 0 0 19.7484 0 0 0 19.7484
#TEMPERATURE[K] 298
#TIMESTEP[fs] 2.5
    0    0      -0.0542558       0.0174789       -0.114326
    0    1       -0.103059      -0.0882249      -0.0290793
    0    2       0.0244392       0.0162347       0.0398521
    0    3       -0.166247        0.221235         0.04164
    0    4      -0.0691503        -0.32862      -0.0791045
    0    5      -0.0443717       -0.262505       0.0783079
    0    6        0.117469       0.0703029       -0.218672
    0    7      -0.0136151     -0.00378291       -0.143452
    0    8      0.00238528       0.0606917      -0.0667014
    0    9        0.179031      -0.0200271      -0.0732256
    0   10       0.0249637       -0.210922        0.096846
    0   11       0.0200849        0.092228       -0.143264
    0   12       -0.125312      -0.0733032      -0.0707869
    0   13      -0.0120259       0.0702533      -0.0432948
    0   14       0.0335001       0.0753518        0.305257
    0   15       0.0117933       0.0211376         0.05747
    0   16      -0.0717636         0.19151          0.1757
    0   17      -0.0411845       0.0554568        0.150465
    0   18       0.0499053        0.124099      -0.0201996
    0   19       0.0951176       0.0255373        0.289175
    0   20       0.0817238       0.0462047        0.043215
    0   21       -0.105268       0.0831202        0.098584
    0   22        0.108795        0.169354       0.0478801
    0   23      -0.0122811       -0.140009        0.177335
    0   24        0.176346       -0.164067      -0.0676177
    0   25       -0.122738      -0.0615945       0.0885819
    0   26       0.0377486       0.0883723       -0.232775
    0   27       0.0716634        0.114604        -0.13313
    0   28        0.112834      -0.0342957       0.0771051
    0   29        0.115983        0.148079       0.0205617
    0   30       0.0497855       0.0932209       0.0441841
    0   31       0.0860093     -0.00712891       0.0830211
    0   32       0.0038992       0.0733944       0.0183008
    0   33     -0.00975102        -0.14755       -0.072387
    0   34      -0.0286741      -0.0824423      -0.0564854
    0   35       -0.170042       -0.185958       0.0442196
    0   36       0.0124787         0.18943        0.317648
    0   37       -0.242594        0.045651         0.19308
    0   38        -0.12379        0.220427      -0.0150363
    0   39        0.152511      0.00186272       0.0870264
    0   40       -0.174561       -0.206945     -0.00947096
    0   41     -0.00843606       0.0344098       0.0164406
    0   42      0.00904527      -0.0194088       0.0558849
    0   43       0.0362608       -0.010569        0.177629
    0   44      -0.0873797       0.0715999       -0.185524
    0   45      -0.0189942        0.145883       -0.105748
    0   46       0.0775295       -0.026637        0.060621
    0   47       -0.219957      -0.0492581       0.0784809
    0   48         0.14724       0.0163046       0.0727142
    0   49      0.00503397      -0.0533767       0.0612367
    0   50       -0.025324       -0.066078      -0.0242122
    0   51       0.0911774       -0.195743      -0.0456039
    0   52      -0.0517894      -0.0206895     -0.00840234
    0   53        0.229482      -0.0533564        0.138193
    0   54       0.0432684       0.0602488       -0.113121
    0   55       0.0707553      -0.0888685      -0.0871007
    0   56     -0.00412129         0.14074       -0.313591
    0   57      -0.0330696       0.0665104       -0.115311
    0   58        0.100508       -0.058137        0.138932
    0   59       0.0283436      -0.0130503       0.0360763
    0   60     -0.00562741       0.0963047       0.0583324
    0   61       0.0279967       0.0962724        0.206095
    0   62       0.0397917       -0.133779       -0.202333
    0   63       -0.223737       0.0119475        0.147154
    0   64       0.0454047       0.0162611      -0.0250053
    0   65        0.132687        0.222201       0.0156497
    0   66       -0.224147        -0.10789      -0.0383264
    0   67         0.12663       -0.151522        0.137285
    0   68        -0.18096      -0.0564278       0.0734394
    0   69       0.0111441      -0.0510549      -0.0401813
    0   70       -0.176273       -0.089132       0.0915076
    0   71       0.0710036      -0.0393553      -0.0752056
    0   72        0.135385        0.087349       -0.108889
    0   73       0.0869004      0.00613586      -0.0324284
    0   74       0.0308859      -0.0797958      -0.0812908
    0   75      -0.0585128      0.00472768      -0.0200065
    0   76       -0.060015      -0.0581644        0.044964
    0   77      -0.0358004       -0.110082       -0.106004
    0   78       0.0621015      -0.0774228       -0.297586
    0   79      -0.0666853      0.00705564       0.0784605
    0   80      -0.0344689       0.0364111       0.0557495
    0   81      -0.0494416       0.0151764       0.0755741
    0   82       -0.128965       0.0208641     -0.00916991
    0   83       -0.148124       0.0395223       -0.176812
    0   84        0.332989      -0.0568023      -0.0512602
    0   85        0.145978        0.209442      -0.0285723
    0   86       0.0125888        0.035455       0.0043332
    0   87       0.0666823        0.114778        0.130786
    0   88      -0.0898254       -0.136191       0.0377258
    0   89       -0.205948       -0.167535      -0.0833018
    0   90       0.0825778       0.0293761       0.0307419
    0   91        0.117846       0.0156274      -0.0907836
    0   92      -0.0850563       -0.075454       0.0958499
    0   93        0.171195       0.0740343        0.153055
    0   94      -0.0532735      -0.0187952       0.0668499
    0   95       0.0611724      -0.0108802       0.0269847
    0   96       -0.075364         -0.1003      -0.0506066
    0   97      -0.0710983      -0.0321823      0.00298487
    0   98        0.072813       0.0385962      -0.0577851
    0   99       -0.202573       0.0887338        0.098142
    0  100       0.0222744       0.0624815       0.0113214
    0  101        0.108883       0.0384705       0.0654081
    0  102       0.0316262      -0.0957346         0.26445
    0  103      -0.0949436     -0.00907018          0.3191
    0  104       -0.171458        0.120547      -0.0284515
    0  105      -0.0905033      -0.0387087       0.0566438
    0  106        0.182458      -0.0700437        0.126338
    0  107       0.0329663       -0.071983      -0.0293625
    0  108       -0.165406      -0.0365931      0.00119999
    0  109      -0.0248688        0.154365       0.0554223
    0  110       0.0642027        0.100164      -0.0119228
    0  111         0.16615        0.113935      -0.0177927
    0  112       0.0814077     -0.00523577       -0.121542
    0  113       0.0404997         0.02784       0.0670049
    0  114     -0.00439771        0.129462       -0.222329
    0  115      -0.0940133        0.132271      -0.0288909
    0  116        0.105904       -0.302518       0.0594657
    0  117      -0.0456935      -0.0475123       -0.225696
    0  118        0.117807       0.0630425       0.0132682
    0  119        0.113709       -0.127073        0.191179
    0  120       0.0131967       0.0500511      -0.0237933
    0  121        0.171913        0.182479        -0.16855
    0  122       0.0298247       -0.179783        0.116991
    0  123       0.0500123       0.0827082      0.00453261
    0  124       0.0203914      -0.0777791      -0.0595154
    0  125        0.155829       0.0509117        0.273565
    0  126      -0.0730381     -0.00486602       0.0762888
    0  127         0.10433        0.142428       -0.045943
    1    0      -0.0587769       0.0106499       -0.093548
    1    1      -0.0807538       0.0182574       -0.018641
    1    2     -0.00777447      0.00232166      -0.0295675
    1    3       -0.193861        0.279677       0.0513438
    1    4      -0.0945916        -0.33473      -0.0775072
    1    5      -0.0180574       -0.250117        0.116295
    1    6        0.163163       0.0918301       -0.232223
    1    7       0.0412665       0.0299587      -0.0716542
    1    8      -0.0831098       0.0820414      -0.0755159
    1    9        0.164401       0.0413337      -0.0582465
    1   10       0.0346011       -0.158512       0.0804223
    1   11       0.0101382        0.183587       -0.194394
    1   12       -0.125015      -0.0738621      -0.0388063
    1   13     -0.00270641       0.0715191     -0.00474155
    1   14       0.0586638       0.0440058        0.284704
    1   15      -0.0327769        0.032393       0.0286097
    1   16      -0.0615092         0.13228        0.171885
    1   17       0.0442908       0.0282952       0.0663025
    1   18       0.0652965        0.145581      -0.0487787
    1   19        0.108391      -0.0457175        0.309634
    1   20        0.047368       0.0323814       0.0308469
    1   21       -0.102857       0.0784566        0.111192
    1   22        0.103323       0.0964596        0.116577
    1   23      -0.0207323       -0.148259        0.181245
    1   24        0.159612       -0.183796      -0.0692125
    1   25        -0.08114      -0.0661036       0.0868654
    1   26       0.0635604       0.0694561       -0.281294
    1   27       0.0287205       0.0960904       -0.139575
    1   28       0.0858141      -0.0631025      -0.0327062
    1   29        0.127554        0.163578       0.0483237
    1   30       0.0607831       0.0889614        0.105529
    1   31       0.0311258      -0.0737178        0.129719
    1   32       0.0248109        0.130876       0.0168986
    1   33      -0.0236549       -0.117522      -0.0717717
    1   34      -0.0140548      -0.0263922      -0.0320538
    1   35        -0.14188       -0.179304     -0.00388038
    1   36       -0.026162        0.224947        0.324595
    1   37       -0.293414       0.0334489        0.209507
    1   38       -0.157572        0.149393      -0.0110454
    1   39        0.116495       0.0364726       0.0460005
    1   40       -0.139598        -0.21179       0.0704565
    1   41      -0.0903511       0.0432449       0.0377957
    1   42     -0.00115452      -0.0414069       0.0815687
    1   43       0.0250939      -0.0149248        0.154216
    1   44        -0.11348       0.0711571       -0.178926
    1   45      -0.0492246        0.164532       -0.114919
    1   46       0.0880136      -0.0864827       0.0281253
    1   47       -0.180734      -0.0805736       0.0646928
    1   48         0.13228      -0.0185375        0.108158
    1   49      -0.0166058      -0.0706383       0.0265122
    1   50       0.0087305      -0.0927753      -0.0818278
    1   51       0.0362979       -0.225832     -0.00234222
    1   52       0.0710068      -0.0455323       -0.021074
    1   53        0.203168      -0.0382094        0.079677
    1   54       0.0403697       0.0278779       -0.180181
    1   55        0.117424      -0.0227081      -0.0580485
    1   56       0.0134017        0.132284       -0.332269
    1   57       -0.126416       0.0037541         -0.1927
    1   58       0.0820768      -0.0611345        0.102528
    1   59      -0.0621364      -0.0632551        0.108016
    1   60      -0.0210648        0.093653       0.0684824
    1   61      -0.0414387         0.11451        0.214839
    1   62        0.135307       -0.162646       -0.185242
    1   63       -0.152703       0.0383167        0.116852
    1   64       0.0534137      -0.0190961      -0.0147425
    1   65       0.0862304        0.215924       -0.110992
    1   66       -0.191347      -0.0621339      -0.0150744
    1   67        0.109095       -0.202174         0.10728
    1   68       -0.136586      -0.0157608       0.0662276
    1   69     0.000636031     0.000446678       0.0157048
    1   70        -0.14178       -0.069645       0.0828848
    1   71       0.0592639      0.00502825      -0.0325042
    1   72        0.222955         0.10199      -0.0875605
    1   73        0.110235      -0.0404538      -0.0639066
    1   74       0.0200966       -0.095742      -0.0493362
    1   75      -0.0505752     -0.00886971       0.0280866
    1   76      -0.0352793     -0.00151637       0.0276315
    1   77      -0.0587425       -0.140341       -0.116891
    1   78       0.0679302      -0.0875924        -0.28025
    1   79      -0.0534611       0.0252635      0.00708473
    1   80      -0.0141876       0.0109921       0.0896436
    1   81      -0.0340897        0.080419        0.100786
    1   82       -0.125574       0.0452697      0.00590413
    1   83       -0.201058       0.0251426       -0.159678
    1   84        0.354465      -0.0441221      -0.0580509
    1   85         0.10985        0.164812       0.0155796
    1   86      0.00894522        0.038358      -0.0238212
    1   87       0.0805614       0.0999671         0.15902
    1   88      -0.0480744       -0.138355       0.0547828
    1   89       -0.230529        -0.14219       -0.105125
    1   90        0.159782       0.0226533      -0.0748033
    1   91        0.154343      0.00941386       -0.104384
    1   92      -0.0984734      -0.0853327       0.0806795
    1   93       0.0950584        0.152185        0.109532
    1   94      -0.0337977        0.123181       0.0516944
    1   95       0.0323968      -0.0333785       0.0730096
    1   96      -0.0777643       -0.107031      0.00188078
    1   97      -0.0445763      -0.0379071       -0.045482
    1   98       0.0583328    -0.000617353      -0.0549623
    1   99       -0.181621        0.119277         0.19621
    1  100       -0.010113       0.0570517     -0.00175626
    1  101        0.128331       0.0661952        0.043687
    1  102       0.0200095       -0.115822        0.206367
    1  103       0.0129269      -0.0468938        0.289271
    1  104       -0.127256        0.112892       -0.047209
    1  105      0.00387264      -0.0841909       0.0703414
    1  106        0.191749      -0.0918568        0.135075
    1  107      -0.0181152       0.0199434         -0.1121
    1  108       -0.177126      -0.0159011       0.0233935
    1  109      -0.0314816         0.15126       0.0808372
    1  110       0.0939509       0.0504008      -0.0740574
    1  111        0.237846       0.0830668      -0.0438149
    1  112       0.0821005     -0.00465243       -0.152148
    1  113      -0.0363583       0.0361347      -0.0335058
    1  114      -0.0114544        0.142472       -0.202039
    1  115      -0.0683094        0.148504      0.00560802
    1  116        0.113246       -0.325917       0.0927992
    1  117      -0.0556457      -0.0303187        -0.21272
    1  118        0.119172       0.0114189      -0.0257796
    1  119        0.173319       -0.139912         0.18918
    1  120        0.082096        0.067692      -0.0159561
    1  121        0.146168        0.144284       -0.140767
    1  122       0.0464732       -0.154988       0.0622317
    1  123       0.0201582       0.0815743      0.00602075
    1  124      0.00803629       -0.127867      -0.0790127
    1  125        0.157638       0.0447455        0.226884
    1  126      -0.0840941       0.0119058         0.10506
    1  127        0.118371        0.181778      0.00701395
    2    0      -0.0469913      -0.0278384      -0.0563923
    2    1      -0.0553675       0.0388411     -0.00695598
    2    2       0.0644819        0.076987       -0.100737
    2    3       -0.195472        0.276267       0.0503184
    2    4      -0.0739335       -0.357782       -0.061052
    2    5       0.0222411       -0.225918        0.136677
    2    6        0.186059       0.0968487       -0.237423
    2    7        0.105683       0.0847898      -0.0990777
    2    8       -0.169989       0.0986553      -0.0148468
    2    9        0.144025       0.0961767      -0.0955339
    2   10       0.0605502      -0.0725471       0.0633486
    2   11     0.000292076        0.225948       -0.198879
    2   12      -0.0553099      -0.0419999       0.0172277
    2   13       0.0251007       0.0708641     2.97705e-05
    2   14       0.0760092      -0.0148128         0.27868
    2   15      -0.0311293       0.0794504       0.0660729
    2   16      -0.0801141       0.0589894        0.179607
    2   17       0.0416421     -0.00785771       0.0244893
    2   18       0.0576603        0.120923      -0.0540158
    2   19        0.103471      -0.0741363        0.284116
    2   20     -0.00745066       0.0282934       0.0608184
    2   21       -0.100026       0.0808721        0.106564
    2   22       0.0927313       0.0719807        0.143243
    2   23      -0.0424752       -0.120285        0.158081
    2   24        0.127379       -0.167769       -0.038999
    2   25     -0.00771903       -0.102569       0.0678712
    2   26       0.0655543       0.0786615       -0.251914
    2   27      -0.0254439        0.155267        -0.13641
    2   28      0.00042293       -0.123081       -0.115654
    2   29        0.133229        0.162253       0.0698361
    2   30       0.0333038       0.0582432        0.146493
    2   31       0.0844642      0.00413199        0.120432
    2   32       0.0167821        0.197313      -0.0181579
    2   33      -0.0319005      -0.0859971       -0.116775
    2   34      -0.0243483      -0.0515122       0.0112456
    2   35       -0.172814       -0.193634    -0.000907268
    2   36      -0.0228232        0.210452        0.301101
    2   37       -0.316908       0.0357308        0.179194
    2   38       -0.141115       0.0945233     0.000987733
    2   39       0.0832593        0.049588       0.0893569
    2   40       -0.149403        -0.21308       0.0864017
    2   41       -0.152823       0.0225721        0.081648
    2   42      0.00447629      -0.0803337       0.0987233
    2   43       0.0486547       0.0425853         0.12762
    2   44      -0.0944766       0.0834886       -0.161583
    2   45       0.0234183       0.0811669       -0.124162
    2   46        0.090793       -0.133089      -0.0570625
    2   47       -0.167147      -0.0789189      -0.0256593
    2   48        0.113865      -0.0572575        0.131208
    2   49     -0.00595972       -0.125018       0.0461753
    2   50       0.0173597      -0.0924386      -0.0725316
    2   51        0.032342        -0.22696     -0.00997525
    2   52        0.111394      -0.0413465      -0.0491201
    2   53        0.158448      -0.0684397       0.0493678
    2   54        0.059269       0.0777974       -0.135505
    2   55        0.100285     -0.00381021      0.00967256
    2   56       0.0360744        0.110583       -0.312377
    2   57       -0.156815      -0.0361393       -0.189179
    2   58       0.0559989      -0.0626313        0.041588
    2   59       -0.091379      -0.0769743        0.125729
    2   60      -0.0161829        0.102729       0.0207152
    2   61      -0.0519581        0.114093        0.219106
    2   62        0.145662       -0.161987        -0.19877
    2   63        -0.15071       0.0796286       0.0453264
    2   64       0.0165291       -0.125476      -0.0170616
    2   65       0.0769273        0.217866       -0.156022
    2   66       -0.210653       -0.112277      -0.0432113
    2   67        0.107445        -0.14813       0.0519958
    2   68      -0.0315218      -0.0536295       0.0934149
    2   69       0.0273264       0.0392287       0.0308484
    2   70       -0.184223      -0.0458845       0.0848327
    2   71       0.0412413      -0.0512433      0.00295903
    2   72        0.219131        0.106696       -0.119792
    2   73        0.174269      -0.0287419       -0.110401
    2   74       0.0098354       -0.127818      -0.0361935
    2   75       0.0376104       0.0249562        0.103551
    2   76      0.00601665       0.0543131      0.00415034
    2   77      -0.0196983      -0.0768263      -0.0864381
    2   78       0.0659511       -0.135101       -0.268114
    2   79     -0.00297684        0.071955      -0.0372506
    2   80    -0.000833974      -0.0156053        0.122807
    2   81        -0.06611        0.110373       0.0826894
    2   82      -0.0937113       0.0864767       -0.046156
    2   83       -0.196443       0.0429107       -0.171023
    2   84        0.317887      -0.0695567      -0.0985751
    2   85        0.106348        0.103286      -0.0797088
    2   86       0.0110286       0.0328388      -0.0463152
    2   87        0.089837       0.0916977        0.129485
    2   88      -0.0575251       -0.145862        0.069995
    2   89       -0.233049       -0.113642       -0.120436
    2   90        0.177832     0.000321212       -0.151642
    2   91        0.213882       0.0172882       -0.137987
    2   92      -0.0591853      -0.0864888       0.0499623
    2   93        0.123182        0.144441        0.127387
    2   94      -0.0408244        0.198164       0.0282569
    2   95        0.016898      -0.0402486       0.0866658
    2   96       -0.103503        -0.14156       0.0288398
    2   97      -0.0313407      -0.0454571      -0.0324379
    2   98        0.019172      -0.0680143      -0.0253801
    2   99       -0.141567        0.118231        0.155302
    2  100       0.0321058       0.0147824      0.00477632
    2  101        0.176716     -0.00923146       0.0361833
    2  102       0.0236269       -0.152136          0.1382
    2  103       0.0658346      -0.0666309        0.255322
    2  104      -0.0373539       0.0730575      -0.0427032
    2  105       0.0363061       -0.105213       0.0416696
    2  106        0.186633       -0.112535        0.113154
    2  107       0.0132996      -0.0240048       -0.146472
    2  108       -0.168103      -0.0060425       0.0138672
    2  109     -0.00670993        0.114658       0.0463466
    2  110        0.103207       0.0486788      -0.0762132
    2  111        0.229987       0.0490919      0.00991569
    2  112          0.1029       0.0383943       -0.157198
    2  113       -0.143233       0.0378399      -0.0747814
    2  114      -0.0416672        0.127147       -0.179916
    2  115      -0.0323915        0.107359       0.0582411
    2  116         0.15494       -0.344608        0.129711
    2  117        -0.01897      -0.0718111       -0.158347
    2  118       0.0947859       0.0273109      -0.0577771
    2  119        0.195295        -0.12711        0.187007
    2  120       0.0719441       0.0786395      -0.0058183
    2  121        0.076484       0.0325778      -0.0836935
    2  122       0.0170351      -0.0547676       0.0976919
    2  123      -0.0182405        0.131681       0.0360207
    2  124       -0.035277        -0.17326      -0.0777859
    2  125       0.0463037       0.0353426        0.190511
    2  126      -0.0878851       0.0321782       0.0961738
    2  127        0.145028        0.179177      -0.0212546
    3    0      -0.0718824      -0.0262493       0.0255353
    3    1       -0.100345         0.06263      -0.0356222
    3    2       0.0564241       0.0635451      -0.0511154
    3    3       -0.212556        0.272113       0.0997936
    3    4      -0.0873997       -0.329487       -0.036447
    3    5       0.0210416       -0.206603        0.172353
    3    6        0.202843        0.104527       -0.239136
    3    7        0.139126        0.113532      -0.0199346
    3    8       -0.209774       0.0957533       0.0205181
    3    9        0.143758        0.138022        -0.10677
    3   10       0.0439616     -0.00627972       0.0366892
    3   11      -0.0093486          0.1991        -0.18804
    3   12      -0.0236405      -0.0478193        0.078119
    3   13       0.0356136       0.0787916      -0.0228424
    3   14       0.0872708      -0.0460947        0.273447
    3   15     0.000404658       0.0886474        0.196295
    3   16      -0.0760136      0.00800012        0.111534
    3   17       0.0570186       0.0674011        0.066802
    3   18       0.0222426        0.111392      -0.0407935
    3   19       0.0722974      -0.0742341         0.26672
    3   20      -0.0765091       0.0258516       0.0137144
    3   21       -0.128829        0.122109       0.0569322
    3   22       0.0666145        0.044781       0.0907904
    3   23      -0.0346816       -0.109003       0.0904689
    3   24        0.168727        -0.14534       0.0307501
    3   25       0.0529071      -0.0546615     -0.00421082
    3   26       0.0258241        0.103287       -0.170316
    3   27      -0.0328568        0.120969       -0.141371
    3   28      -0.0249374       -0.173387       -0.129605
    3   29        0.134823        0.151373       0.0797789
    3   30       0.0347641       0.0487672        0.166145
    3   31       0.0754004      -0.0529488         0.11958
    3   32       -0.031072        0.231956      -0.0359508
    3   33      -0.0839287      -0.0841307       -0.148179
    3   34      0.00415684      -0.0585396       0.0651138
    3   35       -0.157225       -0.164076      -0.0146731
    3   36      -0.0182187        0.208657        0.275627
    3   37       -0.292514       0.0296588        0.165246
    3   38      -0.0756485       0.0975901       0.0385899
    3   39       0.0998306     -0.00703106        0.177898
    3   40       -0.151458       -0.200764        0.102905
    3   41       -0.144052      0.00531406        0.104176
    3   42       -0.014742      -0.0948577        0.137243
    3   43       0.0366029        0.045955         0.11107
    3   44      -0.0519267        0.145927       -0.188123
    3   45       0.0753632       0.0724216        -0.15143
    3   46       0.0804238       -0.211273       -0.123909
    3   47       -0.133779      -0.0978469       -0.041749
    3   48        0.152627      -0.0681785         0.11769
    3   49      0.00716107       -0.129972       0.0436403
    3   50       0.0064272       -0.101995       -0.112072
    3   51       0.0609803       -0.228693     -0.00651922
    3   52        0.163816      -0.0365759      -0.0827759
    3   53       0.0938327      -0.0073859       0.0424363
    3   54     -0.00776059       0.0703925      -0.0892446
    3   55        0.127261       0.0187295       0.0559217
    3   56       0.0867908       0.0539033        -0.23912
    3   57       -0.154688      -0.0279102       -0.196664
    3   58        0.035384      -0.0225663       0.0137576
    3   59       -0.106601       -0.109197        0.136492
    3   60      -0.0321368        0.105093     -0.00772439
    3   61      -0.0552448       0.0973653        0.162671
    3   62        0.156291        -0.20053       -0.193687
    3   63       -0.173209       0.0239132       0.0212936
    3   64        0.036542       -0.196904      -0.0151655
    3   65        0.020659        0.171634       -0.222917
    3   66       -0.153463       -0.182893      -0.0165702
    3   67       0.0748997      -0.0862532       0.0221399
    3   68      -0.0108323      -0.0186701        0.088962
    3   69       0.0283376       0.0803021       0.0975424
    3   70       -0.137172      -0.0353595       0.0937448
    3   71       0.0176811      0.00717841       0.0342318
    3   72         0.21988        0.110745       -0.109373
    3   73        0.178898      -0.0563878       -0.115879
    3   74      -0.0209318       -0.137386     -0.00530037
    3   75        0.122849       0.0819195       0.0939993
    3   76       0.0425733       0.0625365      -0.0365014
    3   77      -0.0214021       0.0273578       0.0564303
    3   78       0.0590209      -0.0755147       -0.207643
    3   79       0.0501065       0.0147583      -0.0774143
    3   80      0.00442645      -0.0253037        0.139531
    3   81      -0.0245625        0.210424        0.105548
    3   82      -0.0960419        0.110287      -0.0219143
    3   83       -0.165877       0.0606629       -0.125584
    3   84        0.312305      -0.0600128       -0.125929
    3   85         0.12016        0.148108       -0.041246
    3   86         0.01949       0.0245039      -0.0850994
    3   87        0.131724       0.0505964       0.0420718
    3   88       -0.115195       -0.142834       0.0856479
    3   89       -0.241656      -0.0669345      -0.0711251
    3   90        0.175209      -0.0256527       -0.217856
    3   91        0.263471       -0.028436      -0.0745929
    3   92      0.00667586       -0.121803       0.0259555
    3   93        0.156552       0.0667793        0.182773
    3   94      -0.0382187         0.25551       0.0110274
    3   95      0.00660352      -0.0800861       0.0877814
    3   96      -0.0874612       -0.127322        0.122036
    3   97      -0.0401856      -0.0585223       -0.054537
    3   98       0.0371988      -0.0962387      0.00661619
    3   99       -0.125977        0.103419        0.160711
    3  100       0.0567571      -0.0475109       0.0029396
    3  101        0.208794      -0.0959438       0.0167545
    3  102       0.0223108       -0.125586       0.0432019
    3  103        0.135213      -0.0878354        0.211873
    3  104       0.0363617       0.0475969      -0.0764274
    3  105       0.0550612      -0.0780453       0.0393696
    3  106        0.169023       -0.157379        0.109608
    3  107      -0.0194269      -0.0224759       -0.127112
    3  108       -0.145374       0.0098687       0.0312107
    3  109       0.0103817       0.0476133        0.052719
    3  110       0.0702016       0.0395995       -0.055733
    3  111        0.217688       0.0555141      -0.0336982
    3  112       0.0459466       0.0104762       -0.191942
    3  113       -0.182921       0.0452219      -0.0887256
    3  114      -0.0755262        0.104925       -0.105916
    3  115      -0.0021584       0.0994608        0.087683
    3  116        0.165188       -0.365295        0.141245
    3  117      -0.0209198       -0.104046       -0.154727
    3  118        0.076971       0.0125172      -0.0276006
    3  119        0.181134       -0.101009         0.16932
    3  120       0.0410526       0.0789834      -0.0266052
    3  121       0.0109581      -0.0583907       -0.071519
    3  122       0.0137431       0.0238396       0.0613547
    3  123      -0.0818147        0.107535       0.0345719
    3  124      -0.0367707       -0.216658       -0.061789
    3  125     -0.00566521       0.0665178        0.182175
    3  126      -0.0681587       0.0898046       0.0453075
    3  127        0.186252        0.184459      -0.0273193
    4    0       -0.127419     -0.00236453      -0.0415533
    4    1      -0.0753773       0.0477421       -0.044024
    4    2      -0.0141115       0.0493181      -0.0172961
    4    3       -0.218058        0.258312       0.0979508
    4    4      -0.0481007       -0.331154      -0.0119724
    4    5       0.0326746       -0.207674        0.171349
    4    6        0.251523       0.0961377       -0.214379
    4    7        0.152296         0.15747      -0.0364706
    4    8       -0.202413       0.0893384       0.0268319
    4    9        0.102341        0.099295      -0.0972366
    4   10       0.0724781       0.0413295     -0.00732158
    4   11      -0.0320412        0.161423       -0.235063
    4   12      0.00758347      -0.0357724        0.123106
    4   13       0.0374714        0.057972      -0.0450569
    4   14       0.0886371      -0.0779293        0.226253
    4   15      -0.0207308        0.100597        0.210958
    4   16      -0.0662359     -0.00246832        0.031953
    4   17       0.0494241       0.0677339        0.132041
    4   18     -0.00556321       0.0826331      -0.0413783
    4   19        0.071596      -0.0531594        0.281708
    4   20      -0.0892639       0.0539184       0.0386991
    4   21      -0.0919008        0.131553       0.0066761
    4   22       0.0419763        0.011643       0.0395432
    4   23      -0.0304771       -0.118197      -0.0306644
    4   24       0.0985486       -0.104323       0.0840236
    4   25        0.109697       -0.014519       -0.073144
    4   26       0.0417994        0.111514       -0.125029
    4   27      -0.0181019        0.165364       -0.158456
    4   28      -0.0623214       -0.242705       -0.182238
    4   29        0.145294        0.152597       0.0913528
    4   30       0.0606839       0.0392745        0.163148
    4   31       0.0694273      -0.0623676        0.174705
    4   32      -0.0575537        0.200721      -0.0216336
    4   33      -0.0682105     -0.00810189       -0.123435
    4   34       0.0379785       -0.100174        0.104518
    4   35       -0.179198       -0.194523      0.00838125
    4   36      -0.0451379        0.230119        0.275393
    4   37       -0.266367       0.0386586         0.11753
    4   38      -0.0839852      0.00468998        0.113186
    4   39       0.0846148         0.02792        0.174993
    4   40       -0.178004        -0.18981       0.0905125
    4   41       -0.142869     -0.00553599        0.142252
    4   42       0.0380714       -0.108189        0.185852
    4   43       0.0656571       0.0798099        0.157551
    4   44      -0.0650497        0.199485       -0.240995
    4   45        0.152556       0.0852302       -0.232706
    4   46       0.0910922       -0.288526       -0.144656
    4   47       -0.140052      -0.0778084       -0.113023
    4   48        0.192391      -0.0473092        0.133199
    4   49       0.0067068       -0.126875       0.0525894
    4   50       0.0339691       -0.105412       -0.128432
    4   51       0.0274877       -0.204119      -0.0132582
    4   52         0.15784       0.0302624      -0.0548388
    4   53      -0.0397422       0.0208621     -0.00623528
    4   54      -0.0274455       0.0513871      -0.0847876
    4   55         0.12505       0.0627655       0.0867041
    4   56        0.109531       0.0240717       -0.193197
    4   57       -0.078268       0.0679724       -0.245079
    4   58      -0.0150883       0.0407343        -0.01966
    4   59      -0.0474135       -0.158177        0.121151
    4   60       -0.043796        0.109594      -0.0562318
    4   61      -0.0209363       0.0606576        0.127265
    4   62        0.174059       -0.263909       -0.138684
    4   63        -0.11255       -0.034852        0.028411
    4   64       0.0537312       -0.270754     -0.00598133
    4   65      0.00291679         0.14477       -0.223985
    4   66       -0.151805       -0.113088      -0.0286606
    4   67       0.0359195       0.0019624       0.0220618
    4   68       0.0191628       0.0224833       0.0137641
    4   69       0.0779794        0.136615       0.0964028
    4   70      -0.0994611      -0.0421512       0.0490537
    4   71       0.0439724      0.00459455       0.0466886
    4   72        0.165971       0.0820811       -0.114076
    4   73        0.129274      -0.0951253       -0.104025
    4   74      -0.0480084       -0.126288       0.0557461
    4   75        0.144842       0.0771708        0.109488
    4   76       0.0334147       0.0568893       0.0131422
    4   77     0.000912172       0.0511746        0.117861
    4   78       0.0568092      -0.0713634       -0.161446
    4   79       0.0721252     -0.00657408     -0.00243139
    4   80      -0.0145178      -0.0629995        0.153849
    4   81      -0.0225404        0.225909        0.105098
    4   82      -0.0721461        0.110762      -0.0280053
    4   83        -0.16344        0.059915      -0.0776028
    4   84        0.297363      -0.0570154       -0.127181
    4   85        0.146475        0.151195      -0.0393135
    4   86     -0.00992967       0.0731955      -0.0806658
    4   87       0.0873441     -0.00804859      -0.0223041
    4   88       -0.132912        -0.12023       0.0680966
    4   89       -0.210561      -0.0057043      -0.0600761
    4   90        0.110137      -0.0959693        -0.24872
    4   91        0.221606      -0.0628578      -0.0478757
    4   92       0.0548156       -0.134542       0.0153243
    4   93        0.129819      -0.0379932        0.169896
    4   94      -0.0204571        0.277678      0.00653145
    4   95      -0.0951418      -0.0858897        0.135588
    4   96      -0.0285479      -0.0765518        0.152883
    4   97      -0.0324349      -0.0438549      -0.0463998
    4   98       0.0512174       -0.131785        0.015609
    4   99       -0.112117        0.119055        0.135484
    4  100       0.0882467      -0.0669832      -0.0101723
    4  101        0.199144        -0.13455       0.0276264
    4  102       0.0229095      -0.0889785     -0.00538298
    4  103        0.178405      -0.0882443        0.136439
    4  104       0.0662839    -0.000345933      -0.0695591
    4  105       0.0664427      -0.0465489       0.0375542
    4  106       0.0979892       -0.130087       0.0524625
    4  107      -0.0094377      -0.0210868      -0.0691997
    4  108       -0.132921       0.0267646       0.0200495
    4  109       0.0459092     -0.00142818       0.0457095
    4  110       0.0501208       0.0319196      -0.0208821
    4  111        0.211466         0.13457      -0.0260269
    4  112     -0.00946954     -0.00452384        -0.17404
    4  113       -0.257228       0.0497999      -0.0531291
    4  114       -0.109072       0.0865739      -0.0499062
    4  115        0.035897       0.0640927        0.142613
    4  116        0.177122       -0.336393        0.147351
    4  117       0.0219492       -0.119331       -0.133848
    4  118        0.104593       0.0931776        0.040016
    4  119        0.144229       -0.052224        0.105725
    4  120       0.0175273       0.0812277     -0.00279326
    4  121      -0.0425218       -0.103834      -0.0784292
    4  122       0.0251249       0.0422705       0.0114777
    4  123      -0.0933266       0.0482528      0.00747089
    4  124      -0.0318509       -0.289228      -0.0551244
    4  125      -0.0303334       0.0531491        0.214387
    4  126      -0.0510626        0.158368       0.0248472
    4  127        0.161878         0.20783      -0.0696692
    5    0       -0.128181      -0.0439132      -0.0817521
    5    1      -0.0722417       0.0660446      -0.0557219
    5    2      -0.0596545      0.00714579       0.0937153
    5    3       -0.229417        0.258982       0.0772055
    5    4      -0.0570535       -0.335998      -0.0003879
    5    5       0.0258324       -0.227647        0.112246
    5    6        0.219938        0.124497       -0.214478
    5    7         0.18157        0.195015      -0.0332573
    5    8       -0.190905        0.034144        0.122214
    5    9       0.0685606       0.0807717      -0.0239439
    5   10        0.138495       0.0959868      -0.0347361
    5   11      -0.0290056        0.112051       -0.255606
    5   12       0.0237757      -0.0202669        0.145353
    5   13       0.0536117       0.0535508      -0.0343666
    5   14       0.0829683      -0.0566673        0.194675
    5   15       0.0192267        0.175494        0.251502
    5   16      -0.0813623      -0.0167992      0.00825726
    5   17      0.00397407       0.0874412        0.137547
    5   18      -0.0612206         0.06929       0.0119049
    5   19        0.043524      -0.0781449        0.249267
    5   20      -0.0980333         0.05666       0.0711887
    5   21      -0.0658396         0.11649      -0.0336117
    5   22       0.0257353      -0.0281868       0.0159542
    5   23       -0.028694      -0.0710606       -0.166335
    5   24       0.0538567      -0.0272848        0.129149
    5   25        0.161823      0.00490564      -0.0892036
    5   26       0.0299603        0.113164      -0.0523235
    5   27     -0.00436094         0.17019       -0.194408
    5   28      -0.0794934       -0.267537       -0.136903
    5   29          0.1587         0.15036       0.0962796
    5   30       0.0701038       0.0427154        0.164268
    5   31       0.0948173      -0.0710251         0.15041
    5   32      -0.0452754        0.149921      -0.0149272
    5   33      -0.0371713       0.0198649       -0.136425
    5   34       0.0995349      -0.0776482        0.164599
    5   35       -0.178712        -0.17204       0.0719427
    5   36      -0.0576735        0.276361        0.284598
    5   37        -0.22014       0.0424001         0.11647
    5   38      -0.0966516     0.000567806        0.122669
    5   39      0.00558365      -0.0224903        0.162518
    5   40       -0.155404       -0.155674       0.0828219
    5   41       -0.108683      -0.0191832        0.153286
    5   42       0.0415793       -0.148224         0.15336
    5   43       0.0778448       0.0925236        0.138273
    5   44       -0.037763         0.21968       -0.262645
    5   45        0.212914       0.0300855       -0.214777
    5   46        0.101525       -0.320777       -0.161466
    5   47      -0.0328498     -0.00225639       -0.128451
    5   48        0.273312       -0.056718        0.142633
    5   49        0.050616        -0.10094       0.0542841
    5   50       0.0347834       -0.107406       -0.140558
    5   51       0.0377254       -0.159194      -0.0626843
    5   52        0.151433       0.0819516      -0.0290329
    5   53      -0.0593666        0.122055      -0.0425674
    5   54      -0.0288618      -0.0145579       -0.148329
    5   55       0.0672209       0.0983191       0.0760566
    5   56       0.0920839     -0.00200549        -0.13365
    5   57      -0.0156116        0.132168       -0.242675
    5   58      -0.0638434       0.0928242      -0.0463243
    5   59      -0.0345952       -0.123823        0.115792
    5   60      -0.0697379        0.111419       -0.132949
    5   61       0.0481066        0.093044        0.155231
    5   62        0.183993       -0.278369       -0.105037
    5   63       0.0553621       -0.169666       0.0512411
    5   64        0.123698       -0.311609       0.0397955
    5   65      -0.0356269        0.116987       -0.243909
    5   66       -0.152504       -0.057519      -0.0148116
    5   67       0.0248794        0.106983       0.0397064
    5   68       0.0452061      0.00771186      -0.0182722
    5   69       0.0760299        0.126294        0.130652
    5   70       -0.106281      -0.0121319      -0.0054888
    5   71       0.0631608       0.0322683      0.00304352
    5   72        0.107826        0.059729      -0.0612527
    5   73        0.134646      -0.0773664      -0.0979871
    5   74       -0.100968       -0.141398       0.0605607
    5   75        0.122384       0.0738498        0.114875
    5   76       0.0505413     -0.00468533      0.00568024
    5   77        0.010185       0.0253635         0.15652
    5   78       0.0381474      -0.0494502       -0.111364
    5   79        0.112526       -0.143702       -0.023129
    5   80      0.00265397      -0.0758823        0.150098
    5   81      -0.0293071        0.277628       0.0719819
    5   82       -0.025714       0.0907261      -0.0385998
    5   83       -0.181036       0.0682721      -0.0173881
    5   84        0.253021      -0.0564662       -0.139924
    5   85        0.154693        0.128588      -0.0601886
    5   86      -0.0362592       0.0639964      -0.0671456
    5   87       0.0430063       0.0165766      -0.0725249
    5   88       -0.180691       -0.110619       0.0600614
    5   89       -0.168284      -0.0513158      -0.0264405
    5   90        0.110582      -0.0573945       -0.250858
    5   91        0.138537      -0.0201935      -0.0466046
    5   92        0.116471       -0.120408       0.0114034
    5   93       0.0928048       -0.105534       0.0548802
    5   94     -0.00590261          0.2696      0.00685787
    5   95      -0.0999281       -0.132878        0.170741
    5   96      -0.0188323      -0.0220683        0.157405
    5   97     -0.00625628      -0.0306352      -0.0753758
    5   98       0.0610459       -0.127207     -0.00102482
    5   99      -0.0854617        0.103461        0.139446
    5  100       0.0156317      -0.0923686       0.0150487
    5  101       0.0893823       -0.148937      -0.0499983
    5  102       0.0331849      -0.0344431      -0.0599815
    5  103        0.193209      -0.0840421        0.068427
    5  104       0.0993901      -0.0362647      -0.0827892
    5  105       0.0621626      -0.0388077       0.0244578
    5  106       0.0471474       -0.120278       0.0086539
    5  107      -0.0197716       0.0439458      -0.0687021
    5  108       -0.103965       0.0416926      0.00367231
    5  109       0.0240404      -0.0185079        0.059704
    5  110       0.0574408       0.0998025      -0.0315019
    5  111        0.132557        0.215317      -0.0561539
    5  112      -0.0264778       0.0609742       -0.126695
    5  113       -0.249117       0.0293319      -0.0562345
    5  114       -0.102969        0.054916      -0.0430845
    5  115       0.0952039     -0.00558414        0.193999
    5  116        0.130567       -0.285827        0.123165
    5  117       0.0562365      -0.0632315      -0.0517402
    5  118        0.114773        0.126189         0.10385
    5  119        0.121355      0.00779545       0.0433609
    5  120       0.0353904        0.107136       0.0220451
    5  121      -0.0460451       -0.150034      -0.0736928
    5  122       0.0272636       0.0850718      -0.0365034
    5  123       -0.101101       0.0276815        0.013691
    5  124       0.0238575        -0.27548       -0.087555
    5  125      -0.0528812       0.0547794        0.185597
    5  126      -0.0330886        0.191179       0.0390635
    5  127       0.0911704        0.152916       -0.114214
    6    0      -0.0521152      -0.0376837      -0.0395363
    6    1      -0.0272401        0.056512      -0.0283923
    6    2       -0.156632      -0.0148827       0.0882713
    6    3       -0.271891        0.166697        0.045089
    6    4      -0.0769591       -0.308853      -0.0166774
    6    5     -0.00152612       -0.224566       0.0169183
    6    6        0.224949        0.100619       -0.218972
    6    7        0.154168        0.221528       0.0337717
    6    8       -0.173517       0.0198143         0.13874
    6    9       0.0779231       0.0845284      -0.0102947
    6   10        0.114163        0.125397      -0.0496185
    6   11      -0.0219114       0.0568401       -0.211455
    6   12       0.0356486      0.00996759        0.136803
    6   13       0.0130108       0.0407114      -0.0298723
    6   14       0.0809504      -0.0234521        0.148969
    6   15       0.0183586        0.164531        0.262063
    6   16      -0.0707929      0.00271324       -0.049125
    6   17     -0.00687158       0.0567855       0.0965733
    6   18       -0.140046       0.0248435         0.04287
    6   19      0.00435146       -0.124407        0.193478
    6   20      -0.0847114       0.0583593        0.132418
    6   21      -0.0316307        0.138044       0.0152526
    6   22       0.0388865      -0.0665933     -0.00133567
    6   23      -0.0296466      -0.0122841       -0.224716
    6   24        0.052933      0.00540988        0.187834
    6   25        0.210606      0.00506292      -0.0976386
    6   26        0.045861        0.150271      -0.0529721
    6   27       0.0297975        0.135734       -0.204698
    6   28      -0.0894397       -0.249631       -0.147094
    6   29        0.108487       0.0919283        0.112074
    6   30       0.0717207       0.0476077        0.121392
    6   31       0.0917668      -0.0860908       0.0150293
    6   32      -0.0654704        0.117871     -0.00325841
    6   33       0.0213076       0.0713475       -0.053938
    6   34        0.124389      -0.0502881        0.141191
    6   35       -0.166267       -0.143148       0.0179219
    6   36      -0.0664683        0.252927        0.253288
    6   37       -0.170253       0.0467466        0.127997
    6   38       -0.112491        0.057433        0.163307
    6   39      -0.0554731      -0.0386872        0.134927
    6   40       -0.132851       -0.132898       0.0774112
    6   41       -0.133444      0.00390349        0.140859
    6   42       0.0323678       -0.138746        0.206166
    6   43       0.0515006       0.0845076        0.162688
    6   44      -0.0198604        0.238168       -0.292297
    6   45        0.176886       0.0411465       -0.189211
    6   46        0.101077       -0.326013       -0.166542
    6   47      -0.0212352      0.00166076       -0.157856
    6   48        0.315572      -0.0343075         0.15763
    6   49       0.0735633      -0.0651341        0.148157
    6   50      -0.0748976       -0.114423       -0.127034
    6   51       0.0392286       -0.116885      -0.0514917
    6   52        0.106554        0.131745     -0.00212103
    6   53      -0.0975825        0.154321      -0.0393284
    6   54      -0.0220795      -0.0372285       -0.131402
    6   55        0.119916       0.0922037       0.0566965
    6   56       0.0568427      -0.0206396      -0.0755241
    6   57         0.01071        0.148747       -0.216519
    6   58      -0.0984324        0.106152      -0.0337923
    6   59     -0.00623965        -0.18406        0.157897
    6   60       -0.106535       0.0817627       -0.171517
    6   61      -0.0293747       0.0448594        0.211621
    6   62        0.167395       -0.294611      -0.0167897
    6   63        0.107358       -0.190569       0.0465954
    6   64        0.192431       -0.323943       0.0399873
    6   65      -0.0651107       0.0610187       -0.247737
    6   66       -0.133034      -0.0320633     -0.00548276
    6   67      -0.0616927        0.184966      -0.0541204
    6   68       0.0596618       0.0292893      -0.0479697
    6   69       0.0378378        0.185202        0.200791
    6   70        -0.15802      -0.0035606      -0.0503096
    6   71       0.0574954       0.0619858       0.0067524
    6   72       0.0609727       0.0372239      -0.0661884
    6   73        0.196194      -0.0315558      -0.0844659
    6   74        -0.10407       -0.130944       0.0718432
    6   75        0.122294       0.0925375        0.140153
    6   76       0.0769531      -0.0327555      -0.0663728
    6   77      0.00652142       0.0483361        0.169203
    6   78       0.0228991      -0.0465394      -0.0606646
    6   79        0.117894       -0.173816       0.0257813
    6   80    -0.000369147      -0.0710211        0.100541
    6   81      -0.0038715        0.199136       0.0335592
    6   82     -0.00037818       0.0980554      -0.0679046
    6   83       -0.165933         0.07077       0.0231386
    6   84        0.210925      -0.0660422       -0.147476
    6   85        0.126742        0.122477      -0.0467179
    6   86      -0.0239758       0.0641003      -0.0421462
    6   87       0.0493822      0.00719263      -0.0990454
    6   88       -0.188459       -0.131168       0.0709294
    6   89       -0.136495      -0.0420879     -0.00135669
    6   90        0.112533       -0.065148       -0.265149
    6   91        0.123527       0.0119164       -0.135477
    6   92        0.140236      -0.0838914       0.0202237
    6   93      -0.0145022      -0.0561483       -0.072975
    6   94       0.0173599        0.236619       0.0153113
    6   95        -0.10746       -0.144194        0.134688
    6   96        0.041792       0.0260157        0.107247
    6   97      -0.0125057      -0.0262858      -0.0812798
    6   98       0.0157103      -0.0980204     -0.00119918
    6   99       -0.042443       0.0833791       0.0467904
    6  100     -0.00937661       -0.104708       0.0398322
    6  101      0.00333186      -0.0704099      -0.0524797
    6  102       0.0381183         0.03664       -0.085011
    6  103        0.207516       -0.108382      0.00318752
    6  104        0.086955       -0.106595       -0.116782
    6  105        0.101924      -0.0233222      0.00544243
    6  106       0.0017227      -0.0866312      -0.0343696
    6  107      -0.0583793       0.0154172      -0.0272206
    6  108       -0.060114       0.0370503      -0.0138016
    6  109     -0.00387143      -0.0555512       0.0809021
    6  110        0.130997       0.0556239      -0.0776203
    6  111        0.112519        0.253433      -0.0947203
    6  112      -0.0491735       0.0671887      -0.0356202
    6  113        -0.25294       0.0359113      -0.0426358
    6  114      -0.0920219       0.0557288      -0.0245152
    6  115        0.115324      -0.0299471         0.23876
    6  116        0.113355       -0.167233       0.0758362
    6  117       0.0548249      -0.0913757       -0.028016
    6  118       0.0706318        0.107251        0.108883
    6  119         0.14849      -0.0368192       0.0673191
    6  120     0.000510333       0.0570151       0.0118036
    6  121      -0.0418134       -0.128722       -0.100208
    6  122       0.0666569        0.114067       -0.114119
    6  123       -0.159139      -0.0265348       0.0435999
    6  124       0.0309903       -0.274586      -0.0781678
    6  125      -0.0194312       0.0609493        0.183443
    6  126      -0.0195435        0.214648       0.0123183
    6  127       0.0476759         0.14016       -0.134358
    7    0      -0.0249914      -0.0218239      -0.0253896
    7    1       0.0554619       0.0957912       0.0225817
    7    2       -0.121267       -0.020858        0.100733
    7    3       -0.253928        0.167014       0.0501028
    7    4      -0.0832863       -0.220485        -0.02876
    7    5       0.0106777       -0.177365      -0.0457463
    7    6        0.163726       0.0909525       -0.212969
    7    7        0.140048        0.247097       0.0741477
    7    8      -0.0885681       0.0123889        0.138404
    7    9       0.0509288        0.114746      -0.0282889
    7   10       0.0925952        0.212552      -0.0694351
    7   11      -0.0120938       0.0651617       -0.173843
    7   12       0.0468825       0.0405487        0.111933
    7   13       0.0087882       0.0179735      -0.0340869
    7   14       0.0538858        0.046089       0.0858727
    7   15       -0.063473        0.149777        0.283009
    7   16       -0.081964     -0.00170667      -0.0922746
    7   17    -0.000932682       0.0957925       0.0523563
    7   18       -0.124456      -0.0349214       0.0741172
    7   19      -0.0190672      -0.0743942       0.0751907
    7   20      -0.0622959       0.0436868        0.156777
    7   21      -0.0315817        0.153405     -0.00531937
    7   22       0.0174395       -0.104125        0.068523
    7   23       -0.035811      0.00524733       -0.228717
    7   24       0.0480374       0.0276814        0.187452
    7   25        0.248268       0.0224741       -0.177633
    7   26       0.0791367        0.144622      -0.0819331
    7   27       0.0450668       0.0811931       -0.198827
    7   28      -0.0844992       -0.185528       -0.217616
    7   29       0.0857517       0.0706664       0.0595321
    7   30        0.086017       0.0887608       0.0870278
    7   31       0.0583618      -0.0444746       0.0531048
    7   32       -0.040788       0.0547708        0.030814
    7   33       0.0651058       0.0873823      -0.0210239
    7   34        0.119257      -0.0575674        0.097521
    7   35       -0.181368       -0.170237      -0.0125492
    7   36      -0.0707102         0.20724        0.209726
    7   37       -0.129958       0.0504096        0.171941
    7   38       -0.144101        0.075814        0.178399
    7   39      -0.0953057      -0.0557786        0.149903
    7   40       -0.120855       -0.115738       0.0816376
    7   41       -0.162723       0.0226611        0.158675
    7   42       0.0060677       -0.102201         0.16589
    7   43        0.089932        0.130942        0.109114
    7   44      -0.0175782        0.232466       -0.303946
    7   45        0.175315      -0.0285279       -0.109966
    7   46       0.0801321       -0.320056      -0.0994589
    7   47    -0.000535623       0.0361602       -0.139795
    7   48        0.324111       0.0215018        0.132317
    7   49        0.113148       -0.107049        0.181583
    7   50      -0.0630866       -0.146709       -0.153001
    7   51       0.0434342     -0.00697605      -0.0298725
    7   52        0.101985        0.164166       0.0220598
    7   53        -0.08582        0.152391       -0.035961
    7   54      -0.0300596      -0.0761025        -0.11184
    7   55        0.161209         0.11965        0.020927
    7   56       0.0223098      -0.0501972       0.0125532
    7   57       0.0204764         0.14373       -0.117283
    7   58       -0.129641        0.127764       0.0223826
    7   59       0.0251197       -0.150349        0.167829
    7   60       -0.102466       0.0772741       -0.179829
    7   61      -0.0269743       0.0514444        0.188161
    7   62        0.139078       -0.292558       0.0561881
    7   63         0.15544       -0.135482       0.0166733
    7   64        0.201275       -0.337462        0.040276
    7   65      -0.0710727     -0.00977572       -0.219058
    7   66       -0.145798      -0.0322953     -0.00501692
    7   67      -0.0302031        0.202488       -0.103891
    7   68       0.0752292     -0.00171576      -0.0584244
    7   69     -0.00653445        0.171739        0.210532
    7   70       -0.166374      -0.0192604      -0.0583903
    7   71       0.0413162       0.0607965       0.0004136
    7   72       0.0573747        0.058857      -0.0789229
    7   73        0.159781      -0.0253271       -0.100101
    7   74         -0.1118       -0.120086       0.0655787
    7   75       0.0773251       0.0935529       0.0996711
    7   76        0.140236       0.0171989      -0.0826742
    7   77      0.00328088      -0.0171476        0.167884
    7   78       0.0220835      -0.0349907      -0.0115268
    7   79        0.131524       -0.190192      -0.0153689
    7   80       0.0127462       -0.031519       0.0741227
    7   81       0.0337112        0.168009       0.0422074
    7   82       0.0176936       0.0952886      -0.0543169
    7   83       -0.145416       0.0521418       0.0216064
    7   84         0.20721      -0.0571021       -0.113574
    7   85       0.0798504         0.06393       -0.116731
    7   86     0.000296214       0.0842382      -0.0510786
    7   87       0.0999295       0.0280483      -0.0932947
    7   88       -0.237848       -0.142622       0.0231452
    7   89       -0.189309          -0.121      -0.0441651
    7   90         0.14929      -0.0277051       -0.282715
    7   91         0.14248       0.0103709       -0.177724
    7   92        0.187161      -0.0810899        0.018125
    7   93      -0.0327679       -0.085057       -0.129466
    7   94       0.0270163        0.181188        0.053432
    7   95      -0.0790594       -0.110851        0.110501
    7   96       0.0775377       0.0369876        0.073866
    7   97      -0.0448726       0.0100839      -0.0571876
    7   98      -0.0214658      -0.0928921       0.0121268
    7   99     -0.00351036       0.0549992       0.0513963
    7  100     -0.00811134       -0.117569       0.0612274
    7  101       0.0543086      -0.0775657      -0.0815673
    7  102       0.0421877       0.0767018       -0.123862
    7  103         0.18759      -0.0558439       -0.104727
    7  104        0.124718       -0.120413       -0.142479
    7  105        0.109787       0.0409069      -0.0103996
    7  106      -0.0399622      -0.0674705      -0.0598888
    7  107      -0.0501171        0.029207      -0.0577126
    7  108    -0.000588838       0.0693353      -0.0515324
    7  109      -0.0901802      -0.0469193        0.099911
    7  110        0.103962       0.0658686      -0.0994784
    7  111        0.132617        0.230158       -0.104392
    7  112      -0.0716782       0.0511177       0.0186888
    7  113        -0.24176       0.0285954      -0.0231299
    7  114       -0.100397       0.0390203       0.0239281
    7  115        0.118339       -0.115087        0.237102
    7  116        0.132398       -0.126401       0.0940106
    7  117        0.113471      -0.0753663      -0.0189775
    7  118       0.0516495        0.136621        0.146406
    7  119       0.0502003      -0.0576792      -0.0586639
    7  120      -0.0347601       0.0367371     -0.00622413
    7  121      -0.0643965       -0.136868       -0.144023
    7  122        0.077135       0.0956177       -0.157179
    7  123       -0.184791      -0.0302145       0.0502537
    7  124      -0.0122634       -0.233323      -0.0524182
    7  125      -0.0658464       0.0569167        0.114089
    7  126       0.0167913        0.206249      0.00454075
    7  127       0.0206869        0.106673       -0.110132
    8    0      -0.0282412      -0.0365621       0.0358136
    8    1       0.0691212      0.00668927       0.0540265
    8    2       -0.218865      -0.0357589        0.199351
    8    3       -0.253175        0.147378       0.0483729
    8    4       -0.120283       -0.117759      -0.0768944
    8    5       0.0243881        -0.15387      -0.0419235
    8    6        0.123571        0.116098       -0.209503
    8    7         0.12807         0.23672       0.0910864
    8    8      -0.0445346       0.0252815       0.0710649
    8    9       0.0549292       0.0928165      -0.0363395
    8   10       0.0544486        0.233682       -0.067516
    8   11        0.038027       0.0978352       -0.102385
    8   12        0.031963       0.0608444       0.0913535
    8   13       0.0682505       0.0292908      0.00984489
    8   14       0.0560472        0.093613       0.0713959
    8   15      -0.0315932        0.146904        0.266363
    8   16      -0.0996309      -0.0399003      -0.0548657
    8   17       0.0324605       0.0824221       0.0129726
    8   18      -0.0987998      -0.0527007        0.105884
    8   19     -0.00454548      -0.0317619     -0.00935406
    8   20      -0.0262267       0.0338254        0.144275
    8   21        -0.10595        0.160883      -0.0537651
    8   22      -0.0470911      -0.0762844       0.0424795
    8   23      -0.0130396      -0.0415372       -0.233512
    8   24       0.0402986       0.0916071        0.195594
    8   25         0.28659       0.0548541       -0.188129
    8   26       0.0902129        0.123719        -0.07646
    8   27       0.0440548       0.0386538       -0.208969
    8   28      -0.0790939       -0.126772       -0.220886
    8   29       0.0160054       0.0725227      -0.0106559
    8   30       0.0460117       0.0728938        0.010443
    8   31       0.0329036      -0.0732847      0.00778587
    8   32        -0.10374       0.0192582      0.00870849
    8   33       0.0655718        0.045808     -0.00563778
    8   34        0.122477      -0.0492882       0.0829524
    8   35       -0.138407       -0.147473      -0.0230073
    8   36      -0.0580877        0.140483        0.172605
    8   37       -0.127101       0.0597757        0.129508
    8   38       -0.148049       0.0984099        0.189425
    8   39       -0.123618      -0.0360806        0.221342
    8   40      -0.0922619      -0.0994676       0.0907933
    8   41       -0.168292       0.0518112        0.082799
    8   42        0.037595       -0.124493        0.102688
    8   43       0.0768695        0.129521        0.129248
    8   44      -0.0161529        0.230148       -0.313063
    8   45        0.126555      -0.0498281      -0.0461552
    8   46         0.10855       -0.319696      -0.0996911
    8   47       0.0341606       0.0839228       -0.131297
    8   48        0.333822       0.0352537        0.160806
    8   49        0.127493       -0.107632        0.214605
    8   50      -0.0686218       -0.129406       -0.173529
    8   51       0.0442754       0.0401955      -0.0191838
    8   52        0.146038        0.176657       0.0601289
    8   53      -0.0221924        0.164325      0.00244558
    8   54      -0.0413318      -0.0852521       -0.106669
    8   55        0.150079        0.133726       0.0249985
    8   56      -0.0370056       -0.085106       0.0626715
    8   57     -0.00968479       0.0858213      -0.0144188
    8   58       -0.130717        0.143226       0.0544984
    8   59       0.0460687       -0.111996        0.159666
    8   60      -0.0597457       0.0499638       -0.169839
    8   61      -0.0013935       0.0234788        0.158208
    8   62        0.079288       -0.229254       0.0959094
    8   63        0.139699       -0.132501       0.0207891
    8   64        0.118801       -0.303787      0.00988366
    8   65      -0.0854012      -0.0341726       -0.192286
    8   66       -0.122534       -0.038283      -0.0114403
    8   67      -0.0629812        0.188928       -0.177759
    8   68       0.0755234     -0.00115759      -0.0805627
    8   69      -0.0429233        0.206645        0.229446
    8   70        -0.18745      -0.0859428      -0.0607771
    8   71       0.0278629       0.0347148      -0.0729839
    8   72        0.038085       0.0502002      -0.0538865
    8   73        0.132394      -0.0283292      -0.0750576
    8   74      -0.0938069       -0.111956       0.0595389
    8   75       0.0235206       0.0172107        0.104453
    8   76        0.164416       0.0301106      -0.0489106
    8   77       0.0120264       0.0654069        0.192291
    8   78      -0.0175623      -0.0485544        0.050831
    8   79        0.142258       -0.233839     -0.00863415
    8   80    -0.000744386      -0.0170587       0.0489778
    8   81       0.0107759        0.134876        0.052106
    8   82       0.0255336       0.0539802      -0.0376173
    8   83      -0.0519914       0.0572585       0.0757248
    8   84       0.0702409      -0.0539064      -0.0847458
    8   85    -9.67601e-05       0.0174401      -0.0769815
    8   86     -0.00476567       0.0631157       0.0345568
    8   87        0.106241       0.0134705       -0.125343
    8   88       -0.272007       -0.157492      -0.0158795
    8   89       -0.164229       -0.167942      -0.0455612
    8   90        0.179952      -0.0472501        -0.25821
    8   91        0.116407       0.0267631       -0.208427
    8   92        0.179732      -0.0799591       0.0503007
    8   93      -0.0291472       -0.109167       -0.142345
    8   94       0.0378143         0.11826       0.0199274
    8   95      -0.0579023      -0.0597783       0.0491922
    8   96       0.0882123       0.0697513       0.0423339
    8   97       -0.107226        0.100757      0.00933285
    8   98      -0.0662336      -0.0402544       0.0198181
    8   99       0.0509978       0.0067747       0.0130009
    8  100      -0.0286218       -0.104049       0.0694759
    8  101        0.119934      -0.0984975      -0.0395237
    8  102       0.0441025       0.0560894        -0.14409
    8  103        0.165043      -0.0752413       -0.172449
    8  104        0.156658       -0.160723       -0.114765
    8  105        0.131334       0.0702833     -0.00355699
    8  106      -0.0676025      -0.0177292       -0.105181
    8  107       -0.019491      -0.0266902      -0.0317675
    8  108      -0.0165317       0.0852349      -0.0908206
    8  109       -0.124652      -0.0269934        0.125413
    8  110        0.121716       0.0435154      -0.0573892
    8  111       0.0943228        0.202518      -0.0896837
    8  112      -0.0899087       0.0696062       0.0693778
    8  113       -0.189211       0.0141698       -0.020607
    8  114       -0.136773        0.019416       0.0619091
    8  115        0.127885       -0.103687        0.248702
    8  116        0.150345      -0.0973566       0.0938994
    8  117         0.15089       -0.105945      -0.0190415
    8  118       0.0326283       0.0997183        0.170049
    8  119       0.0470418      -0.0570935      -0.0503893
    8  120      -0.0818909      0.00798664      -0.0356749
    8  121      -0.0627801       -0.162124       -0.152554
    8  122       0.0602532        0.125706       -0.200398
    8  123       -0.196107     -0.00976994       0.0544236
    8  124      0.00145503       -0.196283      -0.0538357
    8  125       -0.177889       0.0504887       0.0805378
    8  126       0.0218178        0.172481       0.0168213
    8  127        0.025617        0.027015      -0.0871558
    9    0      -0.0267649      -0.0388543       0.0143278
    9    1       0.0245105      -0.0931161       0.0494899
    9    2       -0.211344      -0.0289016        0.236539
    9    3       -0.229231        0.120209      -0.0196243
    9    4        -0.11862      -0.0687422      -0.0857933
    9    5       0.0247519        -0.12763       -0.150346
    9    6       0.0692768        0.161394       -0.192916
    9    7        0.120172        0.235453        0.110355
    9    8       0.0453834       0.0444716       0.0672985
    9    9       0.0213372       0.0806883       -0.034693
    9   10       0.0420441        0.262348      -0.0543894
    9   11     -0.00862655        0.086246      -0.0579619
    9   12       0.0399793       0.0893325       0.0810579
    9   13       0.0301666      -0.0093757      -0.0115387
    9   14       0.0326385        0.215614       0.0848493
    9   15      -0.0321828        0.150895        0.290758
    9   16      -0.0965431      0.00205217       -0.102152
    9   17       0.0215402       0.0948269      0.00787693
    9   18       -0.075503      -0.0830414       0.0874851
    9   19       0.0171195       0.0324871      -0.0530168
    9   20       0.0215784       0.0469949       0.0814551
    9   21      -0.0832438        0.147227       -0.163618
    9   22    -0.000239237      -0.0778009       0.0139573
    9   23       0.0242553      -0.0363567       -0.237669
    9   24       0.0528804       0.0615762        0.216439
    9   25        0.264747       0.0720266       -0.204094
    9   26        0.113349       0.0938559      -0.0788452
    9   27     -0.00728541       0.0176174        -0.15241
    9   28      -0.0425321      -0.0320069       -0.240983
    9   29      -0.0250886       0.0343068       -0.110128
    9   30        0.043289       0.0785623      0.00131786
    9   31       0.0140459      -0.0282397      -0.0164116
    9   32      -0.0661887       0.0126767       0.0267707
    9   33       0.0763948       0.0380762       0.0141495
    9   34        0.124526      -0.0188307       0.0400499
    9   35       -0.110733        -0.12255      -0.0167638
    9   36      0.00672244       0.0969122       0.0683564
    9   37      -0.0485299       0.0623255       0.0840058
    9   38       -0.149007       0.0941221        0.186025
    9   39        -0.13775      -0.0569724        0.249138
    9   40      -0.0549217       -0.086086       0.0816026
    9   41       -0.154564       0.0478654       0.0728533
    9   42       0.0435646       -0.145235        0.153875
    9   43       0.0726831       0.0899308        0.123124
    9   44      -0.0137166        0.225546        -0.32816
    9   45        0.176693      -0.0807386       -0.100105
    9   46        0.115195       -0.317757      -0.0722452
    9   47       0.0649248        0.158716       -0.148054
    9   48        0.294168       0.0416806        0.141956
    9   49        0.129195      -0.0839622        0.231147
    9   50      -0.0654387       -0.141446       -0.162803
    9   51       0.0744337       0.0967351      -0.0618236
    9   52        0.145375        0.202399       0.0865043
    9   53      0.00395911        0.153292       0.0193619
    9   54      -0.0300366      -0.0404835      -0.0412568
    9   55        0.110693       0.0709237     -0.00134379
    9   56       -0.110746      -0.0817115       0.0687963
    9   57       0.0209195         0.12641       0.0208852
    9   58       -0.155377        0.121905       0.0722859
    9   59       0.0787876      -0.0520235        0.124512
    9   60      -0.0743059       0.0506969        -0.13971
    9   61       0.0265772     -0.00501482       0.0854694
    9   62       0.0477623       -0.220107        0.114253
    9   63       0.0222307       -0.136782       0.0526492
    9   64       0.0820404       -0.269191    -0.000458976
    9   65       -0.111017      -0.0748851       -0.137344
    9   66       -0.142199      -0.0852772     -0.00249723
    9   67       -0.100344        0.192258       -0.197863
    9   68       0.0607815       0.0459001       -0.121899
    9   69       -0.124335        0.165701        0.227742
    9   70       -0.263226      -0.0896432      -0.0372657
    9   71       0.0353699       0.0345776       -0.125212
    9   72      -0.0642545       0.0489888      -0.0623982
    9   73       0.0619406       0.0189183      -0.0199723
    9   74      -0.0731784      -0.0928958       0.0712877
    9   75       0.0302002       0.0213464       0.0861467
    9   76        0.143811       0.0511846       0.0575814
    9   77      -0.0129054         0.11244        0.188696
    9   78      -0.0412136      -0.0578848       0.0679005
    9   79        0.138002       -0.223413     -0.00141055
    9   80      -0.0509451       0.0292612      0.00325776
    9   81        0.009896        0.131032        0.048867
    9   82       0.0317966       0.0518778      -0.0362602
    9   83       -0.015278       0.0333097        0.054326
    9   84       0.0121084      -0.0424937      -0.0572868
    9   85        -0.01739     0.000723655       -0.148494
    9   86       -0.026358       0.0770666       0.0430293
    9   87        0.128025       0.0149201       -0.161434
    9   88       -0.299239       -0.109904      -0.0616973
    9   89       -0.154785      -0.0887615      -0.0242768
    9   90        0.198799       0.0224664       -0.170131
    9   91        0.076427       0.0557314       -0.194728
    9   92        0.172767      -0.0721125       0.0700959
    9   93       0.0201925       -0.178279       -0.114459
    9   94       0.0328921       0.0551566       0.0421937
    9   95       0.0261073       0.0341827       0.0798038
    9   96        0.126974        0.107534       0.0411333
    9   97       -0.140025        0.149727       0.0690312
    9   98       -0.104222      0.00155594       0.0176371
    9   99         0.11187      -0.0270479       0.0270767
    9  100      -0.0245828       -0.105592        0.074627
    9  101        0.119469       -0.138019      -0.0291245
    9  102       0.0530583     0.000358618       -0.187068
    9  103        0.128743      -0.0295834       -0.179023
    9  104        0.151852       -0.174455       -0.104902
    9  105        0.103317        0.139023      -0.0217621
    9  106      -0.0718463       0.0311919       -0.108702
    9  107       0.0323143      -0.0622677      -0.0473994
    9  108      -0.0135506       0.0693079       -0.108553
    9  109       -0.147015      -0.0396119        0.133129
    9  110       0.0250975       0.0484175     -0.00827729
    9  111       0.0631917        0.231835      -0.0634012
    9  112       -0.151228        0.117209        0.115544
    9  113       -0.219098       0.0414592       0.0453463
    9  114       -0.128427       0.0192731        0.118505
    9  115        0.110003      -0.0499138        0.249213
    9  116        0.160857       -0.121267        0.104623
    9  117        0.240687        -0.16207      -0.0518955
    9  118       0.0343643       0.0785515        0.184339
    9  119      -0.0133953      -0.0424983      -0.0575942
    9  120       -0.120624      -0.0411831      -0.0613437
    9  121      -0.0709658       -0.127299       -0.214945
    9  122       0.0480683        0.160713       -0.246119
    9  123       -0.172209       0.0203742       0.0402113
    9  124      0.00150586        -0.18297       -0.086854
    9  125       -0.168795       0.0117942       0.0767526
    9  126       0.0266498         0.14827     -0.00282309
    9  127        0.032911       0.0169502      -0.0449616
