# cobond dipole 
# frame_index bond_index dipole_x dipole_y dipole_z 
#UNITCELL[Ang] 19.7484 0 0 0 19.7484 0 0 0 19.7484
#TEMPERATURE[K] 298
#TIMESTEP[fs] 2.5
    0    0        0.315717        0.166719        -1.61043
    0    1         1.57384        0.500291        0.216403
    0    2      -0.0209651       -0.892284           1.501
    0    3        -1.39579        0.328006        0.725202
    0    4          -1.641         0.56956       0.0383864
    0    5       -0.659273        -1.17009        -1.21858
    0    6         1.41831        0.330373       -0.983004
    0    7        0.632587       -0.747183        -1.45177
    0    8        0.769092       0.0687586         1.59229
    0    9         1.37501        -1.01592        0.450007
    0   10         1.44525       -0.360091       0.0462711
    0   11        0.904395        0.746339        -1.35441
    0   12       -0.557882       -0.695929         1.23837
    0   13        0.937373       -0.486066         1.09102
    0   14         0.75789        0.792952         1.25001
    0   15       -0.811371         1.42198        0.396072
    0   16       -0.444083          1.4009        -1.01548
    0   17        0.352871         -1.2602          1.0182
    0   18        -1.33082        0.958274        0.112255
    0   19       -0.134179         1.58363        0.682884
    0   20         1.30555        0.304646        0.964224
    0   21         1.34455        -0.31861        -1.01649
    0   22         1.42252        0.565568        -0.26996
    0   23       -0.118801        0.516429         1.60272
    0   24        0.540775        0.837943         1.20963
    0   25         1.05374       -0.872666          1.2819
    0   26        0.599809         1.09128        0.962161
    0   27       -0.494931       -0.238871         1.56965
    0   28        0.554493        -1.60303        0.201803
    0   29       -0.701887        -1.20002        -0.86709
    0   30        -1.51791       0.0486509         0.87503
    0   31        0.325327       -0.468074         1.63348
    0   32         -1.0392       -0.114407         1.30688
    0   33      -0.0724766        -1.55834        0.556964
    0   34        0.880234        -1.37199        0.626387
    0   35        -0.44737        -1.67683        0.161771
    0   36         1.04997         1.38388      -0.0860054
    0   37       -0.738143         1.21184        0.542917
    0   38       -0.327994         1.55145        0.300373
    0   39        -1.56659        0.210885        0.859374
    0   40        0.249561         1.25459       -0.899702
    0   41       -0.577307       -0.349137        -1.77216
    0   42        -1.24612         0.91932       -0.487027
    0   43        -1.30305       -0.663724        0.382213
    0   44        -1.16834       -0.675056        -1.04894
    0   45       -0.912089         1.07815        -1.02814
    0   46         1.11102        -1.15816        0.379949
    0   47       -0.389024         -1.3753       -0.736533
    0   48         1.06883        0.461099        -1.20977
    0   49         1.04651        0.774137         1.04977
    0   50        -1.45237      -0.0658041       -0.748977
    0   51        -1.00542        0.634695         1.18298
    0   52        0.243392         -0.6544        -1.44222
    0   53        -1.04348        -1.24528       -0.550197
    0   54       -0.214817       -0.468536         1.60321
    0   55        -1.05048        -1.27802       -0.203933
    0   56        -1.52959       -0.515164        0.546552
    0   57      -0.0543663       -0.279011         1.63147
    0   58         0.17267       -0.976778         -1.4838
    0   59         1.72622       -0.278488        -0.20757
    0   60       -0.590792         1.17822       -0.926484
    0   61        -0.17077       -0.591089        -1.50464
    0   62       -0.578214       -0.332334        -1.41702
    0   63         1.42389       -0.809691       -0.763768
    0   64         1.21969        -1.43894     -0.00867745
    0   65       -0.773931         -1.4377        0.547845
    0   66        -1.50121        0.207461        0.455047
    0   67       0.0407379        -1.69703       -0.507324
    0   68        -1.16519        0.740952        -1.05598
    0   69        -1.57401       -0.956363       -0.453502
    0   70       -0.992551         -1.0209         1.07473
    0   71        -1.71394        0.274648        0.027544
    0   72       -0.662457        0.148787        -1.46839
    0   73        -1.26755        -1.10427        0.120447
    0   74         1.10994        -1.03623       -0.791263
    0   75        0.373367        -1.31062        0.880025
    0   76         1.36296        -0.22568       -0.769788
    0   77        0.338127         1.70353        0.293409
    0   78         1.12458        0.988049        0.586144
    0   79       -0.650861        0.702271         1.43252
    0   80         1.05775       -0.350904         1.39607
    0   81         1.34659        -1.16737       -0.473127
    0   82      0.00714271        -1.66128      -0.0930989
    0   83        -1.56434       -0.778992        0.285908
    0   84        -1.01509         1.05539        0.491817
    0   85      -0.0866134        0.783083         1.53423
    0   86        -1.07237         1.14915       -0.400815
    0   87        -1.53343       -0.173315        0.592339
    0   88        0.813203         1.03061        -1.27084
    0   89         1.63567        0.674898         0.23676
    0   90       0.0131546         1.33412         1.02486
    0   91         1.73909        0.187473         0.33929
    0   92        -1.46583      -0.0127679        0.659631
    0   93       -0.424306        -1.62181        0.299818
    0   94         -1.4247         1.16458        -0.28752
    0   95        -1.05179       -0.224613        -1.28469
    0   96        0.433791         1.29982       -0.924615
    0   97      0.00939524       -0.869514        -1.36666
    0   98        -1.38483        0.978305       -0.164079
    0   99        -1.29052        0.166528         1.07492
    0  100         1.18077        -1.02015        0.382093
    0  101       -0.217982        -1.65435        0.246445
    0  102         0.15841          1.6015        0.238378
    0  103        -0.64875         1.11877         1.10453
    0  104       -0.139629       -0.725696        -1.65574
    0  105        -1.71206        0.155602       -0.422477
    0  106         1.09587         1.00814        0.385659
    0  107        0.849156      -0.0400131          1.4727
    0  108       -0.817469       -0.322045        -1.56926
    0  109       -0.410092        -1.57343       0.0400689
    0  110       -0.367903       -0.757907        -1.55788
    0  111       -0.868969        -1.39454        0.592973
    0  112         0.19943        0.218629        -1.65849
    0  113       -0.529308       -0.249133         1.69367
    0  114        -1.02218         1.26042       -0.518667
    0  115       -0.548956       0.0771679        -1.59639
    0  116         1.58072       -0.706408       0.0147678
    0  117         1.26596        0.915329         0.84214
    0  118        0.719069       -0.430756        -1.36708
    0  119        0.252258         1.35275       -0.685427
    0  120        -1.69177     -0.00487637       -0.364359
    0  121       -0.107625         0.75243         1.45626
    0  122       -0.175243       0.0350895        -1.69059
    0  123        0.948217        -1.20974        -1.02862
    0  124        0.301931        -1.38739       -0.372685
    0  125        0.424427       -0.345479         -1.6351
    0  126       -0.244211        0.976737         1.36724
    0  127         0.91925         1.13054         1.11734
    1    0         0.32045           0.204         -1.6587
    1    1          1.6347        0.493844        0.257476
    1    2      -0.0487515       -0.928535         1.52002
    1    3          -1.468        0.292951         0.59033
    1    4        -1.68111         0.58225      0.00178002
    1    5        -0.71633        -1.14824        -1.25531
    1    6          1.4554        0.350009        -1.05172
    1    7        0.569262       -0.834202        -1.43317
    1    8        0.686484       0.0785791          1.6066
    1    9         1.40435       -0.998766        0.381068
    1   10         1.47243       -0.372681      0.00530693
    1   11        0.878176        0.756787        -1.34934
    1   12       -0.570618       -0.675848         1.24129
    1   13        0.962768       -0.476931         1.08331
    1   14        0.698281        0.826349         1.27395
    1   15        -0.79655         1.44074        0.399518
    1   16       -0.413948         1.39178       -0.998701
    1   17        0.337167        -1.24974         1.03892
    1   18        -1.34201        0.987735       0.0940285
    1   19       -0.194602          1.5852        0.637106
    1   20         1.35396        0.289267        0.966986
    1   21         1.36197       -0.311376         -1.0586
    1   22         1.42996        0.589474       -0.267141
    1   23      -0.0885235        0.607078         1.53241
    1   24        0.556622         0.83463         1.23607
    1   25         1.05842       -0.853823         1.34552
    1   26        0.625874          1.0977        0.937129
    1   27       -0.499498       -0.265264         1.58382
    1   28        0.582224        -1.60011        0.193069
    1   29       -0.776199        -1.17087       -0.878794
    1   30         -1.5659       0.0497133         0.81356
    1   31        0.323348       -0.510869         1.72906
    1   32        -1.00807       -0.121386         1.30528
    1   33       -0.104972        -1.53653        0.521341
    1   34        0.877615        -1.27489        0.565417
    1   35       -0.485823        -1.68018        0.099626
    1   36         1.02791         1.42081      -0.0983952
    1   37       -0.766544         1.18959        0.504707
    1   38       -0.329124         1.53816        0.271991
    1   39        -1.54428        0.220697        0.860178
    1   40         0.24072         1.26097       -0.895201
    1   41       -0.570363       -0.286921        -1.69288
    1   42        -1.29881        0.916455       -0.493655
    1   43        -1.35004       -0.697157        0.432176
    1   44        -1.15019       -0.658315        -1.01132
    1   45       -0.881137         1.10624        -1.00372
    1   46         1.11819        -1.16501        0.351238
    1   47       -0.407709        -1.44683       -0.710036
    1   48         1.06895        0.468932        -1.20012
    1   49         1.06248        0.719815         1.06736
    1   50        -1.39104       -0.112031       -0.773568
    1   51        -1.03725        0.563183         1.22353
    1   52        0.253962       -0.644799        -1.42224
    1   53        -1.00483        -1.31327       -0.526973
    1   54       -0.188978       -0.444615         1.60409
    1   55        -1.08766        -1.29124       -0.232343
    1   56        -1.49073       -0.547392        0.670984
    1   57      -0.0678067       -0.281256         1.61693
    1   58        0.188596       -0.994106        -1.46468
    1   59         1.74988       -0.302781       -0.188121
    1   60       -0.633309         1.17324       -0.900191
    1   61       -0.170174       -0.590526          -1.503
    1   62       -0.592615       -0.310745        -1.37094
    1   63         1.44091       -0.777464       -0.741641
    1   64         1.18253        -1.39915      -0.0226756
    1   65       -0.774203        -1.43156        0.578651
    1   66         -1.4824        0.204288        0.463072
    1   67       0.0699035        -1.68879       -0.495143
    1   68        -1.07291        0.777164        -1.09453
    1   69        -1.58783       -0.971404       -0.382471
    1   70         -0.9938        -1.01326         1.08829
    1   71        -1.75593        0.264133      -0.0310153
    1   72       -0.648583        0.132098        -1.46555
    1   73        -1.30198        -1.11513        0.166026
    1   74         1.07322        -1.08094       -0.736571
    1   75        0.382924        -1.36147        0.889186
    1   76         1.34301       -0.201515       -0.727606
    1   77        0.351229         1.75202        0.277824
    1   78         1.13684        0.963721        0.638113
    1   79       -0.662989        0.677196         1.42752
    1   80         1.09874       -0.307854         1.36121
    1   81         1.32624        -1.15441       -0.510695
    1   82     -0.00970566        -1.60164       -0.111143
    1   83        -1.56621       -0.785918        0.224751
    1   84        -1.05049         1.08333        0.528373
    1   85      -0.0840791        0.759645         1.49966
    1   86        -1.04172         1.15937        -0.37564
    1   87         -1.4887       -0.232466        0.635135
    1   88        0.733655        0.978307        -1.26074
    1   89         1.64169        0.710456        0.287039
    1   90       0.0755901         1.29357         1.02904
    1   91         1.73758         0.20258        0.380626
    1   92        -1.44449      -0.0234478        0.665632
    1   93       -0.451678        -1.62285        0.329061
    1   94        -1.47511         1.20052       -0.219693
    1   95        -1.00211       -0.229951        -1.26501
    1   96        0.450395         1.31691       -0.936806
    1   97      -0.0650108       -0.875305        -1.41263
    1   98         -1.4124        0.909802       -0.141257
    1   99        -1.27204        0.148655          1.0484
    1  100         1.19032        -1.02909        0.418319
    1  101       -0.244094        -1.66831        0.231571
    1  102        0.118059         1.61628        0.180961
    1  103       -0.605047         1.11673         1.10358
    1  104        -0.14972       -0.759238        -1.67578
    1  105        -1.69326        0.192288       -0.399354
    1  106         1.12094         1.01976        0.393458
    1  107        0.857849      -0.0224153         1.50322
    1  108       -0.776467       -0.257249        -1.59242
    1  109       -0.401037        -1.51164       0.0294247
    1  110       -0.419442       -0.727634        -1.58313
    1  111       -0.827726        -1.39257        0.602903
    1  112         0.17604         0.22435        -1.77078
    1  113       -0.552248       -0.255236         1.68752
    1  114        -1.05675         1.26243       -0.550728
    1  115       -0.544584       0.0701071        -1.58514
    1  116         1.54935       -0.699552      0.00238028
    1  117         1.27328        0.854398        0.879762
    1  118        0.724253       -0.484323        -1.38917
    1  119        0.265379         1.34238       -0.668445
    1  120        -1.70124       0.0083928       -0.384574
    1  121       -0.106256        0.671359          1.4892
    1  122       -0.185444        0.013911        -1.71615
    1  123        0.931754        -1.17726         -1.1203
    1  124        0.312418        -1.38126       -0.326231
    1  125        0.400624       -0.368866        -1.62352
    1  126       -0.242407         1.02699         1.43276
    1  127        0.907028         1.06246         1.15544
    2    0        0.342042        0.224814        -1.69804
    2    1          1.6428        0.427322         0.23048
    2    2       -0.128937       -0.911715         1.47471
    2    3        -1.55189        0.299499        0.463537
    2    4        -1.71143        0.572007      -0.0219828
    2    5        -0.71344        -1.12938        -1.22727
    2    6         1.47083        0.358602         -1.1009
    2    7        0.518532       -0.907385        -1.40997
    2    8        0.643408       0.0802252         1.61351
    2    9         1.42921       -0.981491        0.285977
    2   10         1.51403       -0.384369       -0.012974
    2   11         0.81469        0.789755        -1.36775
    2   12       -0.582401       -0.681542         1.27266
    2   13        0.967873        -0.48302         1.09862
    2   14        0.659042        0.844875         1.30119
    2   15       -0.758115         1.45577        0.444559
    2   16       -0.391367         1.37349       -0.968142
    2   17        0.306494        -1.22707         1.06323
    2   18        -1.35276         1.00684       0.0680427
    2   19       -0.241948         1.60554        0.598698
    2   20         1.39328        0.309109        0.961152
    2   21         1.35044       -0.287825         -1.1164
    2   22         1.45505        0.624401       -0.219848
    2   23       -0.052299        0.668016         1.46704
    2   24        0.566946        0.825198         1.23344
    2   25         1.05886       -0.832473         1.40233
    2   26        0.662748         1.11079        0.918123
    2   27       -0.499709        -0.29415          1.5947
    2   28        0.569154        -1.59704        0.199366
    2   29       -0.847312        -1.14946       -0.885615
    2   30        -1.61073       0.0220989        0.751655
    2   31        0.312953       -0.521017         1.75794
    2   32       -0.972022       -0.114155         1.32872
    2   33       -0.142194        -1.52697        0.489883
    2   34        0.898408        -1.18892        0.547656
    2   35       -0.519238        -1.67032       0.0162601
    2   36         1.00496         1.43595       -0.151479
    2   37       -0.759166         1.19427        0.494539
    2   38       -0.339434         1.55052        0.249801
    2   39        -1.56524        0.219069          0.8573
    2   40        0.224859         1.27643       -0.893802
    2   41       -0.518334       -0.250681        -1.59933
    2   42         -1.3458        0.914594       -0.489449
    2   43        -1.41162       -0.769762        0.527056
    2   44        -1.14438       -0.642684       -0.978327
    2   45       -0.853502          1.0838        -1.00577
    2   46         1.12382        -1.16498        0.305732
    2   47       -0.389486        -1.50744       -0.670321
    2   48         1.06937        0.441363        -1.20495
    2   49         1.00026        0.770697         1.04832
    2   50        -1.34425       -0.127444       -0.820173
    2   51        -1.04493        0.530036         1.23543
    2   52        0.293345       -0.637859        -1.43828
    2   53       -0.982197        -1.38438        -0.50268
    2   54       -0.166589       -0.405575         1.59903
    2   55        -1.09458        -1.30446       -0.238004
    2   56        -1.43753       -0.573163        0.747977
    2   57      -0.0681777       -0.279403         1.62657
    2   58        0.189559        -1.00112        -1.43394
    2   59         1.76261       -0.308856       -0.175872
    2   60       -0.692036         1.19999        -0.88328
    2   61        -0.15503       -0.585969        -1.52045
    2   62       -0.595279       -0.311454        -1.36583
    2   63         1.44836        -0.75909       -0.776637
    2   64         1.11908        -1.29786      -0.0519499
    2   65       -0.741425        -1.41752        0.601534
    2   66         -1.4735        0.173278        0.472361
    2   67        0.107098         -1.6707       -0.481455
    2   68       -0.972876        0.812259        -1.10393
    2   69        -1.57463       -0.897567       -0.336285
    2   70       -0.932109       -0.990368         1.08588
    2   71        -1.79944        0.261385      -0.0950456
    2   72       -0.591973        0.165522        -1.46547
    2   73        -1.30508        -1.12998        0.199367
    2   74         1.06297        -1.08516       -0.702212
    2   75        0.430274        -1.43208        0.872734
    2   76         1.36829       -0.134829       -0.671924
    2   77        0.367352         1.78381        0.276841
    2   78         1.17171        0.941456        0.632122
    2   79       -0.662748        0.673139         1.45669
    2   80         1.09845       -0.253321          1.3499
    2   81         1.29522        -1.16312       -0.579183
    2   82      0.00977296        -1.55964      -0.0882991
    2   83        -1.57556       -0.748701        0.229873
    2   84        -1.10284         1.13315        0.572041
    2   85      -0.0827719        0.738944         1.47603
    2   86        -1.01486         1.19548       -0.314571
    2   87        -1.47371       -0.277529        0.673386
    2   88        0.651805        0.919514        -1.23319
    2   89         1.63273        0.762289        0.337988
    2   90         0.11725         1.26945         1.06145
    2   91          1.7479         0.19103        0.392775
    2   92        -1.41982      -0.0536806        0.661063
    2   93       -0.486258        -1.63645         0.37118
    2   94        -1.46723         1.22115       -0.222196
    2   95        -1.00324       -0.210419        -1.24098
    2   96         0.43835          1.3358       -0.930894
    2   97      -0.0794427       -0.894535        -1.46232
    2   98        -1.40345        0.864125       -0.136371
    2   99        -1.25665        0.142255         1.03647
    2  100          1.2134        -1.05267        0.448763
    2  101       -0.271639        -1.68301        0.136884
    2  102        0.126661         1.62346        0.119461
    2  103       -0.584762         1.11748         1.13953
    2  104       -0.135819       -0.779408        -1.68365
    2  105         -1.6539        0.239655       -0.356759
    2  106         1.14775          1.0549         0.41901
    2  107        0.853497      -0.0214861         1.53674
    2  108       -0.744924       -0.231896        -1.61029
    2  109       -0.406258        -1.49483      -0.0102713
    2  110       -0.456541       -0.707347        -1.56528
    2  111       -0.807261        -1.39227        0.610025
    2  112        0.110437        0.298909        -1.83694
    2  113       -0.550072       -0.260155         1.70179
    2  114        -1.07035         1.23792       -0.550371
    2  115       -0.538037        0.105507        -1.60112
    2  116         1.49946       -0.690917     -0.00817978
    2  117         1.29636        0.779312        0.913177
    2  118        0.738601       -0.513034        -1.41928
    2  119        0.258692         1.36328        -0.68578
    2  120        -1.68546       0.0678681        -0.39435
    2  121       -0.157265        0.623414         1.52271
    2  122       -0.191905       0.0105828        -1.71887
    2  123         0.93718        -1.13068        -1.19266
    2  124        0.344242        -1.40707       -0.303264
    2  125        0.391957       -0.359817        -1.61059
    2  126        -0.26194          1.0315         1.48514
    2  127         0.88112         1.02242         1.14738
    3    0        0.364697        0.229272        -1.72187
    3    1         1.73368        0.532894        0.219704
    3    2       -0.114538       -0.941947         1.52186
    3    3        -1.55216        0.288737        0.453954
    3    4        -1.72184         0.50598      -0.0185596
    3    5       -0.686468         -1.0657        -1.13403
    3    6         1.44612        0.326401         -1.1187
    3    7        0.479272       -0.954269        -1.37953
    3    8        0.601509       0.0232151         1.58875
    3    9         1.44838       -0.965142        0.201812
    3   10         1.57845       -0.388334      -0.0178964
    3   11        0.753366        0.815509        -1.39019
    3   12        -0.58847       -0.695335         1.32939
    3   13        0.984491       -0.501771         1.12337
    3   14        0.638078        0.850424         1.30338
    3   15       -0.726028         1.44598         0.46415
    3   16       -0.375957         1.37273       -0.914992
    3   17        0.234935        -1.23216         1.06915
    3   18        -1.35088         1.01183       0.0352083
    3   19       -0.245696         1.62006        0.570535
    3   20          1.4107        0.332318        0.976974
    3   21          1.3186        -0.26189        -1.17523
    3   22         1.45989        0.667647        -0.16376
    3   23      -0.0299548         0.69473         1.41241
    3   24        0.592865         0.84159         1.23352
    3   25         1.05274       -0.817103         1.45074
    3   26          0.7058         1.12129        0.907264
    3   27       -0.528136        -0.30373         1.60488
    3   28        0.550843        -1.56529        0.216598
    3   29       -0.912695        -1.13393       -0.882411
    3   30        -1.59772      -0.0287298        0.744969
    3   31        0.298094       -0.521024          1.7514
    3   32       -0.941995      -0.0924519         1.37785
    3   33        -0.17618        -1.51157        0.477832
    3   34        0.897342        -1.13939          0.5454
    3   35       -0.528008        -1.65785      -0.0328959
    3   36         0.97767         1.43544       -0.130565
    3   37        -0.76659         1.22612        0.496793
    3   38       -0.320157         1.61442        0.217231
    3   39        -1.56387        0.238534        0.871999
    3   40        0.231185          1.2932       -0.893188
    3   41       -0.448507       -0.173728        -1.52191
    3   42        -1.37182        0.913075       -0.485196
    3   43        -1.48389       -0.833255        0.613276
    3   44         -1.1524       -0.608021       -0.960457
    3   45       -0.849044         1.04483         -1.0263
    3   46         1.10559        -1.17993        0.258422
    3   47       -0.381021         -1.5619       -0.639436
    3   48         1.10266         0.38178        -1.19563
    3   49         1.01461        0.771766         1.04084
    3   50        -1.33193       -0.135305       -0.875931
    3   51        -1.04606        0.530383         1.24262
    3   52        0.345528       -0.666782        -1.48373
    3   53        -0.96327        -1.46657       -0.436445
    3   54       -0.137629       -0.363731         1.58275
    3   55        -1.08742        -1.30375       -0.278279
    3   56        -1.36093       -0.590048        0.797524
    3   57      -0.0414117       -0.275282          1.6567
    3   58         0.18391        -0.99197        -1.40302
    3   59         1.75297       -0.315675       -0.180549
    3   60       -0.710639         1.23931       -0.867686
    3   61       -0.125947       -0.590646        -1.53868
    3   62       -0.562107       -0.332833        -1.40514
    3   63         1.43487       -0.757256       -0.809957
    3   64         1.08997        -1.25762      -0.0942801
    3   65        -0.68798        -1.40042        0.635131
    3   66        -1.45221        0.117292        0.488206
    3   67         0.14429        -1.66174       -0.463119
    3   68       -0.843949        0.846942        -1.09894
    3   69        -1.50233       -0.970853       -0.368079
    3   70       -0.852179       -0.957341         1.08981
    3   71        -1.81666        0.268898       -0.138285
    3   72       -0.577284        0.290068        -1.47919
    3   73        -1.32808        -1.13931        0.223799
    3   74         1.05887         -1.0765       -0.665292
    3   75        0.509565        -1.49675        0.834525
    3   76         1.42098      -0.0516259       -0.625735
    3   77        0.374826         1.79058        0.286274
    3   78         1.19724        0.947769        0.625568
    3   79       -0.664144         0.65275         1.46987
    3   80         1.08055       -0.183177         1.32284
    3   81          1.2489        -1.16896       -0.637663
    3   82       0.0232754        -1.55452      -0.0568444
    3   83        -1.56256       -0.772749        0.204864
    3   84        -1.13233         1.18764        0.578905
    3   85      -0.0871014         0.74494         1.44663
    3   86        -1.02902         1.22005       -0.296032
    3   87        -1.47545       -0.310223        0.706037
    3   88        0.577577        0.850379        -1.18348
    3   89          1.6079        0.802845        0.374982
    3   90         0.15018         1.24732         1.09875
    3   91         1.77723        0.162572        0.368239
    3   92         -1.3938      -0.0962763        0.647577
    3   93       -0.504968        -1.66291        0.398582
    3   94        -1.40184         1.21656       -0.231347
    3   95        -1.02018        -0.20217        -1.20971
    3   96        0.416925          1.3317       -0.956975
    3   97      -0.0673579       -0.891281        -1.50754
    3   98        -1.38919         0.84171       -0.145442
    3   99        -1.25783        0.149214          1.0325
    3  100         1.25195         -1.1028        0.477831
    3  101       -0.326047        -1.66007        0.106808
    3  102        0.140437         1.65514       0.0820441
    3  103       -0.553745         1.12649         1.19226
    3  104       -0.118306       -0.734813        -1.65712
    3  105        -1.63764        0.303615       -0.319585
    3  106          1.1565         1.09946        0.439826
    3  107        0.871901      -0.0365222         1.54868
    3  108       -0.721651       -0.216705        -1.62472
    3  109       -0.430422        -1.49263      -0.0440719
    3  110       -0.510581       -0.652049         -1.5237
    3  111       -0.815796        -1.34604        0.627402
    3  112        0.092474        0.302457        -1.82693
    3  113       -0.517848       -0.239994          1.7175
    3  114        -1.04322         1.23106       -0.486777
    3  115       -0.558554        0.123804        -1.60951
    3  116          1.4364       -0.689045      -0.0111265
    3  117         1.29969         0.76358        0.914983
    3  118        0.750971       -0.507809        -1.46768
    3  119        0.267312         1.39049       -0.729969
    3  120        -1.65673       0.0834378       -0.388669
    3  121       -0.208499        0.577789           1.556
    3  122       -0.208764       0.0278802        -1.69173
    3  123        0.921563        -1.08511        -1.24983
    3  124        0.386954         -1.4622       -0.314079
    3  125         0.45478       -0.283283        -1.61855
    3  126       -0.310675         1.00406         1.52418
    3  127        0.872079        0.971687         1.08065
    4    0        0.387176        0.212023        -1.72273
    4    1         1.75282        0.542764        0.146127
    4    2      0.00390424       -0.999271         1.62262
    4    3        -1.60155        0.293467        0.464768
    4    4        -1.71598        0.457026      0.00640708
    4    5       -0.727702        -1.00084        -1.06684
    4    6          1.3688        0.289339        -1.10852
    4    7         0.44451       -0.999439        -1.33888
    4    8        0.597692      -0.0250223         1.60171
    4    9         1.43833        -0.97094        0.129329
    4   10         1.64158        -0.37519      -0.0147784
    4   11        0.688021        0.827982        -1.41471
    4   12       -0.554497       -0.722917         1.38508
    4   13        0.985644       -0.542414          1.1778
    4   14        0.638417        0.852222         1.28039
    4   15       -0.687727         1.47142        0.505251
    4   16       -0.371038         1.35072       -0.879855
    4   17        0.200341        -1.21242          1.0863
    4   18         -1.3503         1.01838       0.0207272
    4   19       -0.221506         1.64673        0.563274
    4   20         1.41841         0.33885          1.0033
    4   21         1.28672       -0.172318        -1.12974
    4   22         1.47486        0.709149       -0.114058
    4   23      -0.0510038        0.692345         1.39654
    4   24        0.614066        0.875911         1.25806
    4   25         1.03308       -0.784761         1.49569
    4   26        0.748417         1.12152        0.899039
    4   27       -0.540229       -0.297972          1.6123
    4   28        0.536335        -1.53232        0.244929
    4   29       -0.983236        -1.10838        -0.88629
    4   30        -1.56497      -0.0835947        0.754187
    4   31        0.271203       -0.511617         1.72073
    4   32       -0.913999       -0.066709         1.42779
    4   33       -0.195526        -1.47889        0.473386
    4   34        0.944793        -1.07098        0.540345
    4   35       -0.546686        -1.59629      -0.0088602
    4   36        0.949854         1.42361      -0.0455591
    4   37       -0.771248         1.28209        0.520202
    4   38       -0.323823          1.6983        0.180485
    4   39        -1.56071        0.273913        0.881809
    4   40        0.218257         1.28887       -0.913133
    4   41       -0.365964      -0.0848459        -1.49796
    4   42        -1.38522        0.916824       -0.469584
    4   43        -1.53858        -0.82821        0.668804
    4   44        -1.16107       -0.584474       -0.941105
    4   45       -0.882025        0.997633        -1.05489
    4   46         1.10664        -1.17356        0.226011
    4   47       -0.360107        -1.61278       -0.593331
    4   48         1.13715        0.344238        -1.18708
    4   49         1.14528        0.721589         1.03146
    4   50         -1.3636       -0.144112       -0.916503
    4   51        -1.03879        0.579972         1.23319
    4   52        0.402066       -0.621796        -1.52778
    4   53        -0.95881        -1.48116       -0.388096
    4   54       -0.121901       -0.370715         1.55129
    4   55        -1.09469        -1.28906       -0.337646
    4   56        -1.30276       -0.598978         0.79867
    4   57     6.22413e-05       -0.279469         1.69457
    4   58        0.174901         -0.9665        -1.35708
    4   59         1.73508       -0.321974       -0.195368
    4   60       -0.675827         1.32859       -0.847085
    4   61       -0.121418       -0.585173        -1.57675
    4   62       -0.520454       -0.361308        -1.48765
    4   63         1.40851       -0.803152       -0.833923
    4   64         1.07522        -1.21748       -0.123319
    4   65       -0.591618        -1.41881        0.673914
    4   66        -1.44859         0.05871        0.460502
    4   67        0.177311        -1.63454        -0.47926
    4   68       -0.767575        0.851725        -1.08647
    4   69        -1.44502       -0.948731        -0.33037
    4   70       -0.794299        -0.93197         1.09464
    4   71        -1.82012        0.252537       -0.189876
    4   72       -0.581768        0.322935        -1.48055
    4   73        -1.34888        -1.15632        0.237638
    4   74         1.07492        -1.04961       -0.635268
    4   75        0.591541        -1.54248        0.786151
    4   76          1.4591     -0.00315149       -0.612351
    4   77         0.38069         1.77068        0.287305
    4   78         1.21952         0.96779        0.603019
    4   79        -0.67376        0.638968         1.48124
    4   80         1.06149       -0.115849         1.29099
    4   81         1.19482        -1.16829        -0.66997
    4   82       0.0340925        -1.57422      -0.0216231
    4   83        -1.54344       -0.751304        0.203229
    4   84        -1.13855         1.20686        0.565182
    4   85      -0.0736042        0.740303         1.40354
    4   86        -1.08104         1.25754       -0.293106
    4   87        -1.50013       -0.303518        0.699754
    4   88        0.544765        0.801988        -1.13897
    4   89         1.55446        0.826167        0.401064
    4   90        0.144238         1.20456         1.11689
    4   91         1.78012        0.190793        0.349815
    4   92        -1.38088       -0.156544        0.625554
    4   93       -0.521366        -1.66959        0.412346
    4   94        -1.30213          1.2115       -0.250474
    4   95        -1.08491       -0.170379        -1.18993
    4   96        0.389241         1.31261       -0.992581
    4   97      -0.0580019       -0.876251        -1.52789
    4   98         -1.3646        0.834156       -0.160262
    4   99        -1.24805        0.164588         1.03932
    4  100         1.26419        -1.14809        0.524659
    4  101       -0.389731         -1.6278       0.0847318
    4  102        0.189333         1.67905       0.0724644
    4  103       -0.494205         1.12633          1.2325
    4  104       -0.125931        -0.72093        -1.66641
    4  105        -1.66189        0.364442        -0.29999
    4  106         1.14211         1.12484        0.431152
    4  107        0.870693       -0.041758         1.55353
    4  108       -0.705237       -0.164669         -1.6292
    4  109       -0.461373        -1.51167      -0.0578266
    4  110       -0.454107       -0.639532        -1.46646
    4  111       -0.829364        -1.32994        0.621605
    4  112       0.0973857        0.314569        -1.82401
    4  113       -0.478892       -0.229948          1.7283
    4  114       -0.996096          1.1978       -0.450682
    4  115       -0.574865        0.147075         -1.6049
    4  116         1.41151       -0.675617      0.00590986
    4  117         1.30885        0.814622         0.87213
    4  118        0.760037       -0.442085        -1.51007
    4  119        0.262466         1.44065       -0.803964
    4  120        -1.62751        0.137236       -0.385652
    4  121        -0.24083         0.57205         1.57257
    4  122       -0.212327        0.025698        -1.64538
    4  123        0.911587        -1.02449        -1.30831
    4  124        0.429497        -1.54018       -0.347789
    4  125        0.554197       -0.189972        -1.64006
    4  126       -0.366357        0.976528         1.53695
    4  127        0.897378        0.916318         0.96069
    5    0        0.394938         0.17361        -1.70871
    5    1         1.71883        0.570345        0.087501
    5    2       0.0348466       -0.997312         1.58058
    5    3        -1.67824        0.349921        0.484454
    5    4        -1.70152        0.422326       0.0458901
    5    5       -0.735268       -0.962461        -1.03836
    5    6          1.3382        0.294588        -1.10273
    5    7        0.403542         -1.0347        -1.29089
    5    8        0.564559       0.0119677         1.59905
    5    9          1.4301       -0.982965       0.0769409
    5   10         1.69277       -0.354775      -0.0102423
    5   11        0.648382        0.822032        -1.41953
    5   12       -0.550103       -0.709309         1.41798
    5   13        0.957385       -0.585775         1.23627
    5   14        0.660568        0.848176         1.24959
    5   15       -0.638551         1.48433        0.529849
    5   16        -0.35793         1.36795       -0.808529
    5   17        0.164955        -1.19774          1.1151
    5   18        -1.37488         1.01059       0.0201716
    5   19       -0.188952          1.6379        0.561409
    5   20         1.40851        0.328379         1.04705
    5   21         1.30812       -0.243065         -1.1799
    5   22         1.48082        0.764838       -0.111294
    5   23        -0.10388        0.647876         1.41941
    5   24        0.626451        0.893279         1.26547
    5   25         1.01564       -0.769757         1.50709
    5   26        0.788103         1.12064        0.879814
    5   27       -0.574391       -0.256728         1.58948
    5   28        0.512427        -1.48713        0.320196
    5   29       -0.992575        -1.12238       -0.878401
    5   30        -1.54177       -0.128955        0.758808
    5   31        0.232818        -0.51172         1.69316
    5   32       -0.881481      -0.0136008         1.41436
    5   33       -0.172675        -1.46693        0.466586
    5   34         1.01046        -1.01816         0.52929
    5   35        -0.54154        -1.56363       0.0572271
    5   36        0.956361         1.41126       0.0122468
    5   37       -0.765377         1.38737        0.586506
    5   38       -0.334698         1.77828        0.150999
    5   39        -1.55225         0.32111        0.888446
    5   40        0.233959         1.29073       -0.918388
    5   41       -0.308577      -0.0494924        -1.51083
    5   42        -1.41846        0.896803        -0.44224
    5   43        -1.58081       -0.841253        0.664957
    5   44        -1.20276         -0.5779        -0.96908
    5   45       -0.945419        0.938833        -1.06979
    5   46         1.12422        -1.14421        0.218465
    5   47       -0.343458        -1.64709       -0.550314
    5   48         1.14665        0.306217        -1.14313
    5   49         1.17151        0.751373         1.00786
    5   50         -1.4342       -0.144639       -0.944457
    5   51        -1.00399        0.662429          1.2002
    5   52        0.428193       -0.584846        -1.56525
    5   53       -0.967876        -1.45096       -0.356102
    5   54       -0.114961        -0.42263         1.50854
    5   55         -1.0987        -1.28115       -0.399989
    5   56        -1.24606       -0.623295         0.78046
    5   57       0.0399513        -0.27578         1.71646
    5   58        0.159817       -0.947449        -1.33167
    5   59          1.7286       -0.314386       -0.207274
    5   60       -0.652423         1.38308       -0.844718
    5   61         -0.1244       -0.578276        -1.60445
    5   62       -0.475071       -0.382076        -1.57337
    5   63         1.41728       -0.822491       -0.864815
    5   64         1.07299         -1.1859       -0.137986
    5   65       -0.550295        -1.41799        0.727986
    5   66        -1.42443       0.0604483         0.50487
    5   67        0.208277        -1.62812        -0.47687
    5   68       -0.711078        0.878676        -1.09321
    5   69        -1.42342       -0.917419       -0.360762
    5   70       -0.776059       -0.905554         1.09268
    5   71        -1.79517        0.282721       -0.217345
    5   72       -0.584367        0.370808         -1.5159
    5   73        -1.36116        -1.19304        0.235467
    5   74         1.08165        -1.02554       -0.610301
    5   75        0.641536        -1.55919        0.754712
    5   76         1.48435       0.0232291       -0.621295
    5   77        0.454254         1.72724        0.285036
    5   78         1.23096        0.987481        0.574065
    5   79       -0.673287        0.638882         1.48601
    5   80         1.05095      -0.0783818         1.26293
    5   81         1.14732        -1.16151       -0.687776
    5   82       0.0481077        -1.63943       0.0296655
    5   83        -1.52188       -0.783251         0.17609
    5   84        -1.12564         1.23095         0.55112
    5   85      -0.0429786        0.760672         1.37655
    5   86         -1.1386         1.29846       -0.310335
    5   87        -1.50883       -0.274534        0.692311
    5   88        0.582888        0.786532        -1.10521
    5   89         1.49403        0.811794        0.402893
    5   90        0.150316         1.20133         1.09891
    5   91         1.77271        0.198476        0.333877
    5   92        -1.38144       -0.208069         0.61119
    5   93       -0.514308        -1.65417        0.391637
    5   94        -1.20649         1.23696        -0.29566
    5   95        -1.17366       -0.152251        -1.19675
    5   96        0.349219         1.27617        -1.03224
    5   97      -0.0534761       -0.838348        -1.53918
    5   98        -1.34469        0.843402       -0.176267
    5   99         -1.2415        0.178062         1.03601
    5  100          1.2372        -1.15818        0.578904
    5  101       -0.446579        -1.58762       0.0754227
    5  102        0.246237          1.6825       0.0856445
    5  103        -0.49942         1.08791         1.27639
    5  104       -0.152105       -0.644956        -1.65768
    5  105         -1.6977        0.354865       -0.251288
    5  106         1.12961         1.13786        0.422729
    5  107        0.864426       -0.055389         1.55096
    5  108       -0.731898       -0.156144        -1.60491
    5  109       -0.510331        -1.53173      -0.0656865
    5  110       -0.410604       -0.678839         -1.4124
    5  111       -0.840039        -1.32254        0.612385
    5  112       0.0929812        0.331798        -1.81308
    5  113       -0.427946       -0.225445         1.75346
    5  114       -0.927958         1.16858       -0.438434
    5  115         -0.5907        0.120083        -1.60997
    5  116          1.3946        -0.67784       0.0121086
    5  117         1.28726        0.887824        0.845902
    5  118         0.78053       -0.329615        -1.57799
    5  119        0.200578         1.47993       -0.872133
    5  120         -1.5998        0.168516       -0.383585
    5  121       -0.246859        0.604993         1.56082
    5  122       -0.204573       0.0350681        -1.59719
    5  123        0.896578       -0.985005        -1.34231
    5  124        0.449484        -1.60159       -0.395477
    5  125         0.64867       -0.103237        -1.67285
    5  126       -0.435146        0.943096         1.52394
    5  127          0.9512        0.873235        0.861352
    6    0        0.381822        0.130907        -1.67516
    6    1         1.67214        0.576226       0.0701645
    6    2      -0.0966965        -1.01148         1.38887
    6    3        -1.71736        0.383166        0.503047
    6    4        -1.66622        0.409386       0.0925826
    6    5       -0.712587       -0.972047        -1.11145
    6    6          1.3147        0.319899        -1.08663
    6    7        0.382345        -1.06195        -1.26533
    6    8        0.536102         0.02217         1.59268
    6    9         1.42594        -1.00112        0.039115
    6   10         1.72571        -0.32536       0.0034567
    6   11        0.630498        0.827768        -1.40554
    6   12       -0.546079       -0.686738         1.44827
    6   13        0.912265       -0.618233         1.26947
    6   14        0.715575        0.841169         1.22956
    6   15        -0.58976         1.47766        0.530772
    6   16       -0.371576         1.41967       -0.746554
    6   17        0.149225        -1.18449         1.11554
    6   18        -1.37065         1.02045       0.0388289
    6   19        -0.13208           1.632        0.590457
    6   20         1.40932        0.307064         1.07176
    6   21         1.31288       -0.256103        -1.14253
    6   22         1.48822        0.805066       -0.142953
    6   23       -0.153808         0.56742           1.486
    6   24        0.626015        0.901859         1.26404
    6   25         1.00506       -0.756686         1.48545
    6   26        0.810454         1.12923        0.878626
    6   27       -0.587335       -0.203054         1.54928
    6   28        0.498752        -1.44039        0.318261
    6   29       -0.941307        -1.18949       -0.855504
    6   30        -1.52669       -0.159939        0.762345
    6   31        0.186942       -0.514486          1.6518
    6   32       -0.876469       0.0171524         1.39922
    6   33       -0.117659         -1.4745        0.472999
    6   34         1.08232         -1.0127        0.563228
    6   35       -0.530591        -1.55055        0.118258
    6   36        0.986855         1.40611       0.0554124
    6   37       -0.783407         1.45515        0.638986
    6   38       -0.420745         1.82765        0.130801
    6   39        -1.54991        0.360375        0.877048
    6   40        0.293338         1.30523       -0.873114
    6   41       -0.296841      -0.0212709        -1.54611
    6   42        -1.46969        0.864153        -0.40768
    6   43        -1.59034       -0.831249        0.640191
    6   44        -1.17797       -0.603969        -0.90424
    6   45        -1.02012        0.876299        -1.07162
    6   46         1.12217        -1.14698         0.25173
    6   47       -0.327793        -1.67457       -0.509816
    6   48         1.14085        0.298271        -1.14852
    6   49          1.1925        0.781143        0.988215
    6   50        -1.49564       -0.164772       -0.968585
    6   51       -0.957117        0.744354         1.16428
    6   52        0.434481       -0.575071        -1.58222
    6   53       -0.955483        -1.40375       -0.337517
    6   54       -0.127284        -0.47396         1.48044
    6   55        -1.09819        -1.27456       -0.440165
    6   56        -1.22406       -0.649064        0.722701
    6   57       0.0651176        -0.26387         1.71908
    6   58        0.163456       -0.930509        -1.30705
    6   59         1.72018        -0.30887       -0.214959
    6   60       -0.618115         1.40625       -0.847601
    6   61       -0.126776       -0.567275        -1.60853
    6   62           -0.41       -0.390041        -1.64638
    6   63         1.40458       -0.832272       -0.853829
    6   64         1.06927        -1.15571       -0.149485
    6   65       -0.518613        -1.42244        0.780867
    6   66        -1.40918       0.0507367        0.540263
    6   67        0.236215        -1.61119       -0.470122
    6   68       -0.707232         0.88771        -1.07927
    6   69        -1.44185       -0.904863       -0.397633
    6   70       -0.793951       -0.882624         1.08446
    6   71        -1.75721        0.240999       -0.179363
    6   72       -0.597464        0.404726        -1.56886
    6   73        -1.34077        -1.22367        0.200254
    6   74         1.08002        -1.00425       -0.597764
    6   75        0.661212        -1.56412        0.694122
    6   76         1.50707       0.0129566       -0.654553
    6   77        0.456522          1.6869        0.240672
    6   78         1.20869         1.00852        0.506812
    6   79       -0.661014        0.663995         1.47655
    6   80         1.04034        -0.07318         1.23099
    6   81         1.12331        -1.14564       -0.669483
    6   82        0.109283        -1.71984       0.0348649
    6   83        -1.51567       -0.764369        0.182248
    6   84        -1.10955         1.23868        0.534559
    6   85     -0.00505784        0.783147         1.35848
    6   86        -1.17589         1.31955       -0.326704
    6   87        -1.53613        -0.21854        0.699221
    6   88        0.643724        0.805847        -1.10195
    6   89         1.44755        0.784998        0.396603
    6   90        0.176977         1.22518         1.08757
    6   91         1.75042        0.198317        0.313741
    6   92         -1.3897       -0.238247        0.618173
    6   93        -0.51444        -1.63975        0.373038
    6   94        -1.14078         1.26667       -0.339153
    6   95        -1.29929        -0.12681        -1.19453
    6   96        0.292295         1.23363        -1.06106
    6   97      -0.0530478       -0.810838        -1.52767
    6   98           -1.34        0.866276        -0.20822
    6   99        -1.23766        0.201883         1.04419
    6  100         1.14781        -1.19516        0.630812
    6  101       -0.474393        -1.56035       0.0796553
    6  102        0.289981         1.67197         0.10943
    6  103       -0.482927         1.10663         1.28169
    6  104       -0.152706       -0.573563        -1.64252
    6  105        -1.72763        0.342578        -0.25976
    6  106         1.10633         1.17005          0.3979
    6  107        0.859893      -0.0769518         1.54325
    6  108        -0.75025       -0.151318        -1.58112
    6  109       -0.513538        -1.57159      -0.0823992
    6  110       -0.328976       -0.777461        -1.40706
    6  111        -0.81673        -1.31853        0.588486
    6  112        0.129276        0.339962          -1.739
    6  113        -0.37059       -0.207104         1.79379
    6  114       -0.903198         1.14642       -0.426169
    6  115       -0.583186        0.154925        -1.62044
    6  116         1.40297       -0.675217       0.0261374
    6  117         1.27616        0.988932        0.782333
    6  118        0.807232       -0.199255        -1.64128
    6  119        0.188148         1.49088        -0.94204
    6  120         -1.5849        0.216317       -0.398778
    6  121       -0.226956        0.662422         1.52145
    6  122       -0.191006       0.0807263        -1.55862
    6  123        0.883857       -0.961397        -1.34309
    6  124        0.438674          -1.646       -0.443992
    6  125        0.720819      -0.0780836        -1.65097
    6  126       -0.492644        0.913741         1.42604
    6  127        0.992686        0.844237        0.782238
    7    0        0.342002        0.110665        -1.64906
    7    1         1.63057        0.571266       0.0883339
    7    2      -0.0744943        -1.02118         1.34449
    7    3        -1.68369        0.411412        0.534968
    7    4         -1.6113        0.412685        0.143182
    7    5       -0.738511       -0.944024        -1.13777
    7    6         1.25945        0.340622        -1.07281
    7    7         0.36166        -1.05924        -1.25065
    7    8        0.517789       0.0405177         1.59098
    7    9         1.41632        -1.02492       0.0238931
    7   10         1.71256       -0.318453       0.0101129
    7   11        0.643632        0.850291        -1.37194
    7   12       -0.551278       -0.661764         1.46028
    7   13         0.88969       -0.619501         1.27971
    7   14        0.782269        0.762933         1.21949
    7   15       -0.605667         1.44289        0.553899
    7   16       -0.384032         1.47208       -0.709938
    7   17        0.156052        -1.17387         1.08529
    7   18        -1.34913         1.02263       0.0527772
    7   19      -0.0902954         1.64982        0.624623
    7   20         1.39595        0.281119         1.08393
    7   21         1.31929       -0.249086        -1.09914
    7   22         1.48653        0.816468       -0.189939
    7   23       -0.248808        0.479192         1.57972
    7   24        0.643339        0.898289         1.26966
    7   25         1.00015       -0.749546         1.43749
    7   26        0.811496         1.14669        0.896105
    7   27       -0.602941       -0.138782         1.50593
    7   28        0.496357         -1.4277        0.321815
    7   29       -0.893773        -1.26784       -0.836488
    7   30        -1.51184       -0.164006        0.783321
    7   31        0.150738       -0.514653         1.60966
    7   32       -0.838561      0.00973591         1.47068
    7   33      -0.0582855        -1.49732         0.47978
    7   34         1.13481        -1.06737        0.623892
    7   35       -0.526601        -1.55709        0.160625
    7   36         1.01971         1.39879       0.0698766
    7   37       -0.739157         1.52096        0.697347
    7   38       -0.449698         1.86542        0.114127
    7   39        -1.54665        0.388475        0.859117
    7   40        0.326562         1.30473       -0.844873
    7   41       -0.310032      -0.0257837        -1.60597
    7   42        -1.50501        0.842925       -0.375344
    7   43        -1.62903       -0.811164        0.612101
    7   44        -1.20655       -0.680714       -0.901809
    7   45        -1.09228        0.857433        -1.02417
    7   46         1.11041        -1.16196        0.301056
    7   47       -0.329671        -1.67904       -0.488729
    7   48          1.1053        0.283634        -1.16133
    7   49         1.19463          0.8003        0.973041
    7   50        -1.51632       -0.168414       -0.979484
    7   51       -0.921018        0.801687         1.16177
    7   52        0.458348       -0.569354        -1.60593
    7   53        -0.93192        -1.33696       -0.342814
    7   54       -0.150918       -0.506183         1.47429
    7   55        -1.11466         -1.2612       -0.443053
    7   56        -1.23938       -0.676344        0.658504
    7   57       0.0795731       -0.204143         1.73614
    7   58        0.166518       -0.921642        -1.30271
    7   59         1.69651       -0.293363       -0.240473
    7   60       -0.568375         1.42976       -0.851065
    7   61       -0.121471       -0.556279        -1.59836
    7   62       -0.348637       -0.388917        -1.69314
    7   63         1.37768       -0.812754       -0.832529
    7   64         1.06046        -1.14918       -0.159651
    7   65       -0.496877        -1.40904        0.813087
    7   66        -1.38988       0.0401504        0.573962
    7   67        0.307435        -1.57962       -0.482283
    7   68       -0.742206        0.881989        -1.05926
    7   69        -1.47845       -0.917524       -0.429654
    7   70       -0.824156       -0.867567         1.06832
    7   71        -1.67296        0.252328       -0.157362
    7   72       -0.602804        0.419499        -1.60498
    7   73        -1.28867         -1.2593        0.132404
    7   74         1.08771       -0.998312       -0.600212
    7   75        0.714445          -1.566        0.707541
    7   76         1.55087      -0.0228653       -0.698084
    7   77        0.435154         1.65061        0.221234
    7   78         1.22602          1.0222         0.50344
    7   79         -0.6364         0.71706         1.48236
    7   80         1.01373      -0.0647704         1.20194
    7   81         1.12655        -1.11728       -0.643621
    7   82        0.158089        -1.79302       0.0327938
    7   83        -1.53326       -0.737965        0.174754
    7   84         -1.0945         1.23389        0.511632
    7   85       0.0309973        0.811301         1.36165
    7   86        -1.18843         1.32005       -0.365784
    7   87         -1.5679       -0.176159         0.70322
    7   88        0.759777        0.835653        -1.10572
    7   89         1.40904        0.741644        0.374168
    7   90        0.225925         1.26724         1.05563
    7   91         1.73618        0.195937        0.308993
    7   92        -1.38749       -0.248762        0.641883
    7   93       -0.486112         -1.6445        0.348859
    7   94         -1.0583         1.27667       -0.356692
    7   95        -1.32526       -0.109945         -1.2465
    7   96         0.24674         1.20744        -1.06538
    7   97      -0.0522047       -0.791076        -1.50169
    7   98        -1.35352        0.896376       -0.223501
    7   99        -1.26809        0.213487         1.04289
    7  100         1.08064        -1.16201        0.669445
    7  101       -0.464803        -1.55903       0.0969221
    7  102        0.305028          1.6755        0.126432
    7  103       -0.467582          1.1315         1.28923
    7  104       -0.138792       -0.528605        -1.61702
    7  105        -1.74414        0.313978       -0.266603
    7  106         1.10156         1.17348        0.379722
    7  107        0.859722       -0.112618         1.52871
    7  108        -0.76122       -0.141812        -1.56981
    7  109       -0.590682        -1.55898       -0.151399
    7  110       -0.268724       -0.888711        -1.40064
    7  111       -0.786709        -1.30251        0.574696
    7  112        0.195569         0.35612        -1.63956
    7  113       -0.329288       -0.196921         1.84157
    7  114       -0.925804         1.13398       -0.371483
    7  115       -0.541667        0.161028         -1.6402
    7  116          1.4413       -0.654573       0.0432799
    7  117         1.25223         1.10394        0.751413
    7  118        0.821565       -0.107203        -1.61722
    7  119          0.1861          1.4826       -0.999041
    7  120        -1.58173        0.213575       -0.396655
    7  121       -0.197159        0.726717         1.49066
    7  122       -0.194073        0.130111        -1.55546
    7  123        0.882518       -0.964198        -1.30406
    7  124        0.423894         -1.6511       -0.494268
    7  125        0.731817      -0.0641841         -1.6553
    7  126        -0.50137        0.883962         1.38214
    7  127         1.01415        0.826803        0.742571
    8    0        0.287698        0.110087        -1.62338
    8    1         1.59775        0.567445        0.136523
    8    2       -0.106202        -1.04907         1.32414
    8    3        -1.61373        0.420096        0.571697
    8    4        -1.56889         0.42351        0.190073
    8    5       -0.781856       -0.963279        -1.15064
    8    6         1.20915        0.317245        -1.03163
    8    7        0.355323        -1.03279        -1.23499
    8    8        0.514707       0.0567872         1.60768
    8    9         1.38813        -1.04267       0.0504669
    8   10         1.67342       -0.344119    -0.000202906
    8   11        0.679675        0.879796        -1.33643
    8   12       -0.546203       -0.643927         1.47348
    8   13        0.872428       -0.596998         1.28766
    8   14        0.860728        0.741025         1.19674
    8   15       -0.638839         1.41059        0.500148
    8   16       -0.390106         1.50082       -0.700581
    8   17        0.157367        -1.17835         1.04921
    8   18        -1.32494        0.983889       0.0653036
    8   19        -0.04367         1.66429        0.683047
    8   20         1.36261        0.251731         1.08925
    8   21         1.31402       -0.231888        -1.05337
    8   22         1.47059        0.818589       -0.217391
    8   23       -0.266075        0.479343          1.6623
    8   24        0.667908        0.873791         1.26728
    8   25         0.99617       -0.732097         1.39034
    8   26        0.797126         1.14145        0.906387
    8   27       -0.613613      -0.0794767          1.4849
    8   28         0.49722        -1.42294        0.329362
    8   29       -0.843927        -1.35107       -0.811127
    8   30        -1.49475       -0.140617        0.813272
    8   31        0.157173        -0.49292         1.55874
    8   32       -0.911146       0.0275445         1.45757
    8   33      -0.0129036        -1.54762        0.494366
    8   34         1.17552        -1.10723        0.686214
    8   35       -0.543079        -1.56668        0.201746
    8   36         1.06041         1.39367       0.0686048
    8   37        -0.75397         1.55018         0.70311
    8   38       -0.441678         1.87269        0.099641
    8   39        -1.56781        0.396351         0.83856
    8   40        0.347089         1.30525       -0.818931
    8   41       -0.342774      -0.0556188        -1.70882
    8   42        -1.43032        0.805839       -0.366376
    8   43         -1.6232       -0.799823        0.557249
    8   44        -1.22374       -0.739689       -0.907097
    8   45         -1.1331        0.851062         -1.0267
    8   46         1.08634        -1.18616        0.332422
    8   47       -0.336593        -1.64833       -0.477967
    8   48         1.06507        0.303681         -1.2162
    8   49         1.17247        0.820738        0.966345
    8   50        -1.52181          -0.172       -0.981108
    8   51       -0.885912        0.857835         1.12928
    8   52        0.492389       -0.579609        -1.62673
    8   53       -0.907642        -1.25975       -0.366904
    8   54       -0.181476        -0.51689         1.47405
    8   55        -1.12858        -1.24841       -0.423732
    8   56        -1.27419        -0.70238        0.620988
    8   57       0.0953737       -0.239282         1.72956
    8   58        0.168322       -0.911029        -1.30282
    8   59         1.67735       -0.276417        -0.27172
    8   60       -0.521688         1.44356       -0.859593
    8   61       -0.117578       -0.526597        -1.57452
    8   62       -0.308595       -0.370711        -1.72836
    8   63         1.31471       -0.769748       -0.769671
    8   64          1.0444        -1.17304       -0.161111
    8   65       -0.495956        -1.39289        0.818627
    8   66        -1.38969       0.0212133        0.589811
    8   67        0.332428        -1.57711       -0.463446
    8   68       -0.773908        0.911485        -1.05461
    8   69        -1.50324       -0.943811       -0.457019
    8   70       -0.851181       -0.855503         1.05567
    8   71        -1.57458        0.284782       -0.066426
    8   72       -0.600844         0.42253         -1.6136
    8   73        -1.25891        -1.28943       0.0728805
    8   74         1.08344       -0.988988       -0.626478
    8   75        0.728614        -1.55014        0.710287
    8   76         1.59678      -0.0723931       -0.723839
    8   77        0.390019         1.63249        0.225884
    8   78         1.20374         1.02811        0.469091
    8   79        -0.61225        0.772189         1.46945
    8   80        0.955679      -0.0744074         1.18234
    8   81         1.15414        -1.08277       -0.590582
    8   82        0.195914         -1.8233       0.0145831
    8   83        -1.56341       -0.700418        0.145331
    8   84        -1.06004         1.24369         0.48749
    8   85       0.0203265        0.842958         1.35396
    8   86        -1.17775         1.34357       -0.365182
    8   87        -1.60285       -0.144709        0.701307
    8   88        0.875364        0.885558        -1.13484
    8   89         1.39493        0.692442        0.333371
    8   90         0.28255         1.33327         1.02021
    8   91         1.72909         0.18833        0.320801
    8   92         -1.3962       -0.251428        0.675444
    8   93       -0.461301        -1.63084        0.392815
    8   94        -1.01425         1.26245       -0.366013
    8   95        -1.29489       -0.104095        -1.30011
    8   96         0.22344         1.18405        -1.04543
    8   97      -0.0837595       -0.792582        -1.46706
    8   98         -1.3729        0.938029       -0.231007
    8   99        -1.31083        0.210721         1.04411
    8  100         1.03877        -1.15941        0.657679
    8  101       -0.430335        -1.58797        0.104512
    8  102        0.297476         1.69126        0.127646
    8  103       -0.527018         1.17112          1.3177
    8  104      -0.0911763       -0.510306        -1.59347
    8  105        -1.76333        0.296202       -0.272779
    8  106         1.09617         1.16848         0.35453
    8  107        0.848435       -0.146584         1.51278
    8  108       -0.777093       -0.126928        -1.54861
    8  109       -0.552314        -1.61215       -0.168523
    8  110       -0.204241       -0.999288        -1.41471
    8  111       -0.779969        -1.29795        0.562209
    8  112        0.235012        0.345315        -1.56139
    8  113       -0.309036       -0.191864         1.87767
    8  114       -0.947777         1.13155        -0.36961
    8  115       -0.537373        0.175453        -1.63699
    8  116         1.47785       -0.645405       0.0597779
    8  117         1.25012          1.1503        0.734469
    8  118        0.818941      -0.0479508        -1.65105
    8  119        0.181185         1.47916        -1.01213
    8  120        -1.58998        0.187333       -0.362482
    8  121       -0.149887        0.810873         1.45501
    8  122       -0.193765        0.208921        -1.54934
    8  123        0.885881       -0.966902        -1.23258
    8  124         0.44889        -1.64083       -0.528488
    8  125        0.719117      -0.0453038        -1.64347
    8  126       -0.544869        0.822049          1.3863
    8  127         1.02873         0.84068        0.744497
    9    0        0.231846        0.121393        -1.60961
    9    1         1.58401         0.56635        0.158684
    9    2       -0.148768        -1.05272         1.29147
    9    3        -1.58435        0.416247        0.653455
    9    4        -1.55337        0.434266        0.215914
    9    5       -0.831521        -1.02343        -1.15019
    9    6         1.18094        0.300018       -0.987343
    9    7         0.37402       -0.999544        -1.24163
    9    8        0.534094       0.0694134         1.62479
    9    9         1.34169        -1.06345        0.122085
    9   10         1.61765       -0.378675      -0.0207246
    9   11         0.68198          0.9157        -1.31739
    9   12       -0.540837       -0.636287         1.48093
    9   13        0.895708       -0.555446         1.28859
    9   14        0.916363        0.736006         1.21593
    9   15       -0.660925          1.3856        0.469578
    9   16       -0.391972         1.51041       -0.721879
    9   17        0.172524         -1.1846         1.02718
    9   18        -1.31512        0.927806       0.0953833
    9   19      -0.0118127         1.66687        0.742042
    9   20         1.31572        0.225821         1.08808
    9   21         1.30464        -0.21518        -1.00984
    9   22          1.4357        0.795445       -0.275314
    9   23       -0.253364          0.4778          1.7198
    9   24        0.681952        0.852813         1.24901
    9   25        0.977642       -0.730016         1.34225
    9   26        0.758742         1.12246        0.922122
    9   27       -0.572299      -0.0230878         1.48346
    9   28        0.502492        -1.43157        0.347109
    9   29       -0.789977        -1.42629       -0.767847
    9   30         -1.4864       -0.105497        0.864946
    9   31        0.210135       -0.443804         1.52653
    9   32        -1.01535       0.0275358         1.39523
    9   33       0.0261052        -1.59687        0.504945
    9   34         1.19283         -1.1525        0.738643
    9   35       -0.559755        -1.59607        0.241728
    9   36         1.10781         1.38114       0.0320559
    9   37       -0.759621         1.56488        0.693483
    9   38       -0.381155         1.88014       0.0972741
    9   39        -1.56566        0.394609        0.840195
    9   40        0.359905         1.29182       -0.803138
    9   41       -0.371554       -0.102593        -1.78585
    9   42        -1.44658        0.811026       -0.334838
    9   43        -1.59678       -0.780903        0.510713
    9   44          -1.229       -0.769636       -0.923509
    9   45        -1.16363        0.880668        -1.05681
    9   46         1.06756        -1.19619        0.331182
    9   47       -0.332886        -1.55794       -0.502781
    9   48         1.03158        0.340457         -1.2158
    9   49         1.16153        0.847178          0.9686
    9   50        -1.53011       -0.171855       -0.955855
    9   51        -0.86465        0.871048         1.12183
    9   52         0.48529       -0.613401        -1.61193
    9   53       -0.895764        -1.20063       -0.410391
    9   54       -0.207575       -0.514332         1.48885
    9   55        -1.13285        -1.24256       -0.365324
    9   56        -1.32571       -0.743048        0.603627
    9   57        0.124772       -0.240187         1.72572
    9   58        0.157523       -0.892397        -1.32024
    9   59         1.66261       -0.244277        -0.30292
    9   60       -0.470526         1.43853       -0.861562
    9   61      -0.0952633       -0.509237        -1.53823
    9   62       -0.284417       -0.343925         -1.7622
    9   63          1.2609        -0.72551       -0.727387
    9   64         1.03455        -1.22054        -0.13497
    9   65       -0.513102        -1.40993        0.817776
    9   66        -1.40572       0.0119831        0.589742
    9   67        0.370865        -1.61289       -0.472247
    9   68       -0.843218        0.921753        -1.04743
    9   69        -1.53099       -0.959762       -0.498969
    9   70       -0.866697       -0.851145         1.03821
    9   71        -1.52935        0.298609     -0.00152923
    9   72       -0.667099        0.368863        -1.58706
    9   73        -1.23223        -1.32754       0.0363438
    9   74         1.12072       -0.965854       -0.657871
    9   75        0.695436        -1.50924        0.705705
    9   76         1.60808       -0.116784       -0.731603
    9   77        0.341205         1.62186        0.243336
    9   78         1.18094         1.03809        0.435054
    9   79       -0.586742        0.805496         1.44595
    9   80         0.91113       -0.129237         1.18064
    9   81         1.17171        -1.05846       -0.526617
    9   82        0.184992        -1.78311      -0.0307144
    9   83        -1.58955         -0.6668        0.113466
    9   84        -1.02216         1.21178        0.458787
    9   85       0.0213599        0.841063          1.3721
    9   86        -1.15812         1.35686       -0.363785
    9   87        -1.63111       -0.111085        0.693664
    9   88        0.971665        0.920825        -1.15575
    9   89         1.39472        0.635544        0.327846
    9   90        0.304161         1.40349         1.02128
    9   91         1.72276        0.182773        0.348686
    9   92        -1.40147       -0.242484        0.715973
    9   93       -0.373962         -1.6449        0.360773
    9   94        -0.99953         1.23807       -0.358859
    9   95        -1.28623       -0.132918        -1.36088
    9   96        0.229267         1.18386        -1.01631
    9   97      -0.0913655       -0.803119        -1.41183
    9   98        -1.39351        0.989881       -0.223391
    9   99         -1.3552        0.194214         1.05857
    9  100         1.02117        -1.15573        0.633094
    9  101       -0.360188        -1.61944        0.174361
    9  102        0.274253         1.71431        0.113399
    9  103       -0.552308         1.17594         1.32255
    9  104      -0.0922632       -0.516877        -1.56943
    9  105        -1.78284        0.284243       -0.283592
    9  106         1.07636         1.15765        0.326447
    9  107        0.842955       -0.169546          1.4875
    9  108       -0.800287       -0.128537        -1.50735
    9  109       -0.540942        -1.62107       -0.195138
    9  110       -0.195343        -1.04495        -1.42646
    9  111       -0.787503        -1.29762        0.556411
    9  112        0.262864        0.326813        -1.46548
    9  113       -0.300894       -0.196904         1.89758
    9  114       -0.967333          1.1418       -0.334717
    9  115       -0.521098        0.182598         -1.5827
    9  116         1.51418       -0.658262       0.0692145
    9  117         1.32447         1.16717        0.686046
    9  118        0.810624       0.0198263        -1.63221
    9  119        0.190038         1.47523        -1.00573
    9  120        -1.61191        0.192027       -0.349896
    9  121       -0.114941        0.885822         1.42908
    9  122       -0.201943         0.31754        -1.56777
    9  123        0.891568       -0.975284         -1.1744
    9  124        0.473748         -1.6094       -0.506787
    9  125        0.691858      -0.0540652        -1.62161
    9  126       -0.526278        0.802642         1.34052
    9  127         1.04543        0.894077         0.74338
