# cohbond dipole 
# frame_index bond_index dipole_x dipole_y dipole_z 
#UNITCELL[Ang] 19.7484 0 0 0 19.7484 0 0 0 19.7484
#TEMPERATURE[K] 298
#TIMESTEP[fs] 2.5
    0    0         2.71828        -1.28951        -2.20363
    0    1         3.23804        0.131438         2.74944
    0    2        -2.05133        -2.79758         1.23346
    0    3        -1.73001        0.901225         3.15749
    0    4         -3.4283        0.796034        -2.14062
    0    5        -2.12597        0.468698        -3.13188
    0    6         3.82817       -0.506751        0.224534
    0    7         2.96996       -0.140647        -2.89681
    0    8         2.11704         2.55963         2.29918
    0    9         2.69955        -2.47198        -1.60982
    0   10         2.22172        -2.57562        -1.72596
    0   11       -0.678992         2.09919        -3.34232
    0   12       -0.147187        -3.19864         2.08937
    0   13         3.17049        0.752596         1.38184
    0   14        -1.05223         1.58084         3.28751
    0   15        -2.71038          2.3148        -1.49515
    0   16        0.589729         1.63179        -3.60632
    0   17         1.78199        -3.25269        0.406548
    0   18        -3.29703       -0.285561         1.99623
    0   19         2.48824         2.62593         1.55127
    0   20         2.26091         3.00482        0.659987
    0   21         0.85949        0.235227        -3.89468
    0   22         1.97833         1.96436         1.88509
    0   23         1.09961         2.80653         2.01016
    0   24        -1.16147         2.92739         2.53211
    0   25         2.44518        -3.85387        0.451951
    0   26        -1.04138          1.3297         2.93193
    0   27        0.207733        -2.48573         2.41387
    0   28         -1.3282        -3.34184        0.968073
    0   29        -2.96686       -0.903669        -1.68104
    0   30        -3.97295         1.19012       -0.360575
    0   31        -1.46991        -2.63254         2.60067
    0   32        -3.61955        0.178782        0.682289
    0   33         2.32618        -2.14405         1.59023
    0   34         3.41363       -0.325221         1.75146
    0   35        -1.85916        -2.82221        -1.82047
    0   36        0.364061         3.79673        -1.30152
    0   37        -3.07624         1.60204        0.179762
    0   38         1.77096         2.93378         1.74959
    0   39        -3.06962        -2.09507         2.21946
    0   40          -1.662         1.50176        -2.84962
    0   41        -1.90374        -2.92042        -2.92043
    0   42        -0.46924         3.36842        -2.22585
    0   43        -3.39744        -1.09737        -1.68201
    0   44        -1.12913        -3.44489       -0.435331
    0   45       -0.611535         3.87454        -1.06252
    0   46         2.84288        -1.23503        -2.04437
    0   47        -1.90632        -1.23491        -3.02574
    0   48         2.73303         2.90974        -1.52306
    0   49         3.44106       -0.266077         1.41313
    0   50        -3.90448        -0.20764        0.455971
    0   51       -0.651603         3.12577         1.34791
    0   52         1.55585        0.881288         -3.2198
    0   53        -2.87187        -0.96047        -2.42025
    0   54        0.418403         1.06256         3.61101
    0   55       -0.842792        -2.25569        -2.79234
    0   56        -3.65362       -0.084254       -0.816212
    0   57        0.224492         -3.0305         2.42199
    0   58        -2.19766       -0.745231        -3.12959
    0   59         3.20011         -1.6468         1.71217
    0   60         1.94042         2.50502         -2.2672
    0   61         0.74528        -2.95268         -1.6154
    0   62        -3.09289      -0.0574368        -1.83016
    0   63         1.38098        -2.22621        -3.06401
    0   64         2.75793       -0.844883        -1.85788
    0   65        -2.11166        -3.41775        -1.09341
    0   66        -3.52634       -0.280958       -0.963152
    0   67        -1.10962        -2.15688        -2.92739
    0   68        0.518719         2.57847        -2.70884
    0   69        -2.33938        -1.02786        -3.30331
    0   70        0.456072        -2.36272         3.11687
    0   71        -2.91584         1.60429         2.47662
    0   72        -2.35053         -1.7734        -2.60093
    0   73        -3.36638       -0.549845         2.34994
    0   74        0.411456        -3.24354        -2.25892
    0   75       -0.613646        -1.74741         3.51138
    0   76         2.12417        -2.85429        -1.90366
    0   77         2.41127          2.7274        -1.49004
    0   78         2.03846        0.190065         2.87699
    0   79        -2.12134        -1.39936         3.04148
    0   80         1.71341        -2.90868         2.38557
    0   81        0.764405         -2.5858        -2.76639
    0   82        -1.71059         -2.7058         -1.7761
    0   83        -1.82871        -1.71067         2.93069
    0   84        -3.41743         0.12605         1.03367
    0   85         1.62428        0.634602         3.34835
    0   86        -3.67769        0.842142       -0.444307
    0   87        -2.05289        -2.07933         1.97825
    0   88        -0.24721         1.34617        -3.75255
    0   89         3.73641       -0.332445        -1.25103
    0   90        -1.11583        0.728988         3.72341
    0   91          3.7452       0.0501267        -1.94625
    0   92        -2.16681         1.71041         2.23981
    0   93        -2.32037        -1.80302         2.08359
    0   94       -0.325489         2.86821        -1.93894
    0   95       -0.677697        -2.41698        -3.20352
    0   96         2.22261         3.07926        -0.11542
    0   97        0.288078        -3.42118         -1.2774
    0   98        -1.57846         2.43685        -2.31324
    0   99        -3.48518        -1.22387      -0.0923498
    0  100         2.58096        -2.74378        -1.72113
    0  101         -2.4639        -2.21142       -0.558583
    0  102         2.44573         2.41533         1.47015
    0  103       -0.958359       -0.353117         3.32931
    0  104       -0.390518         1.40961        -3.63618
    0  105        -3.18085        -1.98936        -1.24731
    0  106         2.36347         1.58512        -1.68501
    0  107        0.523413         2.00306          3.1368
    0  108        -3.56023      -0.0646929        -1.58401
    0  109       -0.326865         -2.9102         2.27748
    0  110        0.962314        -3.23708        -2.22739
    0  111        -3.80146        -1.18383         1.02991
    0  112         1.81671         1.93528        -2.28583
    0  113        -2.38993        -2.04537         2.69474
    0  114        -1.90491         2.18595         1.56273
    0  115        0.338856        -1.99589        -3.06754
    0  116         1.46507         -3.1728       -0.764712
    0  117         2.54597      -0.0592128         3.38177
    0  118         1.20415        -2.87101        -2.56625
    0  119       -0.496044        0.997214        -3.19757
    0  120        -1.95594          2.7129        -1.38803
    0  121         0.50404         3.59013         1.71282
    0  122      0.00719393          2.6761        -2.77012
    0  123         2.12099        -3.79769      -0.0992341
    0  124        0.190731        -2.98122         1.73123
    0  125        -0.70534        -2.54494        -3.16063
    0  126        0.874944         3.82554         1.07211
    0  127         3.38114         1.23531        0.215513
    1    0         2.60522        -1.29748        -2.27892
    1    1         3.33604       0.0461665         2.85197
    1    2        -2.05804        -2.79472         1.22386
    1    3        -1.63464        0.767161          2.9843
    1    4        -3.44514        0.890715        -2.14541
    1    5        -2.02404        0.376741        -3.28897
    1    6         3.86518       -0.425521       0.0166928
    1    7         2.84207       -0.179621        -2.83205
    1    8          2.1608         2.46687         2.27651
    1    9          2.7869        -2.44881        -1.68837
    1   10         2.23721        -2.67326        -1.76977
    1   11         -0.7695         2.09709        -3.37066
    1   12       -0.194992        -3.17066         2.09173
    1   13          3.2589        0.678349          1.3185
    1   14        -1.07465         1.65428         3.39672
    1   15        -2.76629          2.2941        -1.52935
    1   16        0.508596          1.6533        -3.59571
    1   17         1.78322         -3.1938        0.403951
    1   18        -3.40629       -0.282079         1.92842
    1   19         2.43822         2.48874         1.50606
    1   20          2.2975         2.98511        0.790865
    1   21        0.932595        0.135161        -3.94839
    1   22         2.06693         1.97755         1.75943
    1   23         1.09995         2.87013         2.07533
    1   24        -1.05169         2.95419         2.51842
    1   25         2.46451         -3.7901        0.433619
    1   26       -0.977693         1.34865         2.89862
    1   27        0.261983        -2.49562         2.46831
    1   28         -1.3217        -3.30751         1.01508
    1   29        -3.04367       -0.890905        -1.72432
    1   30        -3.96018         1.13419       -0.274597
    1   31        -1.36413        -2.66861         2.71753
    1   32        -3.58065        0.150903        0.549799
    1   33         2.28164        -2.06438         1.54768
    1   34         3.36673      -0.0911656         1.70431
    1   35        -1.71352        -3.00341        -1.93324
    1   36        0.426721         3.88933        -1.30685
    1   37        -3.08991          1.6179        0.125067
    1   38         1.75926         2.89414         1.82918
    1   39        -3.08555        -2.09083         2.15534
    1   40        -1.64427         1.61284        -2.80138
    1   41        -1.82268        -2.96537        -2.77526
    1   42       -0.543398         3.33749        -2.23423
    1   43        -3.36847        -1.13113        -1.66125
    1   44        -1.13633        -3.40693       -0.410333
    1   45       -0.522062         3.92032        -1.01905
    1   46          2.9052        -1.19096        -1.98493
    1   47         -1.8983         -1.3165        -2.96432
    1   48         2.70868         2.96219        -1.45537
    1   49         3.47757       -0.313565         1.49958
    1   50        -3.75884       -0.251421        0.509431
    1   51       -0.599566         3.03279          1.3406
    1   52         1.53533        0.880601        -3.21947
    1   53        -2.70312       -0.934965        -2.40665
    1   54        0.406599         1.04891          3.6386
    1   55       -0.923102          -2.186        -2.76966
    1   56        -3.52816       -0.119775       -0.809661
    1   57        0.225241        -3.09187         2.32415
    1   58        -2.13024       -0.752234        -3.13856
    1   59         3.28615         -1.7533          1.6499
    1   60         1.94413         2.41338        -2.25661
    1   61        0.814219        -3.01543        -1.49544
    1   62        -3.09726      -0.0517518        -1.78366
    1   63         1.38825         -2.1585        -3.02506
    1   64          2.7699       -0.783685        -1.83717
    1   65        -2.22597        -3.34863        -1.06026
    1   66        -3.51774       -0.258104         -1.0184
    1   67        -1.19041        -2.11242        -2.94138
    1   68        0.517535         2.62708          -2.734
    1   69        -2.29432        -1.07676         -3.2384
    1   70        0.287916        -2.40979         3.14293
    1   71        -2.91674         1.59195         2.45888
    1   72        -2.24619        -1.82159        -2.59523
    1   73        -3.51026       -0.549331         2.25816
    1   74          0.3122        -3.35759        -2.24391
    1   75       -0.623718        -1.87627         3.47277
    1   76         2.03331        -2.85414        -1.83954
    1   77         2.48368         2.78406        -1.41783
    1   78         2.03868        0.200043         2.95899
    1   79        -2.07172        -1.38172         3.13027
    1   80         1.75822        -2.71914          2.4051
    1   81        0.748672        -2.57776        -2.78973
    1   82        -1.69731        -2.70072        -1.73618
    1   83        -1.90301        -1.67159         2.89331
    1   84        -3.50344        0.201876          1.0485
    1   85         1.66378        0.638625         3.28589
    1   86        -3.66088        0.782256        -0.33511
    1   87        -1.99926        -2.15236         2.02653
    1   88       -0.340192         1.34516        -3.75224
    1   89         3.74846       -0.342979        -1.14963
    1   90        -1.05337        0.755821         3.72046
    1   91         3.68137        0.037248        -1.97842
    1   92        -2.16906          1.7085         2.16232
    1   93        -2.38192        -1.89774         2.09231
    1   94       -0.505273         2.88727        -1.83541
    1   95       -0.522579        -2.42754        -3.22497
    1   96         2.24889         3.07356       -0.196001
    1   97        0.165399        -3.38188        -1.30083
    1   98         -1.5306         2.31588        -2.24417
    1   99        -3.46808        -1.30672       -0.123311
    1  100         2.52057        -2.79213         -1.7398
    1  101        -2.52152        -2.20303       -0.494008
    1  102         2.45512         2.32268         1.45821
    1  103       -0.969403        -0.42967         3.29582
    1  104       -0.357797         1.39595        -3.61541
    1  105        -3.09644        -1.97186        -1.36741
    1  106         2.36615         1.67899        -1.63096
    1  107        0.637909         2.06227         3.13943
    1  108        -3.52472       0.0284502        -1.46997
    1  109       -0.298829        -2.86019         2.29892
    1  110        0.845303        -3.09928         -2.1504
    1  111        -3.78769        -1.14489        0.952424
    1  112         1.79447         1.89378        -2.37893
    1  113        -2.41623        -2.03372         2.79704
    1  114        -1.99602          2.1941         1.46145
    1  115        0.359318        -1.89852        -3.10202
    1  116         1.43113        -3.26322        -0.87766
    1  117         2.61858      0.00200318         3.36118
    1  118         1.26427        -2.91761        -2.70574
    1  119       -0.484933         1.01409        -3.14953
    1  120        -2.12746         2.71147         -1.2913
    1  121        0.536288         3.50055         1.58782
    1  122       0.0651301         2.54971        -2.78364
    1  123         2.10708        -3.78096       -0.141247
    1  124        0.342707        -3.02143         1.77578
    1  125       -0.724507        -2.55763        -3.14896
    1  126         1.00497         3.83248         1.23773
    1  127         3.33954         1.18572        0.245146
    2    0         2.58087          -1.298        -2.38993
    2    1         3.36665     -0.00505242         2.78406
    2    2        -2.04581        -2.73605          1.3059
    2    3        -1.47291        0.658657         2.89949
    2    4        -3.43022        0.946528        -2.23729
    2    5        -1.87604        0.365982        -3.33959
    2    6         3.87933       -0.412606      -0.0552849
    2    7         2.79033       -0.134613        -2.76179
    2    8         2.21253         2.37507         2.20028
    2    9         2.87337        -2.41924        -1.79091
    2   10          2.2148        -2.72097        -1.76257
    2   11        -0.84595         2.14725        -3.43415
    2   12       -0.315451        -3.27708         2.10438
    2   13         3.30058        0.589399         1.27984
    2   14        -1.04879         1.70182         3.53305
    2   15        -2.77035         2.24874        -1.52534
    2   16        0.437854         1.61097        -3.55421
    2   17         1.76826        -3.14009        0.369285
    2   18        -3.42679       -0.304278         1.84183
    2   19         2.40227         2.40364         1.50327
    2   20         2.29297         2.95912        0.818755
    2   21        0.904721        0.100784        -4.06402
    2   22         2.27794         2.05107         1.71223
    2   23         1.11947          2.9354         2.08932
    2   24       -0.957976         2.96383         2.43747
    2   25         2.41893        -3.74319        0.439773
    2   26       -0.842387         1.39884         2.86486
    2   27        0.267685         -2.5156         2.51467
    2   28        -1.31561        -3.28917         1.03933
    2   29        -3.16883       -0.892154        -1.75567
    2   30        -3.97848         1.13728       -0.252485
    2   31        -1.34585        -2.72427         2.68929
    2   32        -3.48783        0.144187        0.464838
    2   33         2.23066        -2.03658         1.48545
    2   34         3.41053       0.0660971         1.69791
    2   35        -1.49644        -3.11251        -2.07837
    2   36        0.416764         3.90762        -1.40019
    2   37        -3.08996         1.59904       0.0631963
    2   38         1.75452         2.85791         1.92808
    2   39        -3.06162        -2.08912          2.1252
    2   40        -1.62774         1.73994        -2.75436
    2   41        -1.81234        -2.95093        -2.48177
    2   42       -0.596412          3.3322        -2.25269
    2   43        -3.39298         -1.1658        -1.56685
    2   44        -1.15892        -3.35925       -0.401826
    2   45        -0.40118         3.91177        -1.00878
    2   46         2.95593        -1.12374        -1.92531
    2   47        -1.83294        -1.41966        -2.88097
    2   48         2.66065         2.93529        -1.38287
    2   49         3.41481        -0.28127         1.46356
    2   50        -3.67622       -0.248155        0.589421
    2   51       -0.564573         2.99819         1.31212
    2   52         1.59796        0.825603        -3.26127
    2   53        -2.55371       -0.930184        -2.42851
    2   54        0.413972         1.09383         3.62655
    2   55       -0.970851        -2.06319        -2.82531
    2   56          -3.386       -0.150585       -0.820167
    2   57        0.214207        -3.10495         2.29831
    2   58        -2.08301       -0.763389        -3.16859
    2   59         3.29526        -1.81748         1.61516
    2   60         1.79491         2.42328        -2.25388
    2   61        0.908914        -3.01797        -1.43745
    2   62        -3.14421       -0.111367        -1.71563
    2   63         1.35679        -2.10289        -3.06074
    2   64         2.70275       -0.722349        -1.81901
    2   65        -2.32111        -3.29851        -1.21524
    2   66        -3.52704       -0.251789        -1.05035
    2   67        -1.27068        -2.07044         -2.8864
    2   68        0.493366         2.64633        -2.75489
    2   69        -2.20797       -0.986387        -3.24993
    2   70        0.446495        -2.46945         3.16862
    2   71        -2.93049         1.56782         2.35909
    2   72        -2.12725        -1.84978        -2.61699
    2   73        -3.57143       -0.581323         2.21046
    2   74        0.287449        -3.38761        -2.24188
    2   75       -0.502416        -2.07214         3.38729
    2   76         2.04886        -2.67485        -1.72305
    2   77         2.58148         2.86543        -1.26459
    2   78         2.08878         0.25768         2.96219
    2   79        -2.05707        -1.27584         3.24957
    2   80         1.74344        -2.58974         2.40122
    2   81        0.810827        -2.60129        -2.85269
    2   82        -1.63573        -2.65926         -1.6403
    2   83        -1.93342        -1.67026         2.90612
    2   84        -3.56525        0.350147         1.05963
    2   85         1.64825        0.665485         3.23251
    2   86        -3.68856        0.708019       -0.201038
    2   87        -2.01939        -2.20114         2.06915
    2   88       -0.388922         1.36513        -3.78043
    2   89         3.70088       -0.304698        -1.00513
    2   90        -1.00455        0.874091         3.75235
    2   91          3.6983       0.0175504        -1.94972
    2   92        -2.15185         1.73248         2.06489
    2   93        -2.44706        -2.01421         2.12195
    2   94        -0.60797         2.96323        -1.87295
    2   95       -0.418146         -2.3623        -3.20369
    2   96         2.26318         3.09204       -0.229007
    2   97         0.10589        -3.40847        -1.37045
    2   98        -1.51522         2.27844        -2.23479
    2   99        -3.44642        -1.30505      -0.0568698
    2  100         2.50186         -2.8276        -1.66108
    2  101        -2.53956        -2.19483       -0.488906
    2  102         2.46916         2.23992         1.40929
    2  103         -1.0123       -0.410837         3.33012
    2  104       -0.207467         1.37799        -3.68395
    2  105        -2.97336        -1.97743        -1.43047
    2  106         2.34204         1.82991        -1.55245
    2  107        0.757975         2.13321          3.1218
    2  108        -3.51161       0.0651041        -1.42259
    2  109       -0.279572        -2.86338          2.2574
    2  110        0.872806        -3.08477        -2.05035
    2  111        -3.78909        -1.12626        0.877539
    2  112         1.80716         1.94592        -2.37045
    2  113        -2.39387        -1.99934         2.89317
    2  114         -2.0705          2.1235         1.45978
    2  115        0.324705        -1.77428        -3.15685
    2  116         1.39518        -3.23582       -0.957669
    2  117         2.73188      -0.0135616         3.35265
    2  118         1.30598        -3.00696        -2.71847
    2  119       -0.477464         1.10747        -3.14695
    2  120        -2.21362         2.74234        -1.20381
    2  121         0.51214         3.37609         1.51555
    2  122       0.0929234         2.46486        -2.76401
    2  123         2.07699        -3.72264      -0.0961138
    2  124        0.492966        -3.17015         1.86312
    2  125       -0.726202        -2.61064        -3.06462
    2  126         1.06754         3.72808         1.39263
    2  127         3.28233         1.17891        0.277342
    3    0         2.61588        -1.31584        -2.46904
    3    1         3.44817        0.125578         2.65787
    3    2        -1.97134         -2.7251         1.46781
    3    3         -1.2692        0.509097         2.91726
    3    4        -3.37999        0.941214         -2.3524
    3    5        -1.70521        0.492545         -3.3743
    3    6         3.88373       -0.566789       0.0176172
    3    7         2.74406      -0.0670139        -2.65817
    3    8          2.2401         2.27033         2.06593
    3    9         2.89449        -2.37595        -1.87711
    3   10         2.31215        -2.76749        -1.69494
    3   11       -0.810598         2.12689        -3.54755
    3   12       -0.348833        -3.35532         2.07332
    3   13         3.33732        0.486066         1.26018
    3   14         -1.0462           1.758         3.55775
    3   15        -2.72708         2.06679        -1.48027
    3   16        0.420361         1.54471        -3.53319
    3   17         1.68886        -3.13528        0.293344
    3   18        -3.43205       -0.411794         1.83085
    3   19         2.34063         2.31502         1.54635
    3   20         2.24445         2.98444         0.81776
    3   21        0.828306         0.10106        -4.15528
    3   22          2.3412          2.1338         1.77012
    3   23          1.1503         2.95519         2.01727
    3   24       -0.888272         3.05393         2.40205
    3   25         2.31476        -3.68791        0.487081
    3   26       -0.821406         1.38452         2.86889
    3   27        0.228397        -2.48883         2.56891
    3   28        -1.24839        -3.24742         1.04928
    3   29        -3.24822       -0.841775        -1.78112
    3   30        -3.93398         1.20642       -0.344683
    3   31        -1.42144        -2.81073         2.57127
    3   32        -3.37069        0.147855        0.437669
    3   33         2.20208        -1.97852         1.44099
    3   34          3.4542       0.0320802         1.73378
    3   35        -1.29663        -3.18561        -2.19746
    3   36        0.296771         3.89298        -1.46433
    3   37        -3.09453         1.60549       0.0314811
    3   38         1.74819         2.89807         1.98876
    3   39        -3.04746         -2.0601         2.07293
    3   40        -1.62305         1.87601        -2.69932
    3   41        -1.74611        -2.81805         -2.2429
    3   42       -0.535243         3.36446        -2.30689
    3   43        -3.46594        -1.19317         -1.5043
    3   44         -1.1774        -3.29035       -0.375377
    3   45       -0.318489         3.85836        -1.01218
    3   46         3.01305        -1.10747        -1.93771
    3   47         -1.7997        -1.42699        -2.83109
    3   48         2.61593         2.86876        -1.35244
    3   49          3.4413       -0.275125         1.50341
    3   50        -3.61288       -0.259961        0.634017
    3   51       -0.544778         3.00088         1.33847
    3   52         1.68233        0.786716         -3.3519
    3   53        -2.43646       -0.919594        -2.46738
    3   54        0.469357         1.21504         3.62131
    3   55       -0.953527        -2.04398        -2.91877
    3   56        -3.20555       -0.219478       -0.835556
    3   57        0.214557        -3.05479         2.39207
    3   58        -2.07674        -0.72045        -3.16801
    3   59         3.23902        -1.90905         1.61267
    3   60          1.5377         2.50058        -2.26158
    3   61        0.917616        -2.94549        -1.47773
    3   62        -3.08313       -0.130004        -1.71559
    3   63         1.30195        -2.07637        -3.11825
    3   64         2.69536       -0.778129        -1.79197
    3   65        -2.28718        -3.25768        -1.28571
    3   66        -3.52546       -0.145852       -0.979054
    3   67        -1.26128        -2.12341          -2.811
    3   68        0.498729         2.72737        -2.79072
    3   69        -2.05615       -0.968552        -3.28316
    3   70        0.701424        -2.51537          3.2028
    3   71        -2.93111         1.56697         2.25059
    3   72        -2.04253        -1.82791        -2.58853
    3   73        -3.62835       -0.609475         2.21549
    3   74        0.340273        -3.37472        -2.20602
    3   75       -0.465066        -2.14686         3.27342
    3   76         2.17421        -2.52589         -1.5585
    3   77         2.65906         2.84771          -1.134
    3   78         2.12266        0.346175         2.94398
    3   79        -2.05945        -1.18027         3.23784
    3   80         1.64429        -2.69887         2.27029
    3   81        0.847855        -2.65586        -2.92946
    3   82        -1.69439        -2.56724        -1.63359
    3   83        -1.94785        -1.74058         2.86535
    3   84        -3.63626        0.475963         1.01157
    3   85         1.63824        0.715084         3.17918
    3   86        -3.77431        0.737435      -0.0966412
    3   87        -2.08248        -2.21436           2.093
    3   88       -0.370842          1.3277        -3.65133
    3   89         3.62509       -0.398138       -0.938542
    3   90        -1.00202        0.994926         3.78584
    3   91         3.79174     -0.00469427        -1.87724
    3   92        -2.09531         1.78742         1.94853
    3   93        -2.46975        -2.12832         2.13828
    3   94       -0.560711         3.06145        -1.89234
    3   95       -0.393416        -2.27093        -3.12944
    3   96         2.27919         3.03054        -0.20805
    3   97       0.0209347        -3.39971        -1.40113
    3   98        -1.49808         2.27909        -2.25495
    3   99        -3.44967        -1.24539        0.039883
    3  100         2.53473        -2.87428        -1.50459
    3  101        -2.64716         -2.1827       -0.429336
    3  102         2.43141         2.30817         1.39266
    3  103        -1.05017       -0.349155         3.36472
    3  104      -0.0973681         1.39223        -3.69801
    3  105        -2.92074         -1.9284        -1.46285
    3  106         2.23099         1.96753        -1.52356
    3  107        0.859433         2.17434         3.06167
    3  108        -3.46652       0.0486559        -1.44878
    3  109       -0.277487        -2.92611         2.17209
    3  110        0.942291         -3.0776        -1.89554
    3  111        -3.81374        -1.13533        0.845216
    3  112         1.86131         1.94674        -2.27287
    3  113        -2.37227        -1.89924         2.91128
    3  114        -2.11687         2.02929          1.5943
    3  115        0.331244        -1.74298        -3.18742
    3  116         1.35994        -3.11302        -1.03267
    3  117         2.73837        -0.13872         3.43082
    3  118         1.34899        -3.02919        -2.70504
    3  119       -0.463752         1.19953        -3.23136
    3  120        -2.28117         2.71616        -1.17477
    3  121        0.505132         3.31478         1.52111
    3  122       0.0983877         2.53249        -2.69418
    3  123         2.04441        -3.67106      -0.0890268
    3  124        0.687392          -3.263            1.85
    3  125       -0.766677        -2.56675         -2.9789
    3  126           1.016         3.53445         1.55185
    3  127         3.29221         1.14969        0.253174
    4    0         2.65004        -1.35742        -2.48738
    4    1         3.43658        0.126563         2.48588
    4    2        -1.94962        -2.73272         1.44931
    4    3        -1.27778        0.423176         2.92936
    4    4        -3.32262        0.940462        -2.33303
    4    5        -1.67003        0.576207        -3.38019
    4    6          3.7915       -0.757986        0.180331
    4    7         2.70191      -0.0419968        -2.57786
    4    8          2.2839         2.16501          1.9631
    4    9         2.93997        -2.36717        -1.96224
    4   10         2.37501        -2.77574        -1.60531
    4   11       -0.761615         2.07545        -3.62796
    4   12       -0.285763        -3.33601         2.05918
    4   13          3.3355        0.363345         1.28734
    4   14       -0.985169         1.79426          3.4994
    4   15        -2.65635         2.01517        -1.43434
    4   16        0.406886         1.39135        -3.55892
    4   17         1.65034         -3.1291        0.282906
    4   18        -3.39078       -0.520222         1.76663
    4   19         2.29985         2.29312         1.70364
    4   20         2.17482         3.04508        0.828665
    4   21         0.82478        0.156512        -4.13397
    4   22         2.36665          2.2593         1.90488
    4   23         1.14533         2.94401         1.93898
    4   24        -0.82697         3.14684         2.38592
    4   25          2.2043        -3.63635         0.54075
    4   26       -0.864448         1.33975         2.86628
    4   27        0.203854         -2.4521         2.60216
    4   28        -1.18853        -3.22601          1.1112
    4   29         -3.2869       -0.763086        -1.80419
    4   30         -3.8698          1.2206       -0.409873
    4   31        -1.49599        -2.88394         2.52878
    4   32        -3.30523        0.101735        0.328953
    4   33         2.22826        -1.90262         1.37317
    4   34         3.52268       -0.149609         1.69867
    4   35        -1.12745        -3.15829        -2.20943
    4   36        0.169791         3.87331        -1.44557
    4   37        -3.07509         1.60757       0.0260358
    4   38         1.67282         2.98924         1.99624
    4   39        -3.08713        -2.03238         1.97978
    4   40        -1.68421         1.98237        -2.65584
    4   41        -1.66636        -2.65075        -2.13495
    4   42       -0.491583         3.39651        -2.34028
    4   43        -3.47907        -1.14802        -1.53053
    4   44        -1.13715         -3.2914       -0.311782
    4   45        -0.31581          3.7292        -1.03583
    4   46         3.10941         -1.0625        -1.95319
    4   47        -1.76627         -1.3638        -2.79448
    4   48          2.6286         2.80927         -1.3041
    4   49         3.58367       -0.260316         1.54662
    4   50        -3.62009       -0.261614        0.551852
    4   51       -0.582677         3.08772         1.39667
    4   52          1.7525        0.843287         -3.4145
    4   53        -2.25057        -0.79273         -2.4421
    4   54        0.497029         1.25874         3.55471
    4   55       -0.985738        -2.01818        -3.01231
    4   56        -3.06024       -0.243438       -0.899372
    4   57        0.232299        -2.98396         2.49291
    4   58        -2.07843       -0.682436        -3.12851
    4   59          3.1942        -1.95266         1.58886
    4   60          1.4414          2.6148         -2.3363
    4   61         0.90494         -2.8998        -1.53809
    4   62        -2.98901       -0.172535        -1.83149
    4   63         1.18168        -2.15389        -3.20073
    4   64         2.72566         -0.8147        -1.78346
    4   65        -2.16767         -3.2336        -1.18529
    4   66        -3.53356       -0.067798       -0.947764
    4   67        -1.23443        -2.25579        -2.75103
    4   68        0.437354         2.83274        -2.77456
    4   69        -1.91983       -0.953108        -3.26327
    4   70        0.824498        -2.55246         3.21327
    4   71        -2.91016         1.57767         2.19457
    4   72        -1.91918        -1.82491        -2.54897
    4   73         -3.7839       -0.639844          2.2542
    4   74         0.42279        -3.31024        -2.12203
    4   75       -0.556797        -2.08884          3.1458
    4   76         2.17062        -2.53892        -1.43784
    4   77         2.77737         2.77553        -1.05319
    4   78         2.14988        0.372554         2.94049
    4   79         -2.1514        -1.20465         3.23277
    4   80         1.56219        -2.78713         2.14665
    4   81        0.827401        -2.65809        -3.02257
    4   82        -1.81107        -2.46776        -1.69203
    4   83        -1.94489        -1.77821         2.84664
    4   84        -3.63672        0.531886          0.9079
    4   85         1.71483        0.737594         3.05858
    4   86        -3.86336        0.933144      -0.0297747
    4   87        -2.10007        -2.18065         2.05684
    4   88       -0.389519         1.30946        -3.58039
    4   89         3.49966       -0.480621       -0.924296
    4   90        -1.15369        0.925228         3.81976
    4   91         3.89062       0.0171082        -1.82116
    4   92        -2.08558         1.87873         1.82095
    4   93        -2.50071        -2.14419         2.13257
    4   94        -0.47755         3.11353        -1.94162
    4   95       -0.470406        -2.14624        -3.06881
    4   96         2.30734         2.97342       -0.190911
    4   97       -0.050292        -3.41593        -1.33206
    4   98        -1.43443         2.27458        -2.29862
    4   99        -3.41156        -1.27652        0.109329
    4  100          2.5531        -2.87921        -1.50548
    4  101        -2.72875        -2.17815       -0.365158
    4  102         2.41147         2.43266         1.38983
    4  103        -1.11138        -0.43282         3.36852
    4  104      -0.0740547         1.33029        -3.72021
    4  105         -2.9503        -1.81965        -1.50461
    4  106         2.10209         2.08068        -1.57864
    4  107        0.946273         2.19504         3.01037
    4  108        -3.45877       0.0263004        -1.47885
    4  109       -0.267317        -3.02644         2.14065
    4  110          1.1109         -3.0806        -1.89372
    4  111        -3.76728        -1.24578        0.838329
    4  112         1.91422          1.9085        -2.24798
    4  113        -2.36369        -1.87214         2.82657
    4  114        -2.13686         1.91622         1.69022
    4  115        0.391405        -1.79295        -3.17693
    4  116         1.40239        -3.11416        -1.07868
    4  117         2.77069       -0.135635         3.32178
    4  118         1.38996        -2.95222        -2.70266
    4  119       -0.435565         1.23858        -3.39249
    4  120        -2.34431         2.77394        -1.18618
    4  121        0.518314         3.29148         1.57763
    4  122       0.0982492         2.65545        -2.51175
    4  123         2.02968        -3.57239       -0.108345
    4  124        0.816812        -3.30236         1.78901
    4  125       -0.772323        -2.47454        -2.87164
    4  126         1.09717         3.42388         1.57751
    4  127         3.36545         1.10994         0.16938
    5    0         2.68559        -1.37109        -2.48838
    5    1         3.33085       0.0900485         2.51118
    5    2        -2.09175         -2.7902         1.32711
    5    3        -1.43318           0.363         2.90239
    5    4        -3.28508        0.946465        -2.23627
    5    5        -1.58637        0.484201         -3.3533
    5    6         3.69384       -0.777929        0.225369
    5    7         2.57947       -0.066736        -2.54104
    5    8         2.26217         2.13916         1.87119
    5    9         2.97726         -2.3651        -2.01881
    5   10          2.4449         -2.7671        -1.51752
    5   11        -0.77283          2.0295        -3.66194
    5   12        -0.33604        -3.34204         2.03099
    5   13         3.31359        0.252385         1.28799
    5   14       -0.971756         1.82345         3.41985
    5   15        -2.56488         1.93931        -1.41011
    5   16        0.412101         1.27076        -3.50408
    5   17         1.56602        -3.16527        0.354587
    5   18        -3.37775       -0.561695         1.68667
    5   19          2.2639         2.27227         1.84077
    5   20         2.18124         3.04098        0.801689
    5   21        0.927026       0.0337909        -4.17499
    5   22         2.36474         2.36334          1.9422
    5   23         1.17956          2.8686         1.91859
    5   24        -0.76211         3.18892         2.37211
    5   25         2.11044        -3.63276        0.567594
    5   26       -0.878772         1.31126         2.85112
    5   27        0.183649        -2.42536          2.5498
    5   28        -1.22983        -3.16857         1.13006
    5   29        -3.26613       -0.693536        -1.81802
    5   30        -3.80826         1.15715       -0.415386
    5   31        -1.46224         -2.8685         2.51577
    5   32        -3.23869       0.0734202        0.124806
    5   33         2.28497        -1.93635         1.32078
    5   34         3.65222       -0.253342          1.6513
    5   35       -0.987993        -3.13799        -2.12265
    5   36        0.113165         3.91589        -1.39848
    5   37        -3.04736         1.65362       0.0679717
    5   38         1.58641         3.01739         2.02265
    5   39        -3.11956        -2.03118         1.86835
    5   40        -1.72415         2.06595        -2.55859
    5   41        -1.66699        -2.58329        -2.05448
    5   42       -0.537295          3.3731        -2.33221
    5   43        -3.50972        -1.13056        -1.58029
    5   44         -1.1388         -3.3008       -0.320268
    5   45       -0.315295         3.62708         -1.0371
    5   46         3.16509       -0.962411        -1.91944
    5   47        -1.78011        -1.28301         -2.8089
    5   48         2.65578         2.79565        -1.19026
    5   49          3.6479       -0.205499         1.54618
    5   50        -3.70348       -0.274772        0.421411
    5   51        -0.62957         3.18494         1.47333
    5   52         1.81906        0.893398        -3.45936
    5   53        -2.17551       -0.697243        -2.47995
    5   54        0.513057         1.19121         3.42825
    5   55        -1.06383        -2.05286        -3.06723
    5   56        -3.00564       -0.355125       -0.930264
    5   57        0.244696        -2.98952         2.48203
    5   58        -2.05209       -0.611578        -3.14969
    5   59         3.17284        -1.97039         1.51773
    5   60         1.47553          2.6655        -2.40182
    5   61        0.913362         -2.9173        -1.52456
    5   62        -2.91225       -0.225494        -1.91179
    5   63         1.15553        -2.19531        -3.27209
    5   64         2.76045       -0.875883        -1.80652
    5   65        -2.06675        -3.21057       -0.987657
    5   66        -3.47868       0.0784487        -0.93677
    5   67        -1.24854        -2.34625        -2.70728
    5   68        0.396998         2.86467        -2.74714
    5   69         -1.9553       -0.990822         -3.2462
    5   70        0.741537        -2.57087         3.16656
    5   71        -2.81703         1.63815         2.18782
    5   72        -1.77983        -1.74555        -2.63277
    5   73        -3.85343       -0.700988         2.22576
    5   74        0.411187        -3.26973         -2.0197
    5   75       -0.842177        -2.08072         3.04516
    5   76         2.10843        -2.66991        -1.33904
    5   77         2.94742         2.65776       -0.991547
    5   78         2.19699        0.313795         2.89601
    5   79        -2.25827        -1.22446         3.19727
    5   80         1.61152        -2.80283         2.09857
    5   81        0.800445         -2.6732         -3.0683
    5   82        -1.87346        -2.46217        -1.68479
    5   83        -1.96066        -1.90788         2.81209
    5   84        -3.68284        0.558266        0.741177
    5   85         1.82633        0.748678         2.98352
    5   86        -3.93536         1.14786       0.0129051
    5   87        -2.05409        -2.18324         2.02168
    5   88       -0.380457         1.29119        -3.49215
    5   89         3.41757       -0.538274       -0.965629
    5   90        -1.30359        0.784877         3.80127
    5   91          3.8127      -0.0672902        -1.80799
    5   92        -2.11951         1.90101         1.64459
    5   93        -2.51528         -2.0486         2.10191
    5   94       -0.543172         3.20447        -1.95611
    5   95       -0.517268        -2.10688        -3.04506
    5   96         2.29009          2.9237       -0.177886
    5   97       -0.154663        -3.39341        -1.24107
    5   98        -1.43058         2.29918         -2.3363
    5   99        -3.39991        -1.33809       0.0788198
    5  100         2.49965        -2.83205        -1.56982
    5  101        -2.78353        -2.13055       -0.302639
    5  102         2.47817         2.49749         1.45218
    5  103        -1.14592       -0.646624         3.38483
    5  104      -0.0623091         1.33854          -3.722
    5  105        -3.02222        -1.75322        -1.49508
    5  106         2.04536         2.19343        -1.66574
    5  107         1.01857         2.17264         2.96568
    5  108        -3.48277      -0.0123148        -1.43256
    5  109       -0.311312        -3.06348         2.16241
    5  110         1.16319        -3.05539        -1.90532
    5  111        -3.78123        -1.38066        0.779963
    5  112         1.97362         1.84775        -2.29016
    5  113        -2.32959        -1.91091         2.69976
    5  114        -2.17034         1.85033         1.64923
    5  115        0.415002        -1.87687        -3.19689
    5  116          1.3621        -3.09258        -1.15165
    5  117         2.74319       -0.151311         3.22585
    5  118         1.42067        -2.81437        -2.72396
    5  119        -0.45606         1.30921        -3.50357
    5  120        -2.33233         2.77945        -1.22779
    5  121        0.603573         3.33732         1.57784
    5  122       0.0602901         2.75738        -2.36744
    5  123         2.03208        -3.47679       -0.128048
    5  124        0.922696         -3.3071         1.76306
    5  125        -0.75371        -2.38434        -2.79122
    5  126         1.23119         3.35581         1.49642
    5  127         3.49641         1.08804        0.104687
    6    0         2.63439        -1.38307        -2.50534
    6    1         3.23802       0.0851938         2.59046
    6    2        -2.29036        -2.81691         1.21693
    6    3        -1.58898        0.291436         2.94607
    6    4        -3.18499        0.967988        -2.21764
    6    5        -1.52618        0.308507         -3.3928
    6    6         3.58534       -0.733901        0.128072
    6    7         2.52424       -0.149322        -2.51984
    6    8         2.21104         2.10006          1.8175
    6    9         3.02735        -2.37673        -2.01001
    6   10         2.41582        -2.79639        -1.50058
    6   11       -0.833035         2.01462        -3.67085
    6   12       -0.362098        -3.29042         2.03648
    6   13         3.27017        0.174041         1.22986
    6   14        -1.04531         1.84796         3.34092
    6   15        -2.47314         1.88443        -1.44379
    6   16         0.34524         1.29305        -3.33704
    6   17         1.48141        -3.19977        0.379864
    6   18        -3.37106       -0.457125         1.63537
    6   19         2.25178         2.30252         1.97037
    6   20         2.19021         2.99396        0.817618
    6   21         1.00819     -0.00962676        -4.09177
    6   22         2.42426         2.42821         1.78698
    6   23         1.16326         2.77698         1.85732
    6   24       -0.711252         3.19546         2.35723
    6   25         2.03224        -3.63192        0.545746
    6   26       -0.819989         1.38522            2.82
    6   27        0.208419        -2.43578         2.43062
    6   28        -1.31778        -3.09542         1.12269
    6   29        -3.14165       -0.629325         -1.8042
    6   30        -3.74261         1.05218       -0.374408
    6   31        -1.38878        -2.83074         2.58851
    6   32        -3.20441        0.131164      -0.0154523
    6   33         2.30936        -2.06004         1.29416
    6   34         3.75359       -0.276562         1.73558
    6   35       -0.842795         -3.1397        -2.05116
    6   36       0.0902225          3.8852        -1.39027
    6   37        -3.07055         1.65814       0.0970602
    6   38         1.43248         2.99394         2.06838
    6   39        -3.10583        -2.03258          1.7518
    6   40        -1.67039         2.19772        -2.40071
    6   41         -1.7257        -2.57029        -1.99728
    6   42       -0.703225         3.30555        -2.31642
    6   43        -3.54602        -1.14525        -1.56733
    6   44        -1.15408        -3.31484       -0.242132
    6   45       -0.158868         3.51808       -0.988019
    6   46          3.2282       -0.921054        -1.91336
    6   47        -1.77188        -1.30755         -2.7474
    6   48         2.61555         2.82888        -1.09413
    6   49         3.66004       -0.224931         1.58485
    6   50        -3.78895       -0.337129        0.416234
    6   51       -0.669437         3.27643         1.53641
    6   52          1.8468        0.877907        -3.47089
    6   53        -2.12939       -0.665657        -2.50846
    6   54        0.547552         1.14898         3.35668
    6   55        -1.19182        -2.11083        -3.03231
    6   56        -3.02426       -0.521456        -0.94275
    6   57        0.262578        -3.02553         2.31231
    6   58        -1.99783       -0.687057        -3.08491
    6   59         3.16166        -1.98256         1.43298
    6   60         1.55678          2.7133        -2.45926
    6   61        0.940138        -2.96209        -1.43064
    6   62        -2.83369       -0.236799        -1.92978
    6   63         1.11447        -2.21847        -3.27611
    6   64         2.79099       -0.893527        -1.82408
    6   65        -2.00483        -3.19979       -0.911081
    6   66        -3.42787         0.18399       -0.980083
    6   67        -1.30264        -2.32966        -2.69284
    6   68        0.380536         2.89961        -2.70938
    6   69        -2.05487        -1.07718        -3.25622
    6   70        0.516465        -2.57856         3.10014
    6   71        -2.69543         1.62309         2.26617
    6   72        -1.65627        -1.70129        -2.74568
    6   73        -3.80454        -0.79997         2.16969
    6   74        0.264542        -3.26248        -1.94106
    6   75        -0.89728        -2.04297         2.83098
    6   76         2.12058        -2.76954        -1.28217
    6   77           2.984         2.57059       -0.944845
    6   78         2.13979        0.215435         2.86437
    6   79        -2.40121        -1.14969         3.11234
    6   80         1.67832        -2.78154         2.06027
    6   81        0.800511        -2.65211        -3.06466
    6   82         -1.8036        -2.51019        -1.63078
    6   83        -2.01006        -1.96692         2.80858
    6   84        -3.67766        0.612457        0.651961
    6   85         1.91551        0.783623         2.92159
    6   86        -3.98849         1.19511       0.0493105
    6   87        -2.00024        -2.17095          2.0035
    6   88       -0.395888         1.31102        -3.49857
    6   89         3.37002       -0.536647       -0.974182
    6   90        -1.39551        0.709296         3.73977
    6   91         3.70301       -0.223668        -1.82948
    6   92        -2.22179         1.88233         1.40217
    6   93        -2.55007        -1.91925         2.06904
    6   94       -0.673882         3.29397        -1.95966
    6   95       -0.512854        -2.14335        -3.02904
    6   96         2.21983           2.855       -0.205358
    6   97       -0.285817        -3.36517        -1.14981
    6   98        -1.45222         2.37432        -2.35857
    6   99        -3.40405        -1.41481        0.159768
    6  100         2.46418        -2.81963        -1.60081
    6  101        -2.82304        -2.11972       -0.219273
    6  102         2.60907         2.43015         1.56731
    6  103        -1.16167       -0.664787         3.40393
    6  104      -0.0673474         1.38365        -3.61748
    6  105        -3.08367        -1.73085        -1.53344
    6  106         1.96988         2.31278        -1.66169
    6  107         1.06389         2.18485         2.92741
    6  108        -3.53876      -0.0441421        -1.32943
    6  109        -0.37386         -3.0514         2.17614
    6  110         1.06963        -3.18066        -2.20524
    6  111         -3.8243        -1.34567        0.717248
    6  112          2.0458         1.76078        -2.30569
    6  113        -2.38844        -1.83878         2.57231
    6  114        -2.29629         1.83292         1.56145
    6  115        0.364142        -1.81968        -3.20654
    6  116         1.28118        -3.13958        -1.22877
    6  117         2.69784       -0.134127         3.07742
    6  118         1.45159        -2.69045        -2.72237
    6  119        -0.40074         1.40322         -3.5827
    6  120        -2.25427         2.85718        -1.30734
    6  121        0.731586         3.39506         1.58852
    6  122      -0.0506692         2.79592        -2.31374
    6  123         2.06758        -3.39475       -0.106946
    6  124        0.958609        -3.26924         1.78422
    6  125       -0.683294        -2.28662        -2.61227
    6  126         1.42245         3.18699         1.42481
    6  127         3.59801         1.04013       0.0905645
    7    0         2.56487        -1.32608        -2.49914
    7    1         3.17583        0.119711         2.63476
    7    2        -2.21928        -2.83181         1.39472
    7    3        -1.62263        0.233381          3.0247
    7    4        -3.01694        0.957592         -2.1846
    7    5        -1.51057        0.268846        -3.46046
    7    6         3.48278       -0.703129       0.0593369
    7    7         2.50395        -0.23317        -2.45761
    7    8         2.14829         2.12372         1.78905
    7    9         3.02066        -2.33968        -2.02211
    7   10         2.31702        -2.82729        -1.52189
    7   11       -0.874508         2.05232        -3.63537
    7   12       -0.417729        -3.32251         1.97845
    7   13         3.27203        0.133718         1.16278
    7   14        -1.12584         1.80726         3.26969
    7   15        -2.45803         1.92967        -1.47867
    7   16        0.283939         1.35684        -3.23226
    7   17         1.40979        -3.23863        0.344424
    7   18         -3.3459       -0.277316         1.65301
    7   19         2.19466         2.41921         2.04946
    7   20          2.1662         2.94855        0.854426
    7   21        0.993508      0.00790538        -4.02295
    7   22         2.50737          2.4532         1.53587
    7   23         1.16082         2.70749         1.75556
    7   24       -0.653293           3.163         2.33742
    7   25         1.97569        -3.64322         0.56562
    7   26       -0.755929         1.50742         2.81178
    7   27        0.218807        -2.40308         2.31397
    7   28        -1.36559        -3.05511         1.10824
    7   29        -3.04554       -0.584868        -1.81425
    7   30        -3.69382        0.990977       -0.352904
    7   31        -1.33533         -2.8231         2.64897
    7   32        -3.18595        0.117206       0.0810147
    7   33          2.2894        -2.23984         1.29805
    7   34         3.85488       -0.338416         1.90081
    7   35       -0.708544        -3.15283        -2.08426
    7   36       0.0347147         3.78571        -1.42582
    7   37        -3.05494         1.60956        0.140432
    7   38         1.39289         2.94513         2.13184
    7   39        -3.08825        -2.00684          1.6391
    7   40        -1.67906         2.32099          -2.227
    7   41        -1.80906         -2.5857        -2.02685
    7   42       -0.865036         3.24993        -2.31098
    7   43        -3.65566        -1.22381        -1.54954
    7   44        -1.26774        -3.40137       -0.270924
    7   45      -0.0710844         3.48982       -0.910787
    7   46         3.24436       -0.862976        -1.88416
    7   47        -1.74539        -1.39378        -2.69138
    7   48         2.55026          2.8139         -1.0327
    7   49         3.65401       -0.265674         1.52303
    7   50        -3.81061       -0.381248        0.488373
    7   51        -0.67965          3.3869          1.5892
    7   52         1.90605        0.844568        -3.48707
    7   53        -2.11738       -0.664679        -2.53133
    7   54        0.604281         1.12937         3.29814
    7   55        -1.30002        -2.13232        -2.97152
    7   56        -3.12971       -0.695324         -0.9351
    7   57        0.269524        -3.00663         2.22599
    7   58        -1.95317        -0.78714        -3.06982
    7   59         3.09055        -2.00591         1.39748
    7   60         1.53949         2.81419        -2.43865
    7   61        0.955241        -2.99719        -1.37369
    7   62        -2.81518       -0.317725        -1.90249
    7   63         1.06922        -2.17956        -3.24023
    7   64         2.77262       -0.967654        -1.82706
    7   65        -1.95459        -3.19671        -1.01021
    7   66        -3.38344        0.286593        -1.00113
    7   67        -1.30431        -2.27302        -2.72921
    7   68        0.365561         2.89716        -2.67169
    7   69        -2.15619        -1.15156        -3.28552
    7   70        0.434572        -2.63879         3.04322
    7   71        -2.61707         1.61714         2.24005
    7   72        -1.51954        -1.72147        -2.82867
    7   73        -3.58216       -0.995176         2.15927
    7   74        0.152626        -3.32158        -1.93016
    7   75       -0.819795        -2.10535          2.7375
    7   76         2.29741        -2.73945        -1.26995
    7   77         2.97458         2.54528       -0.860653
    7   78         2.09966       0.0955885          2.8699
    7   79        -2.53101        -1.00792         3.01913
    7   80         1.72814        -2.66053         2.05695
    7   81        0.840848        -2.57411        -3.01059
    7   82        -1.72851        -2.56818        -1.55943
    7   83        -2.08382        -1.96245         2.80847
    7   84        -3.64141        0.707385        0.589815
    7   85         1.97642        0.844264         2.87771
    7   86        -4.02695         1.10838       0.0793599
    7   87        -1.90921        -2.15106         1.97962
    7   88       -0.335352         1.34407        -3.46275
    7   89         3.33677       -0.419998       -0.944047
    7   90        -1.38259        0.755077         3.59603
    7   91         3.64687        -0.34179        -1.82466
    7   92        -2.30435         1.86911         1.25961
    7   93        -2.54299        -1.81847         1.99685
    7   94       -0.689871         3.34477        -1.88878
    7   95       -0.449926        -2.15612        -3.02913
    7   96         2.08841         2.78008       -0.228518
    7   97       -0.394817         -3.3473        -1.15084
    7   98        -1.50331         2.39342        -2.36784
    7   99        -3.45108        -1.41572        0.169533
    7  100         2.46413        -2.72502        -1.50582
    7  101         -2.8485        -2.11646         -0.1062
    7  102         2.68836         2.37416         1.64218
    7  103        -1.16229       -0.599426         3.40589
    7  104      -0.0811469         1.43096        -3.61749
    7  105        -3.13037        -1.79534        -1.55213
    7  106          1.9018         2.43645         -1.5471
    7  107         1.11719          2.1522         2.87734
    7  108        -3.60438      -0.0826043        -1.28002
    7  109       -0.460468        -3.04101         2.11486
    7  110        0.956841        -3.35479        -2.37985
    7  111        -3.76234        -1.22566        0.735499
    7  112         2.16072          1.7142        -2.20727
    7  113        -2.30804        -1.81402         2.54717
    7  114        -2.45485         1.77382         1.55726
    7  115        0.336595        -1.77135        -3.25405
    7  116         1.29312        -3.08056        -1.26053
    7  117         2.70622       -0.212802          2.9818
    7  118         1.48238        -2.67289        -2.60015
    7  119       -0.287923         1.47639        -3.63725
    7  120         -2.1235         2.85944        -1.38413
    7  121        0.866331         3.43437          1.6852
    7  122        -0.22386         2.71778        -2.34281
    7  123         2.11039        -3.34445      -0.0442051
    7  124        0.936001        -3.19716         1.87666
    7  125       -0.658414        -2.23164        -2.53677
    7  126          1.4757         3.03728         1.43048
    7  127         3.62466        0.946771        0.125119
    8    0         2.57984        -1.28458        -2.45131
    8    1          3.1284        0.217303         2.61548
    8    2        -2.18701        -2.85657         1.61143
    8    3        -1.58652        0.217058         3.14121
    8    4        -2.86068        0.954388        -2.24334
    8    5          -1.511        0.329887        -3.54843
    8    6          3.3653       -0.786448        0.137991
    8    7         2.55889       -0.221521        -2.42754
    8    8         2.13945         2.19194         1.82939
    8    9         2.93116        -2.35873        -2.08732
    8   10          2.2349        -2.83291        -1.51447
    8   11       -0.843495           2.139        -3.57549
    8   12       -0.407514        -3.34698         1.92369
    8   13         3.25779       0.0986073         1.14643
    8   14        -1.15756         1.81825         3.14602
    8   15        -2.41573         1.94101        -1.55377
    8   16        0.245417         1.32908        -3.21041
    8   17          1.3613        -3.25185        0.302162
    8   18        -3.36647       -0.328022         1.61544
    8   19         2.16738         2.58725         2.19563
    8   20         2.10894          2.8852        0.832409
    8   21        0.901205         0.07831        -3.98886
    8   22         2.45441         2.49405         1.48075
    8   23          1.2449         2.68848         1.64374
    8   24       -0.660587         3.10855         2.25647
    8   25          1.8815        -3.63105        0.622052
    8   26        -0.75358         1.58595          2.8039
    8   27        0.208589        -2.32171         2.26617
    8   28        -1.37786        -3.01452         1.07911
    8   29         -2.9227       -0.578623        -1.83778
    8   30        -3.64226         0.98896       -0.400871
    8   31        -1.35233        -2.82468         2.55056
    8   32        -3.28301        0.165175        0.199557
    8   33         2.26865        -2.42101         1.34292
    8   34         3.93093       -0.454766         2.05188
    8   35       -0.601068        -3.11889         -2.1067
    8   36      -0.0841965         3.58854        -1.44082
    8   37        -3.07757         1.53548        0.164037
    8   38         1.40864         2.89653         2.16102
    8   39        -3.11698        -1.97163         1.55167
    8   40        -1.67972         2.38287        -2.07345
    8   41        -1.87613        -2.59632        -2.18133
    8   42       -0.754196         3.19311        -2.32184
    8   43        -3.70918        -1.30746        -1.52606
    8   44         -1.3486        -3.42493       -0.294174
    8   45      -0.0823399         3.45314       -0.868681
    8   46         3.19404       -0.781632        -1.89501
    8   47        -1.73768        -1.45392        -2.68408
    8   48         2.52589         2.78279        -1.09337
    8   49          3.5976       -0.307395         1.46769
    8   50        -3.81354       -0.455121        0.495929
    8   51       -0.692578         3.46396         1.69209
    8   52         2.00946        0.823771         -3.4719
    8   53        -2.08291       -0.637872        -2.56855
    8   54        0.645497         1.20241         3.25212
    8   55        -1.34643        -2.15037        -2.95059
    8   56        -3.25287       -0.863797       -0.911849
    8   57         0.24855        -3.00722         2.24227
    8   58        -1.95601       -0.886131        -3.05406
    8   59         2.99637        -2.05979         1.38989
    8   60         1.44374         2.98207        -2.42965
    8   61        0.905921        -2.95747        -1.37938
    8   62        -2.72824       -0.390232        -1.96227
    8   63        0.957508        -2.11097        -3.13984
    8   64         2.69132        -1.02567        -1.83012
    8   65        -1.93305        -3.22204        -1.13136
    8   66        -3.38403        0.346049       -0.913738
    8   67        -1.29257        -2.28394        -2.69488
    8   68        0.387664         2.87853        -2.61733
    8   69          -2.238        -1.14224        -3.40191
    8   70        0.630105        -2.66114         2.97742
    8   71        -2.59844         1.63351         2.23882
    8   72        -1.36705        -1.78697        -2.86473
    8   73        -3.43327       -0.984934         2.17912
    8   74         0.14026        -3.31799        -1.93125
    8   75       -0.781568         -2.2417         2.58394
    8   76         2.59282        -2.63499        -1.27878
    8   77         2.91866         2.50263       -0.771181
    8   78         2.05304      -0.0287093         2.77826
    8   79         -2.6554       -0.901699         2.96243
    8   80         1.67319        -2.68667         1.99972
    8   81         0.87685        -2.50933        -2.97155
    8   82        -1.71543        -2.53117        -1.56591
    8   83        -2.08487        -2.00171         2.78017
    8   84        -3.60266        0.852245        0.532869
    8   85         1.94771        0.939484         2.76247
    8   86        -4.03922          1.1366        0.163589
    8   87        -1.94045        -2.09979         1.91337
    8   88       -0.227527         1.39251        -3.42418
    8   89         3.37095       -0.366914       -0.939055
    8   90        -1.34433        0.902941         3.47708
    8   91         3.65906       -0.384126        -1.76406
    8   92          -2.375         1.87343         1.14816
    8   93        -2.54174        -1.71245         2.02416
    8   94       -0.615183         3.38709        -1.88326
    8   95       -0.390469        -2.16604         -3.0393
    8   96         2.00152         2.76627        -0.19141
    8   97       -0.569774        -3.30527        -1.19119
    8   98        -1.54714         2.43476        -2.45269
    8   99        -3.52781        -1.38173        0.274053
    8  100         2.58679        -2.65242        -1.34072
    8  101        -2.83072        -2.09737      0.00245557
    8  102         2.68298         2.35794         1.64321
    8  103          -1.153       -0.439692         3.48317
    8  104       -0.121305         1.48486        -3.59581
    8  105        -3.20119        -1.82766        -1.53685
    8  106         1.84196          2.5802        -1.45972
    8  107         1.14376         2.13467         2.83329
    8  108        -3.58411        -0.10727         -1.3065
    8  109       -0.439937        -3.05774         2.02507
    8  110         1.04671        -3.56527        -2.50988
    8  111        -3.74728        -1.18538         0.76634
    8  112         2.28093         1.68074        -2.12991
    8  113        -2.26387        -1.80915         2.47939
    8  114        -2.61857         1.70356         1.63358
    8  115        0.299949        -1.76983        -3.25785
    8  116         1.31843        -2.97975        -1.24626
    8  117         2.74917       -0.345559         2.90388
    8  118         1.52112        -2.67809        -2.55313
    8  119       -0.240593         1.48344        -3.65276
    8  120        -1.99483         2.86892        -1.43409
    8  121         0.97561         3.47691         1.81911
    8  122       -0.420069         2.77907        -2.35779
    8  123          2.1936        -3.28034       0.0451063
    8  124         1.00661        -3.08677         1.88352
    8  125       -0.673659        -2.19375        -2.55374
    8  126         1.43117         2.90491         1.47549
    8  127         3.63942        0.892883         0.21071
    9    0         2.63827        -1.26276        -2.34966
    9    1         3.09728        0.309085         2.55688
    9    2        -2.28048          -2.817           1.613
    9    3         -1.7216           0.222         3.34314
    9    4         -2.8332        0.978108        -2.22928
    9    5         -1.5387        0.353278        -3.56795
    9    6         3.33287       -0.922278        0.329299
    9    7         2.68535       -0.237379        -2.43119
    9    8         2.13277          2.2772          1.8782
    9    9         2.77041        -2.34098        -2.09474
    9   10         2.14833        -2.85488        -1.47442
    9   11       -0.827133         2.22012        -3.46723
    9   12       -0.382561         -3.3589         1.88307
    9   13         3.30911       0.0475301         1.14654
    9   14        -1.11803          1.8762         3.09108
    9   15        -2.35965         2.03379        -1.54355
    9   16        0.255178          1.2541        -3.25479
    9   17         1.32997        -3.28003        0.299783
    9   18        -3.40673       -0.434506         1.61556
    9   19         2.16244         2.74673         2.24997
    9   20         2.07026         2.85083        0.781891
    9   21        0.823586         0.14807        -3.94624
    9   22         2.27301         2.54129         1.56512
    9   23         1.27605         2.64998         1.57837
    9   24       -0.683394         3.07519         2.14444
    9   25         1.78643        -3.56562        0.724758
    9   26       -0.907371         1.63188         2.80185
    9   27        0.193729        -2.28104           2.258
    9   28        -1.32438        -2.99434         1.11611
    9   29        -2.76779       -0.591399        -1.84085
    9   30        -3.63789         1.02545       -0.530686
    9   31        -1.37982        -2.86894         2.37228
    9   32        -3.46028        0.174617        0.294015
    9   33         2.29851        -2.56041         1.36636
    9   34           3.956       -0.636917         2.18171
    9   35       -0.490397        -3.06042        -2.09232
    9   36       -0.180376         3.66972        -1.37783
    9   37        -3.08084         1.50125        0.220464
    9   38         1.39628         2.89205         2.15904
    9   39        -3.16371        -1.90764         1.59061
    9   40        -1.71105         2.37984        -1.95988
    9   41        -1.91883        -2.55769         -2.4062
    9   42       -0.696687         3.19896        -2.31544
    9   43        -3.67922        -1.34565        -1.54229
    9   44        -1.36758        -3.42204       -0.284394
    9   45        -0.19287         3.47514       -0.919078
    9   46         3.11808       -0.704452        -1.93504
    9   47        -1.70418        -1.38684        -2.73966
    9   48         2.54274         2.76553        -1.11599
    9   49           3.533       -0.285616         1.42418
    9   50        -3.84717       -0.482029        0.429306
    9   51       -0.711012         3.44646         1.75081
    9   52         2.09403        0.811905        -3.44064
    9   53        -2.11678        -0.63217        -2.65944
    9   54        0.655982         1.25948         3.23711
    9   55        -1.33948        -2.16881        -2.93393
    9   56        -3.35016         -1.0226       -0.878475
    9   57        0.273946        -2.93463         2.32665
    9   58        -1.99868       -0.975455        -3.04572
    9   59         2.95977        -2.06669         1.35157
    9   60         1.35397         3.08035        -2.38986
    9   61        0.850594         -2.8928        -1.41794
    9   62        -2.68671       -0.452865        -2.10592
    9   63        0.847655        -2.08932        -3.03449
    9   64         2.62455        -1.10524        -1.85485
    9   65         -1.8875        -3.29413        -1.12155
    9   66        -3.42131         0.40413        -0.82418
    9   67        -1.21779        -2.39755         -2.6609
    9   68        0.430524         2.85065        -2.56324
    9   69        -2.31294        -1.11774        -3.47752
    9   70        0.822029        -2.65262         2.93934
    9   71         -2.6517         1.60961         2.22809
    9   72        -1.18428        -1.85375        -2.91587
    9   73        -3.29048         -0.9901         2.24022
    9   74        0.272975        -3.29396        -1.96349
    9   75       -0.842048        -2.22017         2.56403
    9   76         2.81463        -2.64186        -1.27938
    9   77         2.90628         2.38448       -0.711364
    9   78         2.01315       -0.101291         2.67123
    9   79        -2.75744       -0.842757         2.79749
    9   80         1.58169        -2.83909          1.9813
    9   81        0.865797         -2.4394        -2.94554
    9   82        -1.81283        -2.36613        -1.67739
    9   83        -2.02998        -2.00464         2.76325
    9   84        -3.53889        0.849132        0.471014
    9   85         2.01262        0.973538         2.72144
    9   86        -4.00463         1.25576        0.264931
    9   87        -1.95975        -2.08537         1.83834
    9   88       -0.151444         1.43972        -3.38906
    9   89         3.40639       -0.385574        -0.98134
    9   90        -1.39976        0.977968         3.40315
    9   91         3.66411       -0.498601        -1.61462
    9   92         -2.4302         1.91049         1.08207
    9   93         -2.4681        -1.64718         1.98528
    9   94       -0.519203         3.41978        -1.86957
    9   95       -0.452205        -2.20234        -3.06808
    9   96         1.97581         2.80284       -0.131103
    9   97         -0.7385        -3.27789        -1.15416
    9   98        -1.52961         2.48265        -2.47941
    9   99        -3.57156        -1.35049        0.353297
    9  100         2.70284        -2.59427        -1.27734
    9  101        -2.77438        -2.08084         0.15678
    9  102         2.61173          2.3958         1.60068
    9  103         -1.1261       -0.416629         3.54595
    9  104       -0.206439         1.51501        -3.55851
    9  105        -3.32244        -1.79424        -1.49901
    9  106         1.74285         2.69661        -1.44826
    9  107         1.21741         2.11737         2.79602
    9  108        -3.52401       -0.186501        -1.37823
    9  109       -0.467103        -3.10928          1.9539
    9  110         1.15272        -3.63349        -2.68627
    9  111        -3.69894        -1.18297        0.832406
    9  112         2.37492         1.57479        -2.05385
    9  113        -2.24127        -1.92132         2.33836
    9  114        -2.73431         1.62338         1.67595
    9  115        0.331114        -1.86566        -3.15608
    9  116         1.31846        -3.00148        -1.19182
    9  117         2.91546       -0.411535         2.78096
    9  118         1.59677        -2.55093        -2.49093
    9  119        -0.13466         1.41426        -3.66448
    9  120         -1.9252         2.88906        -1.51957
    9  121         1.06834          3.5018         1.94776
    9  122       -0.619208         2.93447        -2.33035
    9  123         2.28202        -3.22659       0.0496165
    9  124         1.08342        -3.00057         1.87112
    9  125       -0.687047        -2.26928        -2.62211
    9  126         1.44864         2.90009         1.42275
    9  127         3.64235        0.840086        0.293755
