# molecular dipole 
# frame_index bond_index dipole_x dipole_y dipole_z 
#UNITCELL[Ang] 19.7484 0 0 0 19.7484 0 0 0 19.7484
#TEMPERATURE[K] 298
#TIMESTEP[fs] 2.5
    0    0         3.45713        -1.92429         1.90579
    0    1        -1.75114       -0.949592         2.39993
    0    2        -3.30992         1.53416        -4.00629
    0    3         4.61594       -0.311487       -0.224238
    0    4         2.73699        0.836269       -0.909474
    0    5       -0.484652       -0.767019        -3.20686
    0    6         2.27523        -1.23895        0.460321
    0    7        -3.41384         1.66439       -0.123117
    0    8         2.24481         -1.2285        -3.00572
    0    9        0.563164        0.177468         2.60398
    0   10        0.530812         3.15001        -2.67997
    0   11          1.4047         3.32765          2.3043
    0   12      -0.0391241        -1.27402        0.511816
    0   13       -0.539171        -1.60583         2.14983
    0   14        -3.38843        -1.25106        -0.37437
    0   15        -3.93139          -1.201        -0.01582
    0   16       -0.163334      -0.0409033        0.513153
    0   17         1.20487       -0.303045       -0.487582
    0   18        -2.42358         2.45989        -1.26322
    0   19        0.246579       -0.652526         2.89171
    0   20        -3.03162        -2.45795        -3.17142
    0   21         -1.1701         2.00033        -3.67218
    0   22      -0.0104362        0.331883        0.272472
    0   23        0.100045        0.296766        -4.14179
    0   24         3.64448         1.45657       0.0196425
    0   25        -2.01168         2.04528         1.30185
    0   26       -0.749798         1.55591        -3.46231
    0   27        0.665885        0.497494       -0.248814
    0   28        -1.65099        -1.97035       -0.852008
    0   29       -0.581595        -1.23073       0.0548715
    0   30         2.88197        -0.84271       -0.907342
    0   31        -2.16084        -1.23538        -2.48038
    0   32        0.122386        -1.37925        -3.21488
    0   33        -3.04573       -0.945064        -3.40892
    0   34        0.217097         1.71367        -4.31743
    0   35       -0.247374       -0.399185         4.17864
    0   36        -3.28413        -1.46515        0.941749
    0   37        -1.98654        -2.57932        0.851193
    0   38         2.39958        -1.57763        -2.63957
    0   39       -0.372246        -2.72964         3.56849
    0   40         0.31625        -4.20149       -0.668659
    0   41        -2.23972        -2.05474        0.909958
    0   42       -0.733407       -0.999144         2.26182
    0   43         -3.0835         -1.9994         1.10403
    0   44         1.32586       -0.576217        -3.99308
    0   45        0.949598       -0.403137        0.617614
    0   46        -2.52699         1.46453         3.13799
    0   47         0.99372       -0.423436         -3.1077
    0   48         2.08624       -0.502328          0.6833
    0   49        -2.40726       -0.137703        -2.95067
    0   50       -0.622412        -1.89493        -2.58299
    0   51         1.75148       -0.493601         2.97729
    0   52         -2.2138       0.0296266        -2.96406
    0   53        0.808541         2.32077       -0.402941
    0   54        -2.58211        -1.04638         1.73967
    0   55        -1.27818        -2.04615       -0.456736
    0   56       -0.302176       -0.558767        0.685412
    0   57        0.251376        -1.08376        0.249575
    0   58         1.11545        -3.03288         1.67846
    0   59      -0.0342833        -3.06611        -3.34125
    0   60        0.223449         4.87258        -1.13768
    0   61         1.61884       -0.290236       -0.178669
    0   62         -1.0767        -3.33692        0.837262
    0   63         3.47212         3.31657        -1.05769
    1    0         3.64405          -1.928          1.9848
    1    1        -1.68416        -1.04808         2.11244
    1    2        -3.22955          1.5701        -4.07444
    1    3         4.59465       -0.175618       -0.401729
    1    4         2.85252         0.92349        -1.02336
    1    5       -0.519231       -0.694553        -3.36683
    1    6         2.34993        -1.35147        0.474448
    1    7        -3.58167         1.66296      -0.0713559
    1    8         2.25777        -1.22211        -3.09512
    1    9        0.427324       0.0587389         2.45423
    1   10        0.644249          2.9756        -2.62207
    1   11         1.58002            3.28         2.38148
    1   12        0.171051        -1.22963        0.472547
    1   13         -0.4474        -1.66636         2.10388
    1   14        -3.54494        -1.23284       -0.414487
    1   15        -3.84148        -1.33896          0.3176
    1   16       -0.144088        0.102119        0.355514
    1   17         1.32297       -0.150393       -0.651828
    1   18        -2.38484         2.61857        -1.39142
    1   19        0.161588       -0.792614         2.86397
    1   20         -3.0052        -2.40787        -2.88935
    1   21        -1.30631         1.91182        -3.72092
    1   22      -0.0164266        0.501563        0.388067
    1   23        0.178123        0.217863        -4.05264
    1   24         3.52419         1.46075        0.141906
    1   25        -1.81981         1.91162         1.41691
    1   26       -0.494343         1.53035        -3.53713
    1   27        0.672273        0.553102       -0.254119
    1   28        -1.62365        -2.10148       -0.963007
    1   29       -0.504465        -1.45474      0.00995137
    1   30         2.84507       -0.977716       -0.715457
    1   31         -2.1057        -1.02353        -2.37819
    1   32      -0.0201115        -1.16186        -3.33296
    1   33        -3.02628       -0.952736        -3.52961
    1   34        0.299569         1.67341        -4.20124
    1   35       -0.419666       -0.428876         4.18566
    1   36        -3.27205        -1.43149        0.858236
    1   37        -2.00921         -2.8917        0.926645
    1   38         2.36771        -1.52857        -2.61104
    1   39       -0.362729        -2.66815         3.72245
    1   40        0.374007        -3.98313       -0.576662
    1   41        -2.31031         -1.9465        0.957344
    1   42        -0.80122       -0.954381          2.2508
    1   43        -3.03574          -2.116         1.29081
    1   44          1.2267        -0.63352        -3.89661
    1   45         1.09651       -0.463511        0.405692
    1   46        -2.65308         1.47416         2.96506
    1   47        0.997887       -0.353575        -3.02654
    1   48         1.98076         -0.4728         0.53752
    1   49        -2.25199        -0.37394        -2.84084
    1   50        -0.71423        -1.80444        -2.56759
    1   51         1.82479       -0.641587         2.87721
    1   52        -1.94015       0.0141588        -3.12056
    1   53         1.00704         2.48777       -0.331684
    1   54        -2.56568       -0.878083         1.99273
    1   55        -1.24497        -1.95717       -0.453434
    1   56       -0.314078       -0.575849        0.524975
    1   57        0.185711       -0.939699        0.086275
    1   58          1.1716        -2.99452         1.58211
    1   59       0.0771024        -3.27443        -3.49722
    1   60        0.266628         4.84891        -1.15209
    1   61         1.59542       -0.504108       -0.298238
    1   62       -0.925912        -3.40677        0.729391
    1   63         3.54461         3.30636         -0.6584
    2    0          3.7843        -1.98398         1.87339
    2    1        -1.37636        -1.05365         1.98425
    2    2        -2.98021          1.6778        -4.12583
    2    3         4.58273      -0.0574836       -0.476603
    2    4         2.95084        0.958907        -1.21219
    2    5       -0.630259        -0.57236        -3.47887
    2    6         2.31926        -1.55508        0.554197
    2    7        -3.59737         1.58902        0.127097
    2    8         2.12641        -1.32539        -3.15015
    2    9         0.38371      -0.0539892         2.38924
    2   10        0.595419         2.88646         -2.7037
    2   11         1.85147         3.41489         2.44434
    2   12        0.319118         -1.2096        0.418622
    2   13       -0.406813        -1.63918         2.20322
    2   14        -3.75223        -1.28923       -0.425066
    2   15        -3.78918        -1.30858        0.322388
    2   16       -0.176421        0.220756        0.104223
    2   17         1.50954       -0.132948        -0.79929
    2   18        -2.35033         2.67857        -1.64135
    2   19        0.168668       -0.877528           2.927
    2   20        -3.05097        -2.29508        -2.52487
    2   21        -1.39484         1.86334        -3.67242
    2   22        0.122745        0.521681        0.415335
    2   23        0.287406        0.186254        -4.08881
    2   24         3.34268         1.37754        0.212351
    2   25        -1.65626         1.91286         1.54963
    2   26       -0.232272         1.39261        -3.74804
    2   27        0.617538        0.781666       -0.212626
    2   28        -1.56251        -2.22147        -1.01138
    2   29       -0.440484        -1.50686      -0.0888091
    2   30         2.78445       -0.994307       -0.686779
    2   31        -2.33029        -0.89202        -2.40947
    2   32        -0.27755        -1.05532        -3.50213
    2   33        -3.08516       -0.930101        -3.59601
    2   34        0.432472         1.71049        -4.22957
    2   35       -0.305366       -0.551388         4.10011
    2   36         -3.2679        -1.40371         0.73678
    2   37        -1.77628         -3.1185        0.952276
    2   38         2.58158        -1.17253        -2.37798
    2   39       -0.294476        -2.46335          3.8147
    2   40        0.378408        -3.85231       -0.611681
    2   41        -2.22694        -1.84896          1.0135
    2   42       -0.918765       -0.902195         2.06654
    2   43        -3.04651        -2.20847         1.43606
    2   44         1.08163       -0.593194        -3.73627
    2   45          1.2412       -0.349893        0.338097
    2   46        -2.58131          1.3146         2.88138
    2   47        0.964895       -0.125299        -3.09586
    2   48         1.94425        -0.51327        0.543208
    2   49         -2.0985        -0.55764        -2.84701
    2   50       -0.616919         -1.9007        -2.47304
    2   51         1.80955       -0.740888         2.84362
    2   52        -1.57236      -0.0233201        -3.26195
    2   53         1.12137         2.51117       -0.354581
    2   54        -2.43667       -0.822502         1.96902
    2   55        -1.20151        -1.93868       -0.385043
    2   56       -0.278046       -0.417816        0.548368
    2   57       0.0456213        -0.89908       0.0867263
    2   58         1.33009        -2.97638          1.5999
    2   59       0.0431467        -3.23276        -3.64928
    2   60       0.0587806         4.70019        -1.05498
    2   61         1.47693       -0.477883       -0.178859
    2   62       -0.950169        -3.64935        0.799566
    2   63         3.54058         3.12421       -0.441968
    3    0         3.81376        -1.84965         1.68789
    3    1        -1.06532         -1.2923         2.32742
    3    2        -2.83413         1.82844        -4.10116
    3    3         4.54249       -0.127917       -0.255518
    3    4         3.03955        0.920546        -1.42351
    3    5       -0.520338       -0.627778        -3.52987
    3    6          2.3457        -1.81883        0.532628
    3    7        -3.54586         1.39105        0.282691
    3    8         2.02715        -1.37849        -3.23258
    3    9        0.276698       -0.185431         2.44386
    3   10        0.388808         2.93649        -2.93841
    3   11         2.04202         3.52236         2.35005
    3   12        0.363389       -0.977445        0.419842
    3   13       -0.530792        -1.69408         2.33227
    3   14        -3.80519        -1.28217       -0.340006
    3   15        -3.82515        -1.33416        0.168656
    3   16       -0.197721        0.272846      -0.0876834
    3   17         1.75482       -0.243698       -0.870551
    3   18        -2.35197         2.67097        -1.75625
    3   19        0.285173       -0.844384         3.01321
    3   20        -2.93412        -2.03606        -2.24458
    3   21         -1.4361          1.8466        -3.66503
    3   22        0.196112        0.627933        0.386916
    3   23        0.369807        0.143223        -4.12651
    3   24         3.34386         1.28831        0.267241
    3   25        -1.54013         1.89686         1.61617
    3   26      -0.0176344         1.38639        -3.93019
    3   27        0.677122        0.921777       -0.241142
    3   28        -1.34704        -2.25944       -0.903447
    3   29          -0.478        -1.49013       -0.102159
    3   30         2.53257       -0.875294        -0.87942
    3   31        -2.48465        -1.00317        -2.50114
    3   32       -0.221811        -1.19125        -3.59772
    3   33        -3.01465       -0.935148        -3.47575
    3   34        0.643269         1.81409        -4.27586
    3   35       0.0224331       -0.519594         4.08552
    3   36        -3.34275        -1.43145         0.73013
    3   37         -1.5759        -3.15225        0.861332
    3   38         2.80675       -0.938834        -2.01246
    3   39       -0.247064        -2.24657         3.79662
    3   40        0.353457        -3.85045       -0.817762
    3   41        -2.28962        -1.74495         1.10118
    3   42       -0.973604       -0.699514         1.98044
    3   43        -3.14565        -2.19952          1.4608
    3   44        0.928618       -0.717477         -3.4256
    3   45         1.33092       -0.253474        0.393468
    3   46        -2.41159         1.11674         2.88514
    3   47        0.972247        0.121247        -3.03711
    3   48         1.93447       -0.526157        0.642101
    3   49        -1.93228        -0.53443        -2.77063
    3   50       -0.572968         -2.0893        -2.35781
    3   51         1.74929       -0.548894         2.80137
    3   52        -1.33604       0.0797316        -3.33479
    3   53         1.09822         2.49324       -0.334864
    3   54        -2.34746       -0.991333         1.90186
    3   55        -1.19262        -1.89098       -0.283373
    3   56        -0.24866       -0.278671         0.59673
    3   57       0.0279353       -0.930284        0.309079
    3   58         1.33023        -3.00186         1.64849
    3   59       0.0214544        -3.03432        -3.71305
    3   60       -0.122524         4.51364        -1.08759
    3   61          1.3931       -0.356583       -0.140626
    3   62       -0.837109        -3.76244        0.836599
    3   63         3.53071         2.90279       -0.501279
    4    0         3.80339        -1.87618         1.36568
    4    1        -1.09291        -1.41484         2.39081
    4    2        -2.68719         1.83223        -4.00786
    4    3          4.3633       -0.251772      0.00499329
    4    4         3.12674        0.684506        -1.53152
    4    5       -0.425051        -0.79978        -3.56871
    4    6         2.38005        -1.99502        0.549187
    4    7        -3.38846         1.30108        0.202291
    4    8         1.95574        -1.51348        -3.26483
    4    9        0.290371       -0.336298         2.61806
    4   10         0.29451         3.08218        -2.96203
    4   11         2.13892         3.64951         2.29654
    4   12        0.222114       -0.758641        0.439353
    4   13       -0.600805        -1.66796         2.36915
    4   14        -3.75996        -1.22102       -0.247424
    4   15        -3.81358        -1.37909        0.147706
    4   16       -0.192176         0.35401       -0.288603
    4   17          2.0117        -0.51949       -0.848637
    4   18        -2.52833         2.76656        -1.71945
    4   19        0.130772       -0.738919         2.90407
    4   20        -2.89494        -1.75783        -2.09894
    4   21        -1.28587         1.92674        -3.61029
    4   22        0.292369        0.562847        0.354934
    4   23        0.500076          0.1746        -4.16517
    4   24         3.56052         1.30864        0.339016
    4   25        -1.59923         1.98324         1.50093
    4   26       0.0719513         1.65974        -3.98324
    4   27        0.641483         1.00889       -0.369405
    4   28        -1.04698        -2.17079       -0.972962
    4   29       -0.471355        -1.48648       -0.129251
    4   30         2.55415       -0.705467        -1.14355
    4   31        -2.49612        -1.28468        -2.67494
    4   32      -0.0207345        -1.27331        -3.45406
    4   33         -3.0252       -0.967499        -3.35998
    4   34        0.834989         1.86298        -4.28674
    4   35        0.360196       -0.531702         4.04888
    4   36        -3.54813        -1.51782        0.852342
    4   37        -1.61056        -2.99705        0.859075
    4   38         2.96487        -1.06171        -1.71513
    4   39        -0.29477        -2.26829         3.93465
    4   40        0.200232        -3.94895        -1.09769
    4   41        -2.35978        -1.63893        0.993182
    4   42       -0.882282       -0.669545         1.76325
    4   43        -3.35726        -1.95823         1.44356
    4   44        0.781754       -0.778382        -3.27765
    4   45          1.1177       -0.453343        0.539837
    4   46        -2.37006         1.06345          2.7745
    4   47        0.857642        0.241119        -2.96136
    4   48         1.95625       -0.534991        0.831905
    4   49        -1.78712       -0.519123         -2.7352
    4   50       -0.486604        -2.20566        -2.36691
    4   51         1.64483       -0.410971         2.69009
    4   52        -1.43093        0.162187        -3.34541
    4   53         1.09986         2.63372       -0.332613
    4   54        -2.31164          -1.176         1.87416
    4   55        -1.07238        -1.89757       -0.214213
    4   56       -0.306046       -0.233056        0.590179
    4   57        0.101212        -1.12402        0.441855
    4   58         1.43828         -2.9663         1.52324
    4   59       0.0630771        -2.69804        -3.95088
    4   60       -0.277982         4.45903        -1.07591
    4   61         1.40298       -0.195986      -0.0632678
    4   62       -0.747996        -3.81507        0.923481
    4   63         3.57318         2.73968        -0.55973
    5    0         3.79712        -1.95539         1.30023
    5    1         -1.4688        -1.54167         2.28781
    5    2        -2.49879         1.66853        -4.00257
    5    3         4.07943       -0.275481        0.114528
    5    4         3.14893        0.510448        -1.48935
    5    5       -0.259425       -0.933675        -3.59161
    5    6         2.26665        -2.12548         0.53632
    5    7          -3.268         1.32332        0.132236
    5    8         1.79563        -1.76754        -3.10868
    5    9        0.123042       -0.447109         2.74789
    5   10        0.412097         2.99766        -2.97072
    5   11         2.15214         3.72401         2.22173
    5   12        0.140531        -0.61623        0.476338
    5   13       -0.604648        -1.67727         2.34177
    5   14        -3.74329        -1.11923       -0.120031
    5   15        -3.64094        -1.33244       0.0866697
    5   16      -0.0632053        0.224202       -0.497085
    5   17         2.24287       -0.653793       -0.717151
    5   18         -2.5886         2.95811        -1.50906
    5   19       -0.102828       -0.718025         2.74958
    5   20        -2.91282        -1.60491        -1.89293
    5   21        -1.33644         1.97832        -3.69288
    5   22        0.405463        0.395414        0.377313
    5   23        0.605221        0.430686         -4.1393
    5   24         3.75414         1.39659        0.498101
    5   25        -1.74806         2.09114         1.36088
    5   26        0.168281         1.93334        -3.99838
    5   27        0.501054        0.871947       -0.648298
    5   28       -0.916861        -2.22919        -1.08363
    5   29       -0.444033        -1.34447       -0.200805
    5   30         2.73553       -0.557318        -1.20274
    5   31        -2.27962        -1.53576          -2.749
    5   32        0.253928        -1.34073        -3.28351
    5   33        -2.96459       -0.803245        -3.24294
    5   34        0.762366          1.7016        -4.21886
    5   35        0.474916       -0.341962         3.90457
    5   36        -3.59327        -1.54867        0.849246
    5   37          -1.971        -2.92574        0.774124
    5   38         3.12416        -1.43314        -1.60226
    5   39       -0.291042         -2.4608         3.85382
    5   40         0.22768        -3.97633         -1.3225
    5   41        -2.46105        -1.88778         1.09595
    5   42        -0.85611       -0.702216         1.49472
    5   43        -3.52345        -1.68467         1.51385
    5   44        0.743392       -0.921291        -3.18916
    5   45        0.759143       -0.615293        0.644431
    5   46        -2.43543         1.13389         2.45499
    5   47        0.692495        0.272776        -2.92257
    5   48         1.82535       -0.569671        0.908274
    5   49        -1.84519       -0.481719        -2.75489
    5   50       -0.745354        -2.13214         -2.4603
    5   51          1.6092       -0.492704         2.75391
    5   52        -1.62351        0.269594        -3.27764
    5   53         1.14708         2.88839       -0.460361
    5   54        -2.36729        -1.24814         1.92034
    5   55        -1.13121        -1.82365       -0.368485
    5   56         -0.2143       -0.330098        0.507563
    5   57        0.169485        -1.33267        0.362063
    5   58         1.26301        -2.81029         1.43342
    5   59       0.0145497        -2.29226        -4.08003
    5   60      -0.0889757         4.62304         -1.0507
    5   61         1.47747     -0.00263375        0.013518
    5   62       -0.621619        -3.76765        0.938684
    5   63         3.70584         2.59814        -0.71547
    6    0         3.82449        -1.94468          1.4513
    6    1        -1.94842        -1.75715         2.21962
    6    2         -2.3847         1.48392        -4.15757
    6    3         3.92609       -0.304755        0.176362
    6    4         3.18529         0.43926        -1.50142
    6    5       -0.318727         -1.0378        -3.53597
    6    6         2.09542        -2.09139        0.457732
    6    7        -3.29717          1.2723      -0.0712952
    6    8         1.76753        -1.80312        -2.93133
    6    9       0.0217153       -0.433903         2.87036
    6   10        0.551306         2.96589        -2.68275
    6   11         2.17809         3.75783         2.05959
    6   12        0.145455       -0.591605        0.528921
    6   13       -0.482463        -1.60692         2.14742
    6   14        -3.74051        -1.01894       -0.056427
    6   15        -3.50542        -1.32715      -0.0105443
    6   16       0.0324649        0.136712       -0.508368
    6   17         2.43738       -0.704528       -0.682048
    6   18        -2.66307         2.97749        -1.33848
    6   19       -0.385745       -0.615424         2.59665
    6   20        -2.98444        -1.48296        -1.75256
    6   21        -1.62334         1.94893        -3.58496
    6   22        0.542192        0.228665        0.543099
    6   23        0.675646         0.47973        -4.05876
    6   24         3.83756         1.49261         0.75287
    6   25        -2.01979         2.14833         1.43972
    6   26        0.189051         1.98636        -3.93313
    6   27        0.572652        0.748258       -0.723836
    6   28       -0.927568        -2.39782        -1.24253
    6   29        -0.40305        -1.47941       -0.105397
    6   30         2.82728       -0.556786        -1.21306
    6   31        -2.22884        -1.63228         -2.6632
    6   32        0.506746        -1.38619        -3.24145
    6   33        -3.04296       -0.579894        -3.38097
    6   34        0.518779         1.64278         -4.1161
    6   35        0.395962       -0.282334          3.8984
    6   36        -3.36949        -1.55227        0.585072
    6   37        -2.18155        -2.80709        0.690484
    6   38         3.26641        -1.73978        -1.64397
    6   39       -0.459067        -2.50856         3.78087
    6   40        0.283868        -4.02205        -1.52068
    6   41        -2.48993        -2.03782          1.0852
    6   42       -0.847572       -0.695185          1.3879
    6   43        -3.55324        -1.52018         1.61414
    6   44        0.673682       -0.924496        -3.23648
    6   45        0.512622       -0.847371        0.437632
    6   46        -2.61981         1.43047         1.97233
    6   47        0.599958        0.219807        -2.92704
    6   48         1.69086       -0.664252        0.845667
    6   49        -2.00457       -0.377592        -2.74787
    6   50       -0.899078        -1.99854        -2.38177
    6   51         1.66906       -0.491445         2.91365
    6   52        -1.69755        0.344268        -3.24481
    6   53         1.06078         2.99339       -0.492844
    6   54         -2.4937        -1.27216         2.03244
    6   55        -1.22261        -1.95508       -0.876846
    6   56       -0.221739       -0.399115        0.424539
    6   57       0.0245332        -1.31265        0.249797
    6   58         1.08665         -2.7471          1.2012
    6   59       0.0646665        -2.09481         -4.0511
    6   60       0.0796749         4.75283        -1.06099
    6   61         1.48205       0.0808549       0.0140249
    6   62       -0.514072        -3.63547          1.1872
    6   63         3.92675         2.34495       -0.822515
    7    0         3.82724        -1.75259         1.56971
    7    1        -1.85563        -1.81686         2.49826
    7    2        -2.21034          1.5477        -4.26035
    7    3         3.77587       -0.327503        0.276648
    7    4         3.13937        0.546591         -1.5813
    7    5       -0.499227       -0.975705        -3.53247
    7    6         2.00893        -2.11162        0.299646
    7    7        -3.50292          1.2339       -0.204465
    7    8         1.69488        -1.72554        -2.95767
    7    9      -0.0153828       -0.130113          2.9379
    7   10        0.504923         2.94854        -2.53486
    7   11          2.1828         3.70068         1.85905
    7   12        0.149764       -0.687678        0.482636
    7   13       -0.366054        -1.50292         1.99465
    7   14        -3.74255       -0.858799        -0.20476
    7   15        -3.44286        -1.22192      0.00988216
    7   16       0.0697718      -0.0911114       -0.292274
    7   17         2.56804       -0.919822       -0.611109
    7   18        -2.73906         2.82321        -1.30058
    7   19       -0.521844        -0.58389          2.5162
    7   20        -3.23148        -1.43453         -1.6301
    7   21        -1.94754         1.88305        -3.67982
    7   22        0.547586        0.013121        0.714593
    7   23          0.6785        0.501996        -3.85758
    7   24         3.84421         1.43578        0.738408
    7   25         -2.1292         2.23108          1.5777
    7   26        0.309754         1.90212        -3.85965
    7   27        0.639807        0.700771       -0.754011
    7   28        -1.12097        -2.60114        -1.15151
    7   29       -0.450956        -1.57851       0.0207926
    7   30          2.8558       -0.479022        -1.18412
    7   31        -2.30239        -1.57465         -2.6349
    7   32        0.592628        -1.50946        -3.36531
    7   33        -2.95313       -0.470897        -3.46001
    7   34        0.348093         1.53022        -4.02702
    7   35        0.407534       -0.360271         3.80326
    7   36        -3.01068        -1.75824        0.291564
    7   37         -2.2588        -2.83212        0.555153
    7   38          3.5135        -1.77687        -1.62566
    7   39        -0.60362        -2.44993         3.64866
    7   40        0.408572        -3.76541        -1.52346
    7   41        -2.44025        -2.08373         1.15605
    7   42       -0.832839       -0.650005         1.18097
    7   43        -3.38664        -1.46249         1.70581
    7   44        0.582916       -0.856609        -3.29707
    7   45        0.522608       -0.929629        0.220155
    7   46        -2.63376         1.51981         1.70778
    7   47        0.739183        0.185766        -2.79862
    7   48         1.49359       -0.793815        0.816439
    7   49        -2.17581       -0.336566        -2.66864
    7   50        -0.92717        -1.83559        -2.13503
    7   51         1.67004        -0.42267         2.98159
    7   52        -1.68553        0.356949        -3.29096
    7   53         1.06839         3.11866        -0.46422
    7   54        -2.64517        -1.25363         2.07898
    7   55        -1.23874         -2.1188        -1.10603
    7   56       -0.047671       -0.519903        0.508458
    7   57       -0.222782         -1.3585        0.194942
    7   58         1.18336         -2.7234         1.09098
    7   59       0.0908656        -2.01256        -3.99934
    7   60        0.295185         4.78761        -1.01785
    7   61         1.38784       0.0172511     0.000593886
    7   62        -0.68086        -3.48117         1.39224
    7   63         4.01619          1.9998       -0.730039
    8    0         3.77232         -1.6504         1.71214
    8    1        -1.87082        -1.87866         2.93808
    8    2        -2.11126         1.72499         -4.4682
    8    3          3.7269       -0.346774         0.44113
    8    4         3.10713        0.645822        -1.69995
    8    5       -0.525376       -0.870177        -3.37212
    8    6         2.09159        -2.13762        0.298585
    8    7        -3.50017         1.25805       -0.417957
    8    8         1.68737        -1.79936        -3.00668
    8    9       0.0137462      -0.0121194         3.04212
    8   10        0.279866         2.95944        -2.55721
    8   11         2.11017         3.68694         1.73593
    8   12       0.0626512       -0.667379        0.460756
    8   13       -0.430398        -1.39413         1.91108
    8   14        -3.66603       -0.673035       -0.361472
    8   15        -3.52094         -1.2351       -0.304334
    8   16       -0.142786        -0.36992       -0.099858
    8   17         2.75352        -1.08869        -0.51009
    8   18         -2.8485         2.51387        -1.29995
    8   19       -0.477106       -0.465268         2.53942
    8   20        -3.41344        -1.41239        -1.77114
    8   21         -1.9035         1.74991         -3.6894
    8   22        0.385629       -0.195857        0.780161
    8   23        0.698346         0.55428        -3.83069
    8   24         3.81419          1.3187        0.655206
    8   25        -2.20106         2.21033         1.64751
    8   26        0.605733         1.91613        -3.78474
    8   27        0.690557         0.78283       -0.773577
    8   28        -1.39405        -2.85434       -0.863415
    8   29        -0.60197        -1.72367       0.0899154
    8   30         2.75753       -0.336668         -1.2173
    8   31        -2.43293        -1.46345        -2.66106
    8   32        0.421524        -1.57655        -3.52355
    8   33        -2.93334       -0.500691        -3.37007
    8   34        0.201088         1.54925        -4.07236
    8   35        0.621989       -0.482037         3.68398
    8   36        -2.70599        -1.84067        0.244809
    8   37        -2.26232        -2.99625        0.394439
    8   38         3.70831        -1.62993        -1.52089
    8   39       -0.815105        -2.46502         3.46306
    8   40        0.273433        -3.69548        -1.60116
    8   41        -2.29911        -2.07579         1.17253
    8   42        -1.05953       -0.498978          1.1022
    8   43        -3.44105        -1.47289         1.79863
    8   44        0.695146       -0.788346        -3.36609
    8   45        0.594016       -0.844956        0.156544
    8   46        -2.67499         1.64953         1.71241
    8   47        0.944189        0.193332        -2.91255
    8   48         1.24786       -0.668119        0.899716
    8   49        -2.32383       -0.189962        -2.77953
    8   50       -0.800365        -1.65204        -1.89678
    8   51         1.72302       -0.393196         3.09428
    8   52        -1.70611         0.31316        -3.18568
    8   53         1.06886          3.2526       -0.452205
    8   54        -2.65392        -1.21912         1.96925
    8   55         -1.1104        -2.50863        -1.16659
    8   56        0.114316        -0.60724        0.570477
    8   57       -0.570766        -1.38757        0.349458
    8   58         1.26981        -2.84076         1.01225
    8   59        0.228257        -2.13585        -3.84763
    8   60        0.454553         4.77336       -0.791007
    8   61         1.24471        0.222312        0.101957
    8   62       -0.761023          -3.312         1.42166
    8   63         4.03801         1.64891        -0.52931
    9    0         3.66936        -1.61837         1.71217
    9    1        -2.08104        -1.85148         3.19294
    9    2        -2.15827         1.83768        -4.55626
    9    3         3.81824       -0.487432         0.64209
    9    4         2.95496        0.896912        -1.68143
    9    5       -0.708073       -0.838983        -3.16819
    9    6         2.18602         -2.1915        0.223655
    9    7        -3.39253         1.53749       -0.380011
    9    8         1.64915        -1.82781        -3.11067
    9    9       0.0405056       0.0934908         3.08678
    9   10        0.119834         2.95872        -2.74756
    9   11         2.02726         3.63931         1.81234
    9   12      -0.0822437        -0.67865        0.422228
    9   13       -0.635978        -1.33866         1.90593
    9   14        -3.41491       -0.593489       -0.462574
    9   15        -3.60437        -1.21249       -0.641707
    9   16       -0.335642       -0.524424        0.108227
    9   17         2.92472        -1.26011       -0.420159
    9   18        -2.89533         2.55324        -1.38909
    9   19       -0.463401       -0.434276         2.64224
    9   20        -3.53715        -1.44022         -1.9373
    9   21        -1.72926         1.68412        -3.61776
    9   22        0.309835       -0.232153        0.542255
    9   23        0.704423        0.788686        -3.91244
    9   24         3.74632         1.30513        0.599888
    9   25        -2.25166          2.1098         1.64158
    9   26        0.712522         1.89752        -3.82083
    9   27        0.672069        0.798994       -0.745782
    9   28        -1.59502        -2.87507       -0.703381
    9   29       -0.691587        -1.75293       0.0547646
    9   30         2.62219       -0.196817        -1.28184
    9   31        -2.64922         -1.4579        -2.71541
    9   32        0.260378        -1.71205        -3.52208
    9   33        -2.95643       -0.642507        -3.23366
    9   34        0.101826         1.58268        -4.11263
    9   35        0.666527       -0.563575         3.65028
    9   36        -2.58764        -1.89683        0.255157
    9   37        -2.13745        -2.85696        0.365457
    9   38         3.76605        -1.61395         -1.3468
    9   39       -0.991638        -2.43517         3.09051
    9   40       0.0758245        -3.68473        -1.62336
    9   41        -2.30397        -1.95828         1.03096
    9   42        -1.00935        -0.45153        0.993784
    9   43        -3.42237        -1.39521         1.77229
    9   44        0.850375       -0.541424        -3.49537
    9   45        0.529624       -0.847463        0.342955
    9   46        -2.61325         1.70969         1.82811
    9   47         1.09751        0.218705        -2.85168
    9   48         1.09583       -0.528632         1.05827
    9   49        -2.37908       -0.047898        -2.75201
    9   50       -0.603794        -1.61942        -1.69384
    9   51          1.7237        -0.45144         3.23045
    9   52        -1.88634        0.375452        -3.09326
    9   53         1.12514         3.42125       -0.510683
    9   54         -2.6021        -1.35851          1.8451
    9   55        -1.12243         -2.6005         -1.1728
    9   56       0.0749024       -0.787883        0.675533
    9   57       -0.711434         -1.4826        0.567454
    9   58         1.51558        -3.08266        0.891518
    9   59        0.389858        -2.06989        -3.76454
    9   60         0.50341         4.76463       -0.754409
    9   61         1.11582        0.536462        0.133629
    9   62       -0.735709        -3.27714         1.44683
    9   63         4.02229         1.58055       -0.403379
