# obond dipole 
# frame_index bond_index dipole_x dipole_y dipole_z 
#UNITCELL[Ang] 19.7484 0 0 0 19.7484 0 0 0 19.7484
#TEMPERATURE[K] 298
#TIMESTEP[fs] 2.5
    0    0          2.5236        -1.65884       -0.803427
    0    1         1.69007       -0.315584         2.53967
    0    2         -2.1601        -2.14601       -0.154061
    0    3       -0.146648         0.61492          2.6752
    0    4        -1.80192        0.147198        -2.40129
    0    5        -1.54145          1.7746        -2.26566
    0    6         2.54582        -0.77786         1.14947
    0    7         2.45862        0.650298        -1.51271
    0    8         1.38292          2.6619        0.767686
    0    9         1.39898        -1.62264        -2.22741
    0   10        0.866954        -2.28493         -1.8525
    0   11        -1.78697         1.44801        -2.25658
    0   12        0.540174        -2.62287        0.765525
    0   13         2.47158         1.30114        0.284722
    0   14        -1.85274        0.856931         2.29547
    0   15        -2.02842         1.05905        -1.95161
    0   16         1.08348        0.313447        -2.66207
    0   17         1.53904        -2.12644        -0.72492
    0   18        -2.09591         -1.1544         1.92307
    0   19         2.77636         1.23359         1.06261
    0   20         1.03422          2.9396       -0.232706
    0   21       -0.446652        0.493628        -3.07738
    0   22        0.806931         1.54396         2.29405
    0   23         1.25346         2.58488        0.609946
    0   24        -1.74245         2.26085         1.34347
    0   25         1.44813        -3.11172       -0.722121
    0   26        -1.68763        0.384471         2.19862
    0   27         0.77393        -2.49098        0.974248
    0   28        -2.04891        -1.93677        0.960758
    0   29        -2.59769        0.464729       -0.879153
    0   30        -2.56699         1.21093         -1.3417
    0   31        -1.87594         -2.1838         1.13959
    0   32         -2.8218        0.207475       -0.536616
    0   33         2.44901       -0.762816         1.11648
    0   34         2.84442         1.20186         1.25506
    0   35        -1.65024        -1.25021        -2.24472
    0   36        -0.79488         2.64556        -1.25432
    0   37        -2.67462        0.273067       -0.514369
    0   38         2.23448         1.49233         1.57112
    0   39         -1.4077        -2.46081         1.46718
    0   40        -1.90997        0.406988        -2.08614
    0   41        -1.30626        -2.62489        -1.18606
    0   42        0.629199         2.60729        -1.77048
    0   43        -2.21945       -0.495985        -2.08576
    0   44       -0.111144        -3.01806        0.593626
    0   45        0.492662         2.95394      0.00171107
    0   46         1.88399       -0.364879         -2.4148
    0   47        -1.66891        0.105968        -2.34662
    0   48         1.66604         2.67982       -0.232713
    0   49         2.81251        -1.22478        0.370093
    0   50        -2.62521       -0.164678         1.51455
    0   51        0.412027         2.84278        0.117524
    0   52          1.4855         1.75548        -1.94331
    0   53        -1.86493        0.332246        -1.90014
    0   54        0.759597         1.63944         2.08541
    0   55         0.01038        -1.22884        -2.72264
    0   56        -2.32087         0.48836        -1.52073
    0   57        0.324316        -2.94688        0.929734
    0   58        -2.49743        0.132337        -1.94875
    0   59         1.55989        -1.46358         2.15592
    0   60         2.27342         1.71793        -1.44021
    0   61        0.978189        -2.59738       -0.237145
    0   62         -2.9137        0.397508       -0.324536
    0   63       -0.154447        -1.58576        -2.50226
    0   64           1.881        0.664378        -2.15684
    0   65        -1.37055        -2.03845         -1.8359
    0   66        -2.05886       -0.639733        -1.67532
    0   67        -1.26605       -0.628986        -2.62302
    0   68         1.48928          2.0159        -1.84654
    0   69       -0.837601       -0.137379        -3.11023
    0   70         1.46453        -1.47838         2.26794
    0   71          -1.259         1.38245          2.3881
    0   72          -1.788        -2.09183        -1.17798
    0   73        -2.22906        0.441402         2.31408
    0   74       -0.878903        -2.40935        -1.46044
    0   75        -0.98119       -0.448134          2.7541
    0   76        0.873554        -2.55761        -1.10653
    0   77         2.16893         1.20431        -1.91514
    0   78         1.07175       -0.782029         2.56313
    0   79        -1.60653        -2.19391          1.7854
    0   80        0.645169        -2.59371         1.03907
    0   81       -0.668963        -1.52296        -2.63623
    0   82        -1.82023        -1.21561        -1.78296
    0   83       -0.406787        -1.04894         2.86973
    0   84        -2.52952         -1.0086         0.52411
    0   85         1.96843       -0.249211          1.8925
    0   86        -2.86968       -0.503938      -0.0382201
    0   87       -0.367423        -2.24113         1.60198
    0   88        -1.30131        0.264534        -2.64806
    0   89         2.18429        -1.02724        -1.43535
    0   90        -1.07089       -0.453776         2.89613
    0   91         2.14783       -0.208538        -2.48848
    0   92       -0.731676         1.94188         1.78218
    0   93        -2.04319       -0.290344         2.04406
    0   94         1.12517         2.19925        -1.99483
    0   95        0.406477        -2.36507        -2.04364
    0   96         1.83114         1.87216        0.851223
    0   97        0.313407        -2.77901       0.0651603
    0   98       -0.181457         1.64944        -2.35862
    0   99        -2.41681        -1.41462        -1.10436
    0  100         1.36668        -1.81486        -2.14955
    0  101        -2.66008       -0.695876       -0.889381
    0  102         2.61681         1.01189          1.3554
    0  103       -0.422118        -1.49932         2.55525
    0  104       -0.322189         2.17003        -2.28877
    0  105        -1.58571        -2.43964       -0.885577
    0  106         1.48486          0.6864        -2.20718
    0  107       -0.462741         2.23217         1.73958
    0  108        -2.99514        0.191639       0.0853811
    0  109        0.195461        -1.43523         2.42104
    0  110         1.38149        -2.64183       -0.831933
    0  111        -3.11936        0.276175        0.442133
    0  112         1.81963         1.98108       -0.631292
    0  113        -1.99901        -1.90536        0.960431
    0  114       -0.973714         1.19195         2.33819
    0  115        0.947401        -2.16805        -1.75179
    0  116      -0.0504313        -2.73373       -0.823103
    0  117          1.2646        -1.06772          2.7348
    0  118        0.458674        -2.75653        -1.05907
    0  119       -0.805647       -0.289324        -2.71108
    0  120       -0.694616         2.83096       -0.977144
    0  121        0.536458          3.0398        0.337449
    0  122        0.247121         2.60525        -1.25811
    0  123         1.17187        -2.70377         1.08701
    0  124        -0.07233        -1.85549         2.18462
    0  125        -1.19235        -2.27126        -1.55859
    0  126         1.03708         2.90816       -0.192345
    0  127         2.86267        0.221171        -1.06908
    1    0         2.43422         -1.7468       -0.829819
    1    1          1.7423       -0.377814         2.54996
    1    2        -2.17637        -2.15983       -0.191596
    1    3      0.00163924        0.551033         2.77816
    1    4        -1.77426        0.247865        -2.41015
    1    5        -1.36466         1.79292        -2.38527
    1    6         2.58337       -0.798559          1.1692
    1    7         2.45101        0.738569        -1.48766
    1    8          1.5335         2.57559        0.707177
    1    9         1.45303        -1.59788        -2.25449
    1   10        0.852144        -2.32453        -1.80088
    1   11        -1.77115         1.41652        -2.27586
    1   12        0.503211        -2.62398        0.747076
    1   13         2.51415         1.18139        0.229563
    1   14        -1.76314        0.874497         2.32788
    1   15        -2.07474          1.0064        -1.95208
    1   16        0.990241        0.284888        -2.69638
    1   17         1.59579        -2.10664       -0.781589
    1   18        -2.21096        -1.24083         1.89984
    1   19         2.83124         1.15227         1.12677
    1   20        0.986442         2.95747       -0.128453
    1   21       -0.443466        0.386659        -3.10364
    1   22        0.818915         1.54499         2.28231
    1   23          1.2301         2.52777        0.667229
    1   24        -1.68233         2.31882         1.27779
    1   25         1.50241        -3.07932       -0.752439
    1   26        -1.69925        0.377206         2.21682
    1   27        0.827586        -2.42093         1.02554
    1   28        -2.03331        -1.90389         1.01512
    1   29        -2.56155          0.4709       -0.887692
    1   30        -2.51111         1.20776        -1.29108
    1   31        -1.87113        -2.28527         1.10589
    1   32        -2.82225        0.174328         -0.5936
    1   33         2.50839        -0.73441         1.14001
    1   34         2.77465           1.208         1.23591
    1   35         -1.3884        -1.37059        -2.38213
    1   36       -0.770462          2.6916        -1.26674
    1   37        -2.64397        0.287001       -0.555395
    1   38         2.16379         1.46862         1.66856
    1   39        -1.46326        -2.43105         1.39419
    1   40        -1.90635        0.499274        -2.03051
    1   41        -1.21355        -2.66948         -1.1907
    1   42         0.70429         2.62423        -1.80257
    1   43        -2.17963        -0.49588        -2.15071
    1   44       -0.133032        -2.99794        0.596538
    1   45        0.474613         2.89465      -0.0320035
    1   46         1.93923       -0.268945        -2.32738
    1   47        -1.65762        0.129876        -2.33636
    1   48         1.66204         2.69359       -0.214081
    1   49         2.81103        -1.21118        0.426829
    1   50        -2.58046       -0.144532         1.56401
    1   51        0.489085         2.87739        0.104647
    1   52         1.46329         1.75674         -1.9443
    1   53        -1.80778          0.4182        -1.97266
    1   54          0.7377         1.62516         2.07257
    1   55     -0.00114374        -1.10393        -2.78479
    1   56        -2.32792         0.46162        -1.67786
    1   57        0.329399        -2.92045        0.923627
    1   58        -2.48714        0.165359        -1.97569
    1   59         1.57741        -1.56613         2.09542
    1   60         2.30813         1.66844        -1.47975
    1   61         1.01168        -2.59684       -0.181749
    1   62         -2.8626        0.365064       -0.339902
    1   63       -0.181358        -1.55782        -2.50386
    1   64         1.91666        0.681749        -2.09574
    1   65        -1.49426        -1.95344        -1.78451
    1   66        -2.05862       -0.580442        -1.63396
    1   67        -1.32986       -0.691062        -2.58421
    1   68         1.41148         1.98782        -1.77969
    1   69       -0.764372       -0.147763        -3.17645
    1   70         1.46757        -1.50541         2.26826
    1   71        -1.24845         1.39045         2.42391
    1   72        -1.71319        -2.16269        -1.18495
    1   73        -2.33854        0.515879         2.19337
    1   74        -0.81964        -2.42589        -1.47937
    1   75        -1.01956       -0.506898         2.72232
    1   76        0.831073        -2.58691        -1.10628
    1   77         2.25162         1.18092        -1.83856
    1   78         1.02617        -0.73429         2.54059
    1   79        -1.51088        -2.14851         1.86235
    1   80        0.609467        -2.62377         1.05101
    1   81       -0.671031        -1.50741        -2.61135
    1   82        -1.85266        -1.22405        -1.77869
    1   83       -0.501116        -1.01617          2.9026
    1   84        -2.59465       -0.939843        0.494332
    1   85         1.98201       -0.207168         1.84767
    1   86        -2.87616       -0.516993       0.0545879
    1   87       -0.377944        -2.20696         1.57195
    1   88        -1.26534        0.333347         -2.5998
    1   89         2.22107        -1.11855        -1.42545
    1   90        -1.07015       -0.411659         2.85774
    1   91         2.12667       -0.204893        -2.44819
    1   92       -0.746933         2.01757         1.70993
    1   93        -2.04742       -0.372884         1.99086
    1   94         1.12523         2.16548        -2.01546
    1   95        0.471978        -2.30199          -2.067
    1   96         1.87408           1.859        0.814678
    1   97        0.265497        -2.72448          0.1036
    1   98      -0.0896983         1.60406        -2.33909
    1   99         -2.3974         -1.4459         -1.0717
    1  100         1.31934        -1.88136        -2.14389
    1  101        -2.66496       -0.647842       -0.797777
    1  102         2.60991        0.997161         1.38208
    1  103       -0.503991        -1.52326         2.53904
    1  104       -0.249703         2.20483        -2.25835
    1  105        -1.56152        -2.44542        -1.03688
    1  106          1.4421        0.758089        -2.20321
    1  107       -0.352832          2.2796         1.69607
    1  108        -2.97593        0.202687        0.126087
    1  109        0.218612        -1.46414           2.393
    1  110         1.41322        -2.69513       -0.666812
    1  111         -3.1212        0.222753        0.349004
    1  112         1.87398         1.98211       -0.616809
    1  113        -1.98485        -1.87285          1.0444
    1  114        -1.03512         1.16801         2.34516
    1  115         1.01984        -2.11865        -1.78452
    1  116       -0.049495        -2.80706       -0.941222
    1  117         1.27769        -1.02086         2.62209
    1  118        0.516936         -2.7373        -1.14473
    1  119       -0.834576       -0.286388        -2.71478
    1  120       -0.798078          2.8373        -0.83294
    1  121        0.560039         3.06949        0.239517
    1  122         0.34615         2.62748        -1.23503
    1  123         1.19499        -2.74635         1.12034
    1  124       0.0685746        -1.84156         2.14655
    1  125        -1.16601         -2.2314        -1.56317
    1  126         1.17754         2.84216      -0.0941903
    1  127         2.85862        0.250186        -1.08017
    2    0         2.38777        -1.78833       -0.888258
    2    1         1.76594       -0.400841         2.59188
    2    2        -2.24204        -2.16793       -0.226213
    2    3          0.1538        0.445342          2.8763
    2    4        -1.74993        0.356205        -2.40204
    2    5        -1.18449         1.77206        -2.45432
    2    6         2.60023       -0.838107         1.20632
    2    7         2.44966        0.823671        -1.48531
    2    8         1.67012         2.50522        0.637595
    2    9         1.49593        -1.55705        -2.27299
    2   10        0.800081        -2.33948        -1.74547
    2   11        -1.74446         1.40147        -2.28589
    2   12        0.380162        -2.71166        0.729637
    2   13         2.55423         1.09201        0.174346
    2   14        -1.66438         0.87406         2.37906
    2   15        -2.12143        0.950822        -1.97122
    2   16        0.916304         0.20466        -2.73283
    2   17         1.62655        -2.10093       -0.821807
    2   18        -2.24784        -1.29105          1.8331
    2   19         2.89104         1.07894         1.21381
    2   20        0.915559         2.91425        -0.10456
    2   21       -0.434003        0.304165          -3.117
    2   22        0.902725         1.57346         2.28579
    2   23         1.19904         2.47649        0.714112
    2   24        -1.59748         2.34322         1.17759
    2   25         1.50309        -3.09427       -0.792389
    2   26        -1.70022        0.375683          2.2424
    2   27        0.838921        -2.39367         1.05199
    2   28        -2.02147         -1.8714         1.03014
    2   29        -2.56413        0.475157       -0.889285
    2   30        -2.50032         1.24399         -1.2184
    2   31        -1.82791        -2.33457         1.05447
    2   32        -2.84594        0.156461       -0.704783
    2   33         2.58542       -0.733386         1.13774
    2   34         2.74644         1.17378         1.21179
    2   35        -1.08582         -1.4512         -2.4599
    2   36       -0.776409         2.67905        -1.29954
    2   37        -2.62149        0.277096       -0.590117
    2   38         2.09218         1.42422         1.76982
    2   39        -1.48526        -2.42331         1.31235
    2   40        -1.90991        0.602077        -1.96687
    2   41        -1.23051        -2.66699        -1.06081
    2   42        0.690203         2.62171        -1.82977
    2   43        -2.18466        -0.45971        -2.22527
    2   44       -0.117031        -3.00989        0.620532
    2   45        0.505682           2.868      -0.0692175
    2   46         2.00268       -0.164703        -2.26075
    2   47        -1.64737        0.155291        -2.36279
    2   48         1.65112         2.71088       -0.189173
    2   49         2.76755        -1.18848         0.41775
    2   50        -2.56531       -0.131574         1.58322
    2   51        0.540612         2.88806        0.110739
    2   52         1.50016         1.73568        -1.94063
    2   53        -1.75172        0.503168        -2.11463
    2   54        0.723036         1.61637         2.04223
    2   55      -0.0321653       -0.951074         -2.8276
    2   56         -2.2992        0.446338        -1.80399
    2   57        0.319564        -2.91315        0.904219
    2   58        -2.46862         0.19396        -1.99663
    2   59         1.56173        -1.63776         2.02768
    2   60         2.31089         1.63793        -1.50862
    2   61         1.10335        -2.60042       -0.104199
    2   62        -2.84892        0.298436       -0.315118
    2   63       -0.234308        -1.52275         -2.5199
    2   64         1.89881        0.683954        -2.04728
    2   65        -1.60369        -1.91045         -1.7869
    2   66        -2.07466       -0.490603        -1.63168
    2   67        -1.42386       -0.730421        -2.50802
    2   68         1.37054         1.90415        -1.73459
    2   69       -0.725891       -0.159631        -3.20812
    2   70          1.4416         -1.5691          2.2307
    2   71        -1.22287         1.41221         2.46449
    2   72        -1.63502        -2.18933        -1.23516
    2   73        -2.38483        0.535752          2.0854
    2   74       -0.784163        -2.44316        -1.50883
    2   75        -1.04512       -0.599951         2.74076
    2   76        0.775782        -2.65499        -1.09192
    2   77         2.37706         1.16618        -1.71405
    2   78         1.00627       -0.667958         2.52944
    2   79        -1.47551        -2.08338         1.90307
    2   80        0.589134        -2.63572         1.05453
    2   81       -0.628025        -1.48701        -2.60988
    2   82        -1.88332        -1.20308         -1.7695
    2   83       -0.528612        -1.07401         2.92136
    2   84        -2.65795       -0.872539        0.442177
    2   85         2.00075       -0.183396         1.81847
    2   86        -2.86213       -0.492565        0.131293
    2   87       -0.379577        -2.20248         1.54905
    2   88        -1.24237        0.395261        -2.60934
    2   89         2.22648        -1.21807        -1.41308
    2   90        -1.11567       -0.378617         2.87409
    2   91         2.13677       -0.210569        -2.42533
    2   92       -0.770998         2.10676         1.60944
    2   93        -2.06605       -0.438776         1.96275
    2   94         1.04733         2.17162        -2.03772
    2   95        0.547652        -2.21851        -2.07093
    2   96         1.92569         1.87619        0.779239
    2   97        0.217019         -2.7571        0.139047
    2   98      -0.0555854         1.60703        -2.35373
    2   99        -2.38613        -1.47961        -1.04842
    2  100         1.29068        -1.92623        -2.16838
    2  101        -2.65631       -0.617364       -0.710756
    2  102         2.58026         0.95449         1.38782
    2  103       -0.571785        -1.58077         2.55562
    2  104      -0.0914239         2.17331        -2.32201
    2  105        -1.54519        -2.43433        -1.17438
    2  106         1.36375         0.85861        -2.24809
    2  107       -0.206152         2.33717         1.64011
    2  108        -2.99986        0.194727        0.152651
    2  109        0.250659        -1.49689         2.38876
    2  110         1.47833        -2.74385       -0.597368
    2  111        -3.11591        0.160897        0.264558
    2  112         1.95906         1.95886       -0.588216
    2  113        -2.00034        -1.85735         1.08479
    2  114        -1.10655         1.11471         2.34903
    2  115         1.06084        -2.11289        -1.80151
    2  116       -0.033606        -2.76862        -1.02658
    2  117         1.34307       -0.908571         2.51098
    2  118        0.547528        -2.73583        -1.14193
    2  119       -0.846833        -0.24858        -2.71931
    2  120       -0.878789         2.82316         -0.7442
    2  121        0.607052         3.04798        0.131587
    2  122        0.409342         2.68156        -1.18435
    2  123         1.13801        -2.78058          1.1825
    2  124        0.193572        -1.92838         2.15943
    2  125        -1.12182        -2.24963        -1.53592
    2  126         1.33298         2.77994      -0.0128599
    2  127         2.82459         0.26151        -1.06539
    3    0         2.36138         -1.7896       -0.931796
    3    1         1.74657       -0.443824         2.62332
    3    2        -2.28514        -2.13844       -0.214423
    3    3        0.237838        0.308305          2.9295
    3    4        -1.70988        0.450543        -2.43184
    3    5        -1.01918         1.71847        -2.55919
    3    6         2.63739       -0.907468         1.16843
    3    7          2.4116        0.875075         -1.4621
    3    8         1.78419         2.44289         0.57146
    3    9         1.47321        -1.49945        -2.26122
    3   10        0.817535        -2.41011        -1.68307
    3   11        -1.69545         1.31449        -2.32456
    3   12        0.329093        -2.76085        0.659159
    3   13         2.60449         1.02677        0.114567
    3   14        -1.65402        0.903539         2.37847
    3   15        -2.14568        0.783878        -1.96147
    3   16        0.851256        0.138852        -2.78621
    3   17         1.62589        -2.11376       -0.855969
    3   18        -2.28318        -1.34669         1.76139
    3   19         2.87691        0.985436         1.32748
    3   20        0.848001         2.88502       -0.105922
    3   21       -0.418771         0.25039        -3.11123
    3   22        0.967204         1.56764         2.19356
    3   23         1.18389         2.41662        0.695722
    3   24        -1.51893           2.405         1.13358
    3   25         1.44042        -3.10573       -0.828685
    3   26        -1.73673        0.357371         2.28448
    3   27        0.862814        -2.38453         1.07244
    3   28        -1.99565        -1.82106         1.02482
    3   29        -2.53678        0.536359       -0.899899
    3   30        -2.49516         1.31716        -1.21852
    3   31        -1.75586        -2.33431         1.01845
    3   32        -2.87791        0.135366       -0.827022
    3   33         2.62531       -0.727856         1.12317
    3   34         2.75362         1.12112         1.22439
    3   35       -0.825263        -1.52707        -2.48778
    3   36       -0.830613         2.63921         -1.3589
    3   37        -2.61232        0.265055       -0.616578
    3   38         2.03886         1.38734         1.86476
    3   39        -1.50268        -2.43566         1.25001
    3   40        -1.92666        0.716592         -1.8932
    3   41        -1.26657        -2.68405       -0.912369
    3   42        0.661927         2.61089         -1.8507
    3   43         -2.2331       -0.437528        -2.27873
    3   44       -0.117456          -3.012        0.656004
    3   45        0.587731         2.88636       -0.062916
    3   46         2.05292      -0.0943567        -2.20112
    3   47        -1.64479        0.180523        -2.38326
    3   48          1.6133         2.77502       -0.163294
    3   49         2.73283        -1.16051        0.465084
    3   50        -2.55647       -0.140117         1.62892
    3   51        0.560587         2.88438        0.141617
    3   52         1.52885         1.73456        -1.94469
    3   53         -1.7009        0.579408        -2.28792
    3   54        0.733012         1.65101         2.04402
    3   55      -0.0635903       -0.946814        -2.79482
    3   56        -2.23057        0.365739        -1.87808
    3   57        0.306402        -2.93517        0.903933
    3   58        -2.44258        0.216414        -2.02185
    3   59         1.52637        -1.70658          1.9585
    3   60         2.26061         1.61995        -1.54772
    3   61         1.13712        -2.58584      -0.0646038
    3   62        -2.83568        0.298497       -0.287724
    3   63       -0.268081        -1.49519        -2.54593
    3   64         1.89999        0.625124        -1.97399
    3   65        -1.62317        -1.89948        -1.80856
    3   66        -2.11376        -0.33132        -1.65363
    3   67        -1.47239       -0.772185        -2.47138
    3   68         1.29603         1.91814        -1.73148
    3   69       -0.691082       -0.118847        -3.13572
    3   70         1.42205        -1.63682         2.18871
    3   71        -1.20969         1.45414         2.49501
    3   72        -1.55075        -2.24821        -1.22516
    3   73        -2.41143        0.513324         1.98015
    3   74        -0.78493        -2.47207        -1.52018
    3   75        -1.12226       -0.642948         2.72901
    3   76        0.769313        -2.75972        -1.04323
    3   77         2.47526         1.11798        -1.56718
    3   78        0.994737       -0.616619         2.53144
    3   79        -1.48163        -1.99943         1.90104
    3   80        0.574144        -2.69748          1.0317
    3   81       -0.581385         -1.4989        -2.60637
    3   82        -1.92898        -1.15809        -1.76291
    3   83       -0.561438        -1.14645         2.88224
    3   84         -2.7606       -0.832427        0.363747
    3   85         2.03914        -0.17106         1.79881
    3   86        -2.91189       -0.438876        0.229626
    3   87       -0.385625         -2.2214          1.5347
    3   88        -1.20695        0.399346        -2.53145
    3   89         2.21074        -1.37372        -1.42863
    3   90        -1.20217       -0.338438           2.889
    3   91          2.1576       -0.235018        -2.42963
    3   92       -0.803208         2.19227         1.48708
    3   93        -2.09005       -0.485176         1.94074
    3   94        0.915941         2.21801        -1.97488
    3   95        0.628302        -2.17252        -2.06091
    3   96         1.96579         1.84221        0.792145
    3   97        0.115202        -2.78426        0.195446
    3   98      -0.0414498         1.61474        -2.35273
    3   99        -2.39933        -1.52417        -1.02869
    3  100         1.26961        -1.93384        -2.21939
    3  101        -2.68061       -0.581175       -0.608925
    3  102         2.57117        0.947119         1.40778
    3  103       -0.652076        -1.64292         2.55587
    3  104       0.0177338         2.12598        -2.35725
    3  105        -1.55395        -2.42104        -1.27086
    3  106         1.23704        0.982437        -2.28211
    3  107       -0.101251         2.38995         1.57237
    3  108        -3.02242        0.164057        0.189477
    3  109        0.285406        -1.56768         2.39671
    3  110         1.51137        -2.74067       -0.560569
    3  111        -3.14178        0.106957        0.203576
    3  112         2.02316         1.93464       -0.553295
    3  113        -2.04625        -1.80982         1.06089
    3  114        -1.19882         1.03681         2.32204
    3  115         1.08892        -2.09611        -1.84232
    3  116      -0.0122785        -2.63649        -1.11687
    3  117         1.34171       -0.957602         2.54211
    3  118         0.58323         -2.7312        -1.10581
    3  119       -0.837364        -0.16658         -2.7369
    3  120       -0.927186         2.77761       -0.705992
    3  121        0.683732         3.10167       0.0712939
    3  122        0.431304         2.74929        -1.15865
    3  123         1.15691        -2.82263         1.21843
    3  124        0.353349        -1.95504         2.14719
    3  125          -1.203         -2.2908        -1.52877
    3  126         1.40901         2.67289       0.0881851
    3  127         2.80135        0.262739        -1.03692
    4    0         2.32552        -1.77129       -0.938396
    4    1         1.74031       -0.467916         2.59892
    4    2        -2.27501        -2.04971       -0.201876
    4    3        0.260577        0.216511         2.98023
    4    4         -1.6696           0.514        -2.46291
    4    5       -0.924609         1.65991        -2.60329
    4    6         2.61774        -1.00386          1.1705
    4    7         2.40996         0.93479        -1.44047
    4    8         1.87706         2.37656          0.4952
    4    9         1.49239        -1.44524        -2.23237
    4   10        0.799867         -2.4982        -1.62959
    4   11        -1.66251         1.22414        -2.34474
    4   12        0.346643        -2.72958        0.595881
    4   13          2.6584        0.977492        0.055663
    4   14        -1.65555        0.932744         2.34911
    4   15        -2.17491        0.719884        -2.00158
    4   16        0.775289       0.0612565        -2.85103
    4   17         1.61997        -2.13793       -0.880238
    4   18        -2.28284        -1.38063         1.67312
    4   19         2.80238        0.926968         1.50244
    4   20         0.78703         2.90724      -0.0929845
    4   21       -0.394179        0.211967         -3.1201
    4   22         1.02427         1.57182         2.07841
    4   23         1.19753         2.40158        0.641254
    4   24        -1.45479         2.44876         1.08382
    4   25         1.35779        -3.13331       -0.863157
    4   26        -1.72626        0.382176         2.29665
    4   27        0.882047        -2.39253           1.083
    4   28        -1.97207        -1.79824         1.01676
    4   29        -2.48592        0.607034       -0.917419
    4   30        -2.51175         1.36052        -1.22439
    4   31        -1.71389        -2.34903         1.03964
    4   32        -2.93682         0.10229       -0.935591
    4   33         2.64874       -0.745165         1.06395
    4   34          2.7546         1.01065         1.19228
    4   35       -0.603245        -1.56641        -2.48647
    4   36       -0.892976         2.62862        -1.39559
    4   37        -2.62523        0.208855       -0.652584
    4   38         1.98455         1.36579         1.95382
    4   39        -1.56803        -2.48317         1.15116
    4   40         -1.9684        0.830548        -1.81485
    4   41        -1.32835        -2.71938       -0.818166
    4   42        0.621692         2.59661        -1.87231
    4   43        -2.23995       -0.419173         -2.3119
    4   44       -0.112848        -3.03744        0.668898
    4   45        0.695384         2.90745      -0.0479946
    4   46         2.12314      -0.0275877        -2.15967
    4   47        -1.63598        0.155832        -2.39233
    4   48         1.63649         2.82041        -0.11672
    4   49         2.73345        -1.13443        0.481227
    4   50        -2.54921       -0.130472         1.66514
    4   51        0.539468         2.88035        0.184942
    4   52         1.53435         1.71953        -1.93528
    4   53        -1.55637        0.667844         -2.3556
    4   54        0.734659         1.68278         2.02331
    4   55      -0.0961267       -0.929127        -2.75604
    4   56        -2.13399        0.323055        -1.92292
    4   57        0.298062        -2.93751        0.894716
    4   58        -2.41425        0.214305        -2.02427
    4   59         1.51355        -1.77404         1.90435
    4   60         2.20173         1.60504         -1.6517
    4   61         1.16054        -2.58603      -0.0299933
    4   62        -2.83875        0.289943       -0.309985
    4   63       -0.347882        -1.52466        -2.60148
    4   64         1.92225        0.544202        -1.90804
    4   65        -1.63598         -1.8745        -1.81733
    4   66        -2.15428        -0.18285        -1.69913
    4   67        -1.54453       -0.844489        -2.46083
    4   68         1.18217         1.98901        -1.69318
    4   69       -0.611291       -0.142041        -3.11845
    4   70          1.4302        -1.68689         2.15736
    4   71        -1.21681         1.50559         2.51251
    4   72        -1.42389         -2.2947        -1.20437
    4   73        -2.51909        0.485983          1.9505
    4   74       -0.822549        -2.49186        -1.48631
    4   75        -1.20113       -0.666015         2.66108
    4   76        0.780744         -2.8179       -0.953268
    4   77         2.56494         1.07884        -1.40373
    4   78        0.996537       -0.605673         2.56203
    4   79        -1.54342        -1.94554         1.88267
    4   80        0.581148        -2.74597         1.03037
    4   81       -0.555784        -1.46561        -2.62402
    4   82        -1.98646        -1.13114        -1.78549
    4   83       -0.569663        -1.21715         2.81694
    4   84        -2.77687       -0.759152        0.261508
    4   85         2.10179       -0.136274         1.73628
    4   86        -2.97466       -0.350947        0.330412
    4   87        -0.36406          -2.233         1.50519
    4   88         -1.2263        0.427064        -2.51893
    4   89         2.18162        -1.44037        -1.41715
    4   90         -1.3026       -0.302724         2.84454
    4   91         2.20441       -0.270005        -2.43272
    4   92       -0.868228         2.30982         1.36067
    4   93        -2.11052       -0.473145         1.91492
    4   94         0.82964         2.22065        -1.93368
    4   95        0.705372        -2.16154        -2.06286
    4   96         2.02204         1.82453        0.798054
    4   97       0.0193552        -2.80317        0.242706
    4   98       -0.020186         1.59577         -2.3353
    4   99        -2.37152        -1.59246       -0.975318
    4  100         1.27931        -1.89655        -2.31501
    4  101        -2.66076       -0.555936       -0.512506
    4  102         2.56534        0.941843         1.43264
    4  103       -0.812332        -1.69215         2.53765
    4  104       0.0641112         2.06504        -2.34524
    4  105        -1.56348        -2.40943        -1.35329
    4  106         1.12912         1.12978        -2.26203
    4  107      0.00018677         2.42693         1.52121
    4  108        -3.07154       0.0837753        0.241007
    4  109         0.31455        -1.63155         2.42482
    4  110         1.57035          -2.703       -0.670246
    4  111        -3.12625       0.0556559        0.172724
    4  112         2.08238         1.86807       -0.540645
    4  113        -2.07391        -1.79619         1.00178
    4  114        -1.28714          0.9752         2.30936
    4  115         1.08103        -2.07564        -1.88926
    4  116       0.0496225        -2.65077        -1.18999
    4  117          1.3972         -1.0026         2.50501
    4  118         0.62642        -2.76531        -1.06662
    4  119       -0.777147       -0.115266        -2.75747
    4  120       -0.972561         2.80285       -0.721314
    4  121        0.752899          3.0991        0.100991
    4  122        0.408111         2.77345        -1.07543
    4  123          1.1812        -2.83888         1.26872
    4  124        0.445219        -1.92577         2.16915
    4  125        -1.31329        -2.36345        -1.51305
    4  126         1.57127         2.63648         0.14736
    4  127         2.79336        0.271212       -0.985817
    5    0         2.32933        -1.72041       -0.918984
    5    1         1.77218       -0.480377         2.58833
    5    2        -2.29607         -2.0626       -0.101731
    5    3         0.30065       0.0746107         3.01274
    5    4        -1.63566        0.566166         -2.5176
    5    5       -0.818004         1.58624          -2.586
    5    6         2.58552        -1.03816         1.20912
    5    7          2.3776        0.991854        -1.44909
    5    8         1.93485         2.34085        0.430226
    5    9         1.49551        -1.39587         -2.2089
    5   10        0.770679         -2.5734          -1.561
    5   11        -1.63367         1.16326        -2.33565
    5   12        0.295685        -2.78532         0.52732
    5   13         2.69981        0.907836     -0.00704718
    5   14        -1.69168          0.9858         2.32852
    5   15        -2.17907        0.652712        -2.04044
    5   16        0.727098      -0.0243087        -2.91306
    5   17         1.58466        -2.18609       -0.893232
    5   18         -2.2965        -1.41376         1.63642
    5   19         2.68502        0.897797         1.61894
    5   20        0.813486         2.91435       -0.143374
    5   21       -0.365764        0.170699         -3.1362
    5   22         1.01969         1.58824         2.01802
    5   23         1.26621         2.42606        0.571712
    5   24        -1.41543         2.47575          1.0486
    5   25         1.28606        -3.17069       -0.849517
    5   26        -1.70008        0.407669          2.2956
    5   27        0.880414        -2.40913         1.08097
    5   28        -1.97322        -1.76435        0.946418
    5   29        -2.45925        0.694986       -0.954946
    5   30        -2.51915          1.3674        -1.25334
    5   31        -1.65607        -2.32974         1.00371
    5   32        -2.92509       0.0820252        -1.00481
    5   33         2.63633       -0.807883        0.999559
    5   34         2.75092        0.915374         1.15411
    5   35       -0.440632        -1.58816        -2.50521
    5   36        -0.96453         2.71566        -1.41297
    5   37         -2.6751        0.142941       -0.694713
    5   38         1.93377         1.31003         2.06157
    5   39        -1.62873        -2.54244         1.03599
    5   40        -2.03798        0.907598        -1.70102
    5   41        -1.40512        -2.72521       -0.736471
    5   42        0.602376         2.59739         -1.8914
    5   43         -2.2362       -0.398162        -2.30917
    5   44       -0.121853        -3.02686        0.645801
    5   45        0.809388         2.92352      -0.0790747
    5   46         2.15707       0.0804841        -2.13025
    5   47        -1.66617        0.157539        -2.44824
    5   48         1.67788         2.85154      -0.0588867
    5   49         2.76331        -1.15216        0.463708
    5   50        -2.57438       -0.152966         1.66426
    5   51        0.490526         2.84433        0.263463
    5   52          1.5429         1.69393        -1.90078
    5   53        -1.47543        0.711437        -2.44622
    5   54        0.765464         1.70495         1.97579
    5   55       -0.134386       -0.927665        -2.72778
    5   56        -2.08387        0.226671        -1.92481
    5   57        0.266726        -2.93445        0.875255
    5   58        -2.37429          0.2652        -2.06583
    5   59         1.50486        -1.82482         1.86981
    5   60         2.10958         1.60485        -1.69771
    5   61         1.16819        -2.61877       -0.008091
    5   62        -2.84807        0.253072       -0.308724
    5   63       -0.387657        -1.54749         -2.6414
    5   64         1.93245        0.439337        -1.87736
    5   65        -1.63298        -1.86903        -1.84321
    5   66        -2.15557       0.0006062        -1.72828
    5   67        -1.62863       -0.898494         -2.4509
    5   68         1.07689         1.97911        -1.65026
    5   69       -0.622398       -0.182234        -3.08775
    5   70         1.43609        -1.72821         2.11287
    5   71        -1.19418         1.52707          2.4692
    5   72        -1.28137        -2.34963        -1.24731
    5   73        -2.58322        0.459661         1.95166
    5   74       -0.854163        -2.49315        -1.41552
    5   75        -1.43883       -0.755573         2.58876
    5   76        0.816332        -2.84199       -0.838773
    5   77         2.63189         1.01728        -1.27373
    5   78         1.05576       -0.644266         2.54933
    5   79        -1.63996        -1.88557         1.84868
    5   80        0.610337        -2.81324         1.01398
    5   81       -0.526261        -1.47265        -2.61441
    5   82        -2.05659        -1.09839        -1.81354
    5   83        -0.58221         -1.2995         2.76291
    5   84         -2.8196       -0.683371        0.107107
    5   85         2.14212       -0.100009          1.7002
    5   86        -3.04188       -0.279972        0.449796
    5   87       -0.363333        -2.24495         1.48202
    5   88        -1.20858        0.456002        -2.47121
    5   89         2.17931        -1.43322        -1.42941
    5   90        -1.38755       -0.288516         2.78401
    5   91         2.12961       -0.363063        -2.35541
    5   92       -0.931067         2.40868         1.18344
    5   93        -2.12412       -0.411359         1.88415
    5   94        0.739893         2.20548        -1.87788
    5   95        0.776025         -2.1923          -2.093
    5   96         2.06817         1.84093        0.840426
    5   97       -0.102606        -2.81224        0.262169
    5   98      -0.0343201         1.59265        -2.32949
    5   99        -2.37939        -1.60627       -0.910482
    5  100         1.31059        -1.83418        -2.29925
    5  101        -2.63369       -0.521417       -0.416361
    5  102         2.56435        0.935755         1.46549
    5  103       -0.881465        -1.70808          2.5211
    5  104       0.0846701         2.03705        -2.30426
    5  105         -1.5647         -2.3913        -1.40339
    5  106         1.09205         1.27342        -2.24471
    5  107       0.0843458         2.46425         1.48169
    5  108        -3.06879       0.0233443        0.262494
    5  109        0.310012        -1.67629         2.43885
    5  110         1.59393        -2.59168       -0.685389
    5  111         -3.1648      -0.0323511        0.102955
    5  112          2.1758         1.78273       -0.538393
    5  113        -2.08602        -1.82815         0.92027
    5  114        -1.39643        0.918219         2.28483
    5  115         1.06665        -2.08339        -1.91993
    5  116       0.0196795        -2.63865        -1.27849
    5  117         1.44225        -1.10713         2.53859
    5  118        0.654597        -2.82032        -1.01749
    5  119       -0.718495      -0.0665282        -2.75346
    5  120       -0.939834         2.78722       -0.766607
    5  121        0.837616         3.06118        0.152527
    5  122         0.33554         2.80267        -1.01412
    5  123         1.21993        -2.81703         1.31966
    5  124        0.548738        -1.88922         2.24117
    5  125        -1.39045        -2.45839        -1.52677
    5  126         1.73294         2.62198        0.177381
    5  127         2.79754        0.275519       -0.941001
    6    0         2.30182        -1.69231       -0.921113
    6    1         1.74158       -0.448489         2.58227
    6    2         -2.3334        -2.02616      -0.0266688
    6    3        0.273961       -0.063904         3.03934
    6    4        -1.56739         0.61014        -2.59737
    6    5       -0.757114         1.53476        -2.57189
    6    6          2.5292        -1.08969         1.22778
    6    7         2.40935        0.997148        -1.43882
    6    8         1.93279         2.31597        0.380708
    6    9         1.50656        -1.36281        -2.17557
    6   10         0.75805        -2.64153        -1.54557
    6   11         -1.5919         1.13835        -2.34828
    6   12        0.261744        -2.78804        0.499182
    6   13         2.72101        0.826106      -0.0646331
    6   14        -1.75579         1.05479         2.31602
    6   15        -2.13941        0.639052        -2.06552
    6   16        0.689297      -0.0640489        -2.89048
    6   17         1.52147        -2.21715       -0.918651
    6   18         -2.3264        -1.40773          1.5979
    6   19         2.55994        0.897988         1.66533
    6   20        0.822502         2.93428       -0.151723
    6   21       -0.357265        0.155615        -3.14334
    6   22         1.03259          1.6496         1.98372
    6   23         1.32737         2.47208        0.491699
    6   24        -1.39774         2.49855         1.03026
    6   25         1.22346        -3.18331       -0.812965
    6   26        -1.67852        0.476164         2.26824
    6   27        0.866582        -2.44664         1.06459
    6   28        -2.00029        -1.72753        0.922296
    6   29        -2.42131        0.813552        -1.00168
    6   30        -2.48913         1.33935        -1.29611
    6   31        -1.63724         -2.3569        0.994926
    6   32        -2.89396        0.117973        -1.05107
    6   33         2.60313       -0.868917        0.933701
    6   34         2.70831        0.791499         1.16793
    6   35       -0.276258        -1.61199        -2.55089
    6   36         -1.0516         2.74396        -1.46771
    6   37        -2.72089        0.089654       -0.715294
    6   38         1.86397         1.27248         2.16603
    6   39          -1.643        -2.57002        0.930027
    6   40        -2.08305         1.01176        -1.58635
    6   41         -1.4808        -2.69937       -0.694161
    6   42         0.57656         2.60959        -1.94162
    6   43        -2.21637       -0.412882        -2.27056
    6   44       -0.155996        -3.00749        0.669978
    6   45        0.955055         2.91478       -0.110738
    6   46         2.21875        0.165555         -2.1355
    6   47         -1.7004        0.135417         -2.4777
    6   48         1.66052         2.84866      0.00900744
    6   49         2.73299        -1.19529        0.510128
    6   50        -2.59501       -0.201747         1.68362
    6   51        0.415856         2.76389        0.336208
    6   52         1.56284         1.67491        -1.86029
    6   53        -1.41842        0.735845        -2.50246
    6   54        0.832385          1.7632         1.96517
    6   55       -0.176903       -0.906923        -2.69871
    6   56          -2.063       0.0934241        -1.88459
    6   57        0.248221        -2.89993        0.792958
    6   58        -2.34107        0.181124        -2.02554
    6   59         1.50455        -1.88438         1.83545
    6   60         2.01563         1.63831        -1.71133
    6   61         1.15354        -2.63559       0.0161878
    6   62        -2.83596        0.227095       -0.317425
    6   63       -0.437184        -1.56702        -2.66262
    6   64         1.94045        0.384349        -1.86866
    6   65        -1.63794        -1.88961        -1.87709
    6   66        -2.13545        0.150607        -1.71065
    6   67        -1.67505       -0.940355        -2.40402
    6   68         1.05276         2.00831        -1.64107
    6   69       -0.643515       -0.238153        -3.08736
    6   70         1.45844        -1.79026         2.08184
    6   71        -1.14624         1.52449         2.43929
    6   72        -1.13478        -2.41013         -1.3061
    6   73        -2.57318        0.440508         1.97101
    6   74       -0.888552        -2.48058        -1.34351
    6   75        -1.52726       -0.765642           2.468
    6   76         0.86244        -2.83519       -0.741335
    6   77         2.67557        0.948724        -1.16318
    6   78         1.06429       -0.708887         2.58935
    6   79        -1.80621        -1.80427         1.77454
    6   80        0.642859        -2.92123        0.979574
    6   81       -0.501784        -1.46152        -2.61913
    6   82        -2.11966        -1.04316        -1.82295
    6   83       -0.597036        -1.35314         2.73294
    6   84        -2.81145       -0.606253       0.0267875
    6   85         2.18743       -0.064968         1.67507
    6   86        -3.02373       -0.235051        0.521644
    6   87       -0.351082        -2.27435         1.47812
    6   88        -1.23738        0.494814        -2.49341
    6   89         2.17647         -1.4227        -1.44577
    6   90        -1.48287       -0.295104         2.74337
    6   91         2.07176       -0.449946        -2.25388
    6   92        -1.01025         2.48623        0.904409
    6   93        -2.14966       -0.331814         1.84334
    6   94        0.685373         2.22199        -1.84659
    6   95         0.84798         -2.2484        -2.13821
    6   96         2.09989         1.83537        0.866564
    6   97       -0.250638        -2.81446        0.307162
    6   98      -0.0390543         1.63279        -2.34592
    6   99        -2.37657        -1.60243        -0.75402
    6  100          1.3886        -1.78388        -2.27592
    6  101        -2.62939       -0.515454       -0.327012
    6  102         2.55167         0.90484         1.51873
    6  103       -0.928607        -1.67816         2.55218
    6  104       0.0847811         2.04419        -2.16315
    6  105        -1.57372        -2.35044        -1.41415
    6  106         1.02385         1.38222        -2.22586
    6  107        0.154869         2.52707         1.46477
    6  108         -3.0665      -0.0330438        0.264904
    6  109         0.23967        -1.65864         2.43198
    6  110         1.49871        -2.58168       -0.870261
    6  111        -3.18879      -0.0437206       0.0724885
    6  112         2.23606         1.67112       -0.568186
    6  113        -2.21938        -1.78813        0.801029
    6  114        -1.54184        0.872167         2.25135
    6  115         1.03585        -2.09115        -1.90065
    6  116      -0.0691712        -2.70498        -1.38135
    6  117         1.50149        -1.21659         2.54184
    6  118        0.685972        -2.85773       -0.983906
    6  119       -0.666815      -0.0409147        -2.75752
    6  120       -0.867049          2.8101       -0.838574
    6  121        0.930887         2.98288        0.224536
    6  122        0.194351         2.82495       -0.957852
    6  123          1.2857        -2.76617           1.363
    6  124        0.616764        -1.84369         2.32227
    6  125        -1.40524        -2.44615        -1.43552
    6  126         1.99481         2.49617        0.285957
    6  127         2.79145        0.227766       -0.890237
    7    0         2.29855        -1.62552       -0.906114
    7    1          1.6936       -0.406209         2.59275
    7    2        -2.37819        -1.99561       0.0484731
    7    3        0.176002       -0.169443         3.00157
    7    4        -1.49377        0.622783        -2.56448
    7    5       -0.707652         1.49002        -2.62493
    7    6         2.51091        -1.16474         1.27598
    7    7         2.41612        0.904863        -1.39085
    7    8          1.9004         2.33104        0.351549
    7    9         1.47751        -1.28999         -2.1891
    7   10          0.7185        -2.65631        -1.54821
    7   11        -1.58715         1.16481         -2.3642
    7   12        0.196806        -2.85465        0.436395
    7   13         2.73909        0.754619       -0.111602
    7   14        -1.79271          1.1498         2.31749
    7   15        -2.10002        0.754753        -2.11323
    7   16        0.675751       -0.102389        -2.92358
    7   17         1.43022        -2.24792       -0.911119
    7   18        -2.35223        -1.31074         1.62417
    7   19         2.44763        0.956958         1.67146
    7   20        0.820161         2.95981       -0.137692
    7   21       -0.373197        0.164711        -3.12615
    7   22         1.04421         1.72396         1.95001
    7   23         1.44081         2.51766          0.3962
    7   24        -1.36608         2.49593         1.02779
    7   25         1.16897        -3.17078       -0.716843
    7   26        -1.71788        0.543431          2.2518
    7   27        0.853097        -2.49142         1.04832
    7   28        -2.03119        -1.69807        0.891449
    7   29         -2.4159        0.921797        -1.07743
    7   30        -2.46868         1.29948        -1.33313
    7   31        -1.61857        -2.39485        0.978702
    7   32        -2.90613        0.116748        -1.08916
    7   33         2.54058       -0.934379        0.900816
    7   34         2.70404        0.667663         1.24768
    7   35       -0.116402        -1.61335        -2.60619
    7   36        -1.13948         2.70828        -1.52968
    7   37        -2.77663       0.0106182        -0.70568
    7   38         1.80936         1.23573         2.25486
    7   39        -1.65118         -2.5707        0.832333
    7   40        -2.16938         1.13826        -1.44178
    7   41        -1.53898        -2.64512       -0.697692
    7   42        0.563736         2.59801        -1.98477
    7   43        -2.21475       -0.466555        -2.26582
    7   44       -0.187929        -3.04078        0.694759
    7   45         1.01067         2.92655       -0.164545
    7   46         2.27474        0.253819        -2.18159
    7   47         -1.6943        0.127147        -2.51619
    7   48         1.62291         2.80829       0.0785182
    7   49         2.69736        -1.20766        0.494402
    7   50        -2.59123       -0.240028         1.66446
    7   51         0.33366         2.73907         0.35837
    7   52         1.62282         1.67175        -1.83864
    7   53        -1.37678        0.728679        -2.51416
    7   54        0.917189         1.78656         1.94961
    7   55       -0.213053       -0.897171        -2.68663
    7   56        -2.07807      -0.0369117        -1.82009
    7   57        0.236387        -2.89536        0.750091
    7   58        -2.32599       0.0777589        -2.01902
    7   59         1.49976        -1.94139         1.79572
    7   60          1.9307         1.68945        -1.66451
    7   61         1.13114        -2.65654       0.0142112
    7   62        -2.86804        0.126148       -0.317863
    7   63       -0.467212        -1.55794        -2.66326
    7   64         1.92289        0.337886        -1.88312
    7   65        -1.59393         -1.9346         -1.8658
    7   66         -2.1157        0.290362        -1.71044
    7   67        -1.69211       -0.977579        -2.37292
    7   68         1.09864          2.0548        -1.64666
    7   69       -0.704312       -0.306765        -3.06075
    7   70         1.49738        -1.90775         2.07373
    7   71        -1.11788         1.50156         2.38187
    7   72        -0.96798        -2.43433        -1.37294
    7   73        -2.43668         0.30995         2.06596
    7   74       -0.930696        -2.51251        -1.31842
    7   75        -1.62764       -0.784533         2.38487
    7   76         0.91837         -2.8353       -0.671749
    7   77         2.74957        0.920295        -1.07277
    7   78         1.04741        -0.81958         2.60311
    7   79        -2.00512        -1.73711         1.66891
    7   80        0.673308         -2.9076        0.957116
    7   81       -0.483091         -1.4242        -2.62326
    7   82        -2.18418       -0.983546        -1.83421
    7   83        -0.61898        -1.36417         2.74287
    7   84         -2.7834       -0.532893       -0.035956
    7   85         2.25212      -0.0525733         1.63832
    7   86        -2.94901       -0.211216        0.557149
    7   87       -0.257485        -2.33848         1.47949
    7   88        -1.30123        0.515839        -2.50103
    7   89         2.16453         -1.3211        -1.45773
    7   90        -1.56997       -0.300929         2.70179
    7   91         2.04014       -0.567546        -2.20445
    7   92         -1.0804         2.51088        0.695071
    7   93        -2.19037       -0.257347         1.83522
    7   94        0.656399         2.22402         -1.7616
    7   95        0.881622        -2.26074        -2.13163
    7   96         2.04714         1.80024        0.891271
    7   97       -0.390896        -2.84366        0.329046
    7   98      -0.0658422         1.61507        -2.37672
    7   99        -2.38398        -1.61011       -0.745109
    7  100          1.4576        -1.69878        -2.24878
    7  101        -2.66934       -0.517601       -0.225262
    7  102         2.55179        0.863921         1.54326
    7  103       -0.947771        -1.70344         2.54111
    7  104       0.0466269         2.03041        -2.16116
    7  105        -1.59925        -2.30662        -1.40109
    7  106        0.909252         1.51791        -2.19362
    7  107        0.232343         2.53378         1.44383
    7  108        -3.08519      -0.0936783        0.250108
    7  109        0.219932        -1.67726         2.43287
    7  110         1.37685        -2.58101        -0.96348
    7  111        -3.11782      -0.0706699       0.0841318
    7  112         2.24685         1.54434       -0.534777
    7  113        -2.25367        -1.82449        0.740397
    7  114        -1.68938        0.796624         2.19428
    7  115         1.05008        -2.13318        -1.88461
    7  116      -0.0886119        -2.68307         -1.4364
    7  117         1.60769        -1.34674         2.51235
    7  118        0.736419         -2.9111       -0.957835
    7  119       -0.575685      -0.0450185        -2.78224
    7  120       -0.770143         2.79217       -0.935917
    7  121         1.03302         2.89406        0.315639
    7  122       -0.003409          2.7786         -0.9054
    7  123         1.34638        -2.69793         1.38251
    7  124        0.636742        -1.81867         2.41717
    7  125        -1.39925        -2.43716        -1.36093
    7  126         2.10591         2.42949        0.350652
    7  127          2.7782        0.116842       -0.824564
    8    0         2.37351        -1.57912       -0.895784
    8    1         1.58948         -0.3602         2.60182
    8    2        -2.43304        -1.96905        0.141125
    8    3       0.0601902        -0.19891           2.941
    8    4        -1.42974        0.627294        -2.59499
    8    5       -0.684798         1.46187        -2.67797
    8    6         2.43727        -1.20652         1.26604
    8    7         2.43563        0.831273        -1.37789
    8    8         1.88232         2.37734        0.382916
    8    9         1.41219        -1.29629        -2.29747
    8   10         0.66941        -2.63396        -1.53331
    8   11        -1.60929         1.24822        -2.37631
    8   12        0.173479        -2.88017        0.389913
    8   13          2.7519        0.703756        -0.15725
    8   14        -1.83252         1.24185         2.28134
    8   15        -2.00143         0.81128          -2.135
    8   16        0.633861       -0.171764        -2.93463
    8   17         1.32795        -2.26168       -0.872135
    8   18        -2.38976        -1.29799         1.54557
    8   19          2.3729         1.03698         1.69893
    8   20        0.830398           2.924       -0.156952
    8   21       -0.381961        0.199125        -3.10589
    8   22         1.01893         1.79265         1.93698
    8   23         1.53852         2.54407        0.330015
    8   24        -1.36111         2.47818        0.991545
    8   25         1.05772        -3.14687       -0.629659
    8   26        -1.74859        0.611754         2.21638
    8   27        0.857064        -2.51247         1.02611
    8   28        -2.09011        -1.67544        0.853022
    8   29        -2.38299         1.00732         -1.1701
    8   30        -2.45294         1.23908          -1.353
    8   31        -1.59462        -2.39291        0.948496
    8   32        -2.90704        0.143453        -1.09575
    8   33         2.45288        -0.98575         0.91169
    8   34         2.74281        0.580506         1.34599
    8   35       0.0206234        -1.61649        -2.63208
    8   36        -1.23411         2.55028        -1.54976
    8   37        -2.80472      -0.0755172       -0.662503
    8   38         1.78942         1.21926         2.31886
    8   39        -1.66412        -2.57002        0.754645
    8   40        -2.21323         1.21295        -1.31168
    8   41        -1.57925        -2.61219        -0.73279
    8   42        0.517509         2.54955        -1.99601
    8   43        -2.20953       -0.541125        -2.21832
    8   44       -0.210524        -3.00922        0.715814
    8   45         1.04302         2.92375       -0.137912
    8   46         2.28542        0.342769        -2.23372
    8   47        -1.66617       0.0806538        -2.54892
    8   48          1.6137         2.75873         0.12924
    8   49         2.66384        -1.24383        0.467869
    8   50        -2.58129       -0.308338         1.61912
    8   51        0.298491         2.69769        0.463071
    8   52         1.71695         1.67568        -1.80428
    8   53        -1.32685        0.685486        -2.48853
    8   54        0.971898         1.84348          1.9312
    8   55       -0.251522       -0.937307        -2.67672
    8   56        -2.09625       -0.164502        -1.74982
    8   57        0.203222        -2.90439        0.754415
    8   58        -2.31496      -0.0366696        -2.00525
    8   59         1.48832        -1.99369         1.75923
    8   60         1.91226         1.76563        -1.62775
    8   61         1.08904        -2.67026      0.00698953
    8   62        -2.85173       0.0251598       -0.363059
    8   63       -0.501908        -1.53927        -2.63211
    8   64         1.85787        0.314953        -1.91108
    8   65        -1.55288        -2.00754        -1.84862
    8   66        -2.11855        0.393355        -1.70329
    8   67        -1.70208       -0.988471        -2.35677
    8   68          1.1865         2.05353        -1.62789
    8   69       -0.795822       -0.314468        -3.07838
    8   70         1.52899         -1.9549         2.02823
    8   71         -1.1257         1.48697         2.34182
    8   72       -0.792177         -2.4389         -1.4265
    8   73        -2.33282        0.296123         2.12806
    8   74       -0.978136         -2.5231        -1.29034
    8   75        -1.73669       -0.873494         2.23143
    8   76         1.02492        -2.80958       -0.622802
    8   77         2.79372        0.894904        -0.98889
    8   78         1.04878       -0.978864         2.58724
    8   79        -2.20506         -1.6748         1.56113
    8   80        0.707825        -2.85213        0.932366
    8   81       -0.474504        -1.40373        -2.67315
    8   82        -2.19941       -0.937059        -1.81522
    8   83       -0.575892        -1.43798         2.75789
    8   84        -2.78595       -0.459321       -0.100865
    8   85         2.30042      -0.0131829         1.53048
    8   86        -2.92907       -0.152307        0.612751
    8   87       -0.237515         -2.4054         1.44139
    8   88        -1.37826         0.50721        -2.48791
    8   89         2.16581        -1.23641        -1.45391
    8   90        -1.69866       -0.302417          2.6985
    8   91         2.03446       -0.679424        -2.20505
    8   92        -1.14165         2.49232        0.509315
    8   93        -2.25444        -0.17733         1.84801
    8   94        0.620894         2.26044         -1.6955
    8   95        0.926718        -2.28945        -2.08555
    8   96         1.98438         1.80769        0.920221
    8   97       -0.566184        -2.81487         0.31541
    8   98      -0.0992767         1.61256        -2.46531
    8   99        -2.41297        -1.64056       -0.729629
    8  100         1.61552        -1.58384         -2.2118
    8  101        -2.71063       -0.486921       -0.116242
    8  102         2.55848        0.814311         1.55329
    8  103       -0.932942        -1.74619         2.56551
    8  104      -0.0574968         2.02711        -2.15625
    8  105        -1.63304        -2.26604        -1.36038
    8  106        0.785605         1.66571        -2.13589
    8  107        0.302296         2.53701         1.43449
    8  108        -3.06788       -0.144381        0.226234
    8  109        0.194406        -1.63973         2.41676
    8  110         1.33795        -2.55389         -1.0728
    8  111        -3.07949      -0.0609573        0.137516
    8  112         2.27121         1.46003       -0.532135
    8  113        -2.28485        -1.87106        0.640513
    8  114         -1.8352        0.735073         2.17424
    8  115         1.02526        -2.16302        -1.86715
    8  116      -0.0838458        -2.60092        -1.43762
    8  117         1.70991        -1.45049         2.46315
    8  118        0.788483        -2.95471       -0.925206
    8  119       -0.523388      -0.0489857        -2.77288
    8  120       -0.675548         2.78832        -1.04118
    8  121         1.12354         2.81247        0.381301
    8  122        -0.23985         2.77705       -0.857055
    8  123         1.42525        -2.58829          1.3864
    8  124        0.704289        -1.75028         2.44516
    8  125        -1.42538        -2.45266        -1.34848
    8  126         2.19351         2.40736        0.338551
    8  127         2.78483       0.0199359       -0.740854
    9    0          2.4734        -1.53622       -0.888541
    9    1         1.49422       -0.317647         2.61924
    9    2        -2.43107        -1.88876        0.218282
    9    3      -0.0698598       -0.196826          2.9726
    9    4         -1.4419        0.615968        -2.63532
    9    5       -0.676721         1.45154        -2.71867
    9    6          2.3928        -1.23476         1.25999
    9    7         2.49905        0.731357        -1.36834
    9    8         1.83372          2.4252        0.416533
    9    9          1.3292        -1.28993        -2.37078
    9   10        0.590772        -2.64192        -1.50134
    9   11        -1.66749         1.32922        -2.32941
    9   12        0.181612        -2.89888        0.348605
    9   13         2.76105        0.669953       -0.194521
    9   14        -1.88857         1.33009         2.23006
    9   15        -1.89606        0.922546        -2.11833
    9   16        0.611241       -0.213301        -2.91723
    9   17         1.26148        -2.27855       -0.836747
    9   18        -2.40128        -1.27022         1.46499
    9   19         2.33654         1.11691         1.67394
    9   20        0.880534         2.88617       -0.183766
    9   21       -0.388346        0.242802        -3.09147
    9   22        0.973297         1.84079         1.91345
    9   23         1.58632         2.54829        0.250371
    9   24        -1.35693         2.47504        0.949637
    9   25        0.956074        -3.08337       -0.527011
    9   26        -1.75864        0.682941         2.19873
    9   27        0.811437        -2.57634         1.00792
    9   28        -2.09268        -1.67079        0.876732
    9   29         -2.3245         1.06844        -1.27269
    9   30        -2.44725         1.19031         -1.4517
    9   31        -1.57124        -2.40347        0.917229
    9   32        -2.90564        0.163078        -1.04972
    9   33         2.40643        -1.03974        0.911834
    9   34         2.78266        0.533599         1.48038
    9   35        0.134611        -1.59379        -2.65248
    9   36        -1.33368         2.66258        -1.43959
    9   37        -2.81493       -0.161393       -0.587157
    9   38         1.73783         1.21139         2.36036
    9   39         -1.7224        -2.55753        0.746021
    9   40         -2.2516          1.2403        -1.20714
    9   41        -1.58825        -2.55456       -0.806013
    9   42        0.449769         2.49858         -1.9907
    9   43        -2.17865       -0.599157        -2.15612
    9   44       -0.229959        -2.95208         0.72633
    9   45         1.05034         2.94882      -0.0995334
    9   46         2.26214        0.399022        -2.27759
    9   47        -1.60411       0.0132444        -2.54662
    9   48         1.62878         2.69214        0.176888
    9   49         2.65113        -1.28166        0.419091
    9   50        -2.58477       -0.340121         1.56713
    9   51        0.279022         2.66209          0.5114
    9   52          1.8185         1.66502        -1.81384
    9   53        -1.32337        0.603106        -2.46073
    9   54        0.997944          1.8781         1.92107
    9   55       -0.286105        -1.00435        -2.67239
    9   56        -2.11245       -0.277179        -1.68408
    9   57        0.207284        -2.92812        0.776173
    9   58        -2.30901       -0.155956        -1.97193
    9   59         1.48906        -2.01808         1.72341
    9   60         1.92492         1.82177        -1.57564
    9   61         1.03867        -2.67491     -0.00394534
    9   62        -2.88465      -0.0817358       -0.432089
    9   63       -0.518079        -1.56882        -2.57056
    9   64         1.80889        0.252913        -1.97318
    9   65         -1.4811        -2.06925         -1.8359
    9   66        -2.12378        0.492982        -1.70925
    9   67        -1.71743       -0.989187        -2.38028
    9   68         1.29724          2.0528        -1.61566
    9   69       -0.862295       -0.293647        -3.07312
    9   70         1.54957        -1.96969          2.0274
    9   71        -1.15905         1.44919         2.32125
    9   72       -0.518325        -2.43388        -1.50325
    9   73        -2.27002        0.256594         2.20902
    9   74        -1.01564          -2.556        -1.30111
    9   75        -1.74517       -0.894985         2.18427
    9   76         1.15356          -2.799       -0.583966
    9   77         2.83704        0.854973       -0.913806
    9   78         1.05462        -1.10582         2.56263
    9   79        -2.36264        -1.57836         1.42816
    9   80        0.713031        -2.75835        0.949603
    9   81       -0.465907        -1.39249          -2.743
    9   82        -2.21762       -0.897259        -1.83014
    9   83       -0.520773        -1.48456         2.77611
    9   84        -2.74516        -0.44316       -0.139258
    9   85         2.36694       0.0269461         1.45857
    9   86        -2.94941       -0.088384        0.732985
    9   87       -0.223136        -2.48434         1.37594
    9   88        -1.44877        0.515015        -2.46985
    9   89         2.15849        -1.14686        -1.46023
    9   90         -1.8322        -0.30233          2.6571
    9   91         2.04021       -0.841132        -2.19189
    9   92        -1.19297         2.46208        0.379975
    9   93        -2.31785       -0.104644         1.86787
    9   94        0.613909         2.31832        -1.64344
    9   95        0.933568        -2.33098        -1.99968
    9   96         1.92222         1.82089        0.940894
    9   97       -0.742118        -2.74879        0.292095
    9   98       -0.113311         1.56722        -2.49103
    9   99        -2.39826        -1.63757       -0.741356
    9  100         1.75797        -1.48522        -2.16583
    9  101        -2.76566       -0.464128      -0.0213977
    9  102         2.57327        0.780636         1.56476
    9  103       -0.874154        -1.75756         2.59874
    9  104       -0.155518         2.05112        -2.15827
    9  105        -1.67336        -2.23407        -1.29369
    9  106        0.677027         1.78273        -2.04957
    9  107         0.39405         2.53491         1.42385
    9  108        -3.02015       -0.238721        0.194331
    9  109        0.143652        -1.66027         2.41142
    9  110         1.37533        -2.48697        -1.24361
    9  111        -3.04679      -0.0113149        0.201657
    9  112         2.31363         1.33705        -0.52724
    9  113         -2.2829        -1.99152        0.507401
    9  114        -1.92754        0.653458         2.11075
    9  115        0.961623        -2.18141        -1.85272
    9  116       -0.114945        -2.62022        -1.39011
    9  117         1.82495        -1.53766         2.38793
    9  118        0.880167        -2.92789       -0.873796
    9  119       -0.402491      -0.0731744        -2.75242
    9  120       -0.595759           2.798        -1.16084
    9  121          1.2185         2.74291        0.451646
    9  122       -0.457615          2.7075       -0.801743
    9  123          1.5108        -2.48789         1.37174
    9  124        0.760185        -1.68575         2.46051
    9  125        -1.43153        -2.51719        -1.35884
    9  126         2.23747         2.37913        0.296358
    9  127          2.7831      -0.0844037       -0.628817
