# ohbond dipole 
# frame_index bond_index dipole_x dipole_y dipole_z 
#UNITCELL[Ang] 19.7484 0 0 0 19.7484 0 0 0 19.7484
#TEMPERATURE[K] 298
#TIMESTEP[fs] 2.5
    0    0      -0.0258634      -0.0532693     -0.00662964
    0    1       -0.121039         0.20261        0.210224
    0    2       -0.187576      -0.0417018       -0.242914
    0    3        0.129738        0.240712       -0.113475
    0    4       0.0747537       -0.135821        0.352357
    0    5       0.0146127       0.0792755         0.22228
    0    6       -0.121251      -0.0437623       0.0676644
    0    7       -0.135962      -0.0592636       0.0580698
    0    8      -0.0744404        0.166582         0.16759
    0    9      -0.0349753       -0.171036      -0.0607989
    0   10         0.20358      -0.0951549        0.268674
    0   11      -0.0904847       0.0694015       0.0802754
    0   12       -0.238457      -0.0624823      0.00610426
    0   13       -0.129478        0.120157        0.085472
    0   14        0.129412       -0.166231       0.0603898
    0   15       0.0426256      -0.0690473       -0.257977
    0   16       -0.109913        0.133946        0.113264
    0   17      -0.0496681      -0.0825605       0.0712295
    0   18       -0.153944       -0.191287       -0.194224
    0   19        0.129701      -0.0894369      -0.0390903
    0   20       -0.038412       0.0602089        0.199191
    0   21      -0.0788663       -0.239427      -0.0715323
    0   22      -0.0350512       -0.294785       -0.202505
    0   23       -0.251122       -0.145174       -0.139004
    0   24      -0.0566872        0.130517       -0.107827
    0   25       0.0402003       -0.171409      -0.0209945
    0   26       -0.071266        0.244122       -0.130026
    0   27       0.0464376       -0.146054        -0.22885
    0   28        0.332715       -0.168381       0.0652022
    0   29        0.166212        0.197955       -0.194488
    0   30        0.080702       0.0193344       -0.172403
    0   31         0.11194      -0.0694685        0.106098
    0   32      -0.0503505        0.177114        -0.08322
    0   33        0.241452       0.0857138      -0.0879788
    0   34        0.238447        0.104834        0.262474
    0   35       -0.311028       -0.155089       -0.129993
    0   36        0.336524        0.117136        0.151214
    0   37        0.108969       -0.232704       0.0388041
    0   38      -0.0953219        0.154848         -0.1071
    0   39       -0.135523       -0.109998       -0.121895
    0   40      -0.0201766       0.0536054       0.0377959
    0   41     -0.00158864       -0.159824         0.13623
    0   42        0.125059       0.0623354       0.0215334
    0   43        0.147678       -0.158191        0.031657
    0   44       -0.192107       -0.157553      -0.0360958
    0   45        0.150357        0.248225       0.0199857
    0   46        0.151617       0.0344245       0.0574202
    0   47       -0.152126        0.288009     -0.00951635
    0   48       -0.417954        0.184568     -0.00673647
    0   49     -0.00184471       -0.231184      -0.0805788
    0   50      -0.0582071       -0.351708       0.0474102
    0   51        0.173093       0.0228413       -0.309601
    0   52        0.036538      -0.0474378       0.0300898
    0   53       -0.173042       -0.219797        0.165728
    0   54        0.197306        0.251179         0.13424
    0   55       -0.126377       -0.108346      -0.0776032
    0   56      -0.0454578        0.195388       -0.139211
    0   57        0.196842      -0.0574505        0.157963
    0   58      -0.0859983       0.0952649       -0.236185
    0   59        0.127093       0.0992103        0.302954
    0   60      -0.0621393        0.235796        0.126384
    0   61        0.257793       -0.391127       0.0994918
    0   62        0.111545        0.169244        0.202015
    0   63        0.399027       -0.122611      -0.0886015
    0   64       0.0328239       0.0583966        0.194641
    0   65       -0.342759      -0.0703219        0.307639
    0   66        0.115692        0.169134        0.202952
    0   67       0.0337263        0.151314        0.257119
    0   68       0.0722389       0.0658782        0.260417
    0   69        0.194627       -0.178385        0.193688
    0   70       0.0570986      -0.0528104       0.0609691
    0   71      -0.0159074        0.136561       -0.225803
    0   72        0.130236        0.113026      -0.0845837
    0   73       0.0999279        0.169639       0.0454384
    0   74     -0.00582314       0.0113391       -0.122741
    0   75         0.18042        0.202039      -0.0072169
    0   76        -0.09579        -0.18044        0.131691
    0   77       -0.112342       -0.071008      -0.0273419
    0   78        0.136049       0.0922789       -0.176429
    0   79       -0.157881       -0.015955       -0.272282
    0   80       0.0867774        0.104527        0.342962
    0   81       0.0104942       0.0359366      -0.0495736
    0   82        0.142412         0.11726       -0.224949
    0   83        0.102504        0.171097       0.0999653
    0   84       -0.257536         0.10073      -0.0783695
    0   85        0.127181       0.0792629       0.0177464
    0   86       -0.152044        0.335107       -0.216075
    0   87         0.26436        0.196929     -0.00527212
    0   88      -0.0835503       0.0198987      -0.0524463
    0   89        0.240893       0.0510227        0.166348
    0   90       -0.141717       0.0711909        0.202942
    0   91      -0.0580919       -0.151353       -0.197583
    0   92        0.147129         0.10914       -0.260286
    0   93       0.0306916       -0.218694       -0.202002
    0   94      -0.0323798        0.172707        0.124811
    0   95      -0.0259642       -0.495618        0.343404
    0   96      -0.0347248        0.227351       0.0240934
    0   97      -0.0423223      -0.0927244      -0.0420278
    0   98        0.222144       0.0242224      -0.0629046
    0   99       -0.012173         -0.1909        0.209457
    0  100        0.414161         0.13881       0.0843534
    0  101       0.0335034       0.0912192       0.0463249
    0  102        0.112509       0.0274289       -0.330474
    0  103       -0.329485       -0.198059       -0.123632
    0  104        0.116923        0.294677       0.0607467
    0  105          0.0713      -0.0347267        0.308326
    0  106        0.136998       -0.189097      -0.0754808
    0  107        -0.21726       -0.109412        0.136515
    0  108       -0.112234       0.0984672       -0.183635
    0  109        0.252382       0.0657126       -0.100126
    0  110        0.186868      -0.0654563     -0.00519267
    0  111      -0.0512696        0.162658         0.16242
    0  112        0.138387        0.109125       0.0406404
    0  113       -0.202356       -0.264432       0.0039508
    0  114      -0.0595886       0.0949918        0.280639
    0  115       0.0909856       -0.266419       -0.256792
    0  116       0.0154101        0.093175       -0.195164
    0  117      -0.0652143        0.267337        0.043623
    0  118       0.0573452      -0.0662149        0.198937
    0  119       0.0264028        0.316277         -0.1401
    0  120       0.0752073       -0.202104      -0.0808879
    0  121        0.430439       -0.113182       -0.046531
    0  122     0.000904076        0.115813       -0.157619
    0  123      -0.0646834       0.0357633        0.178587
    0  124       0.0625799       0.0717978       0.0330604
    0  125      -0.0388702        0.261658      -0.0807076
    0  126       -0.400781       -0.116399        0.167258
    0  127       0.0820704      -0.0593512       -0.102781
    1    0      -0.0409632      -0.0698628       0.0445272
    1    1       -0.149451        0.245327        0.209592
    1    2       -0.168279      -0.0768231       -0.384194
    1    3         0.16708        0.293641        -0.10457
    1    4       0.0569545       -0.267946        0.351606
    1    5       0.0102349       0.0605992        0.262954
    1    6       -0.178195      -0.0839869       0.0887854
    1    7       -0.173591       0.0230292       -0.100786
    1    8      -0.0704738        0.147834        0.185059
    1    9      -0.0591904       -0.187302      -0.0372592
    1   10        0.123471      -0.0762115        0.254533
    1   11      -0.0873648       0.0239583       0.0258052
    1   12       -0.218021      -0.0261117      0.00563374
    1   13       -0.127586        0.129171        0.103373
    1   14        0.105008       -0.153038       0.0232153
    1   15     -0.00978854      -0.0465638       -0.205103
    1   16       -0.149735        0.162572        0.146622
    1   17      -0.0676968      -0.0233674        0.099372
    1   18       -0.198419       -0.248738       -0.257815
    1   19        0.146684      -0.0289824       -0.065448
    1   20       0.0140925       0.0598775        0.213849
    1   21      -0.0429032       -0.261628       -0.047668
    1   22      -0.0416253        -0.26471       -0.124307
    1   23       -0.181945       -0.156912       -0.255746
    1   24      -0.0963204        0.143042       -0.159458
    1   25       0.0740129       -0.199257      0.00456117
    1   26      -0.0661043        0.190572       -0.141059
    1   27       0.0956811       -0.126256       -0.255325
    1   28         0.29408       -0.190936       0.0421622
    1   29        0.129384          0.1965       -0.193109
    1   30        0.183646        0.127528       -0.117421
    1   31         0.11682       -0.123283        0.202921
    1   32       -0.121772        0.206554       -0.113672
    1   33        0.249668       0.0979618       -0.161885
    1   34        0.160701       0.0473692        0.349259
    1   35       -0.285527      -0.0242761      -0.0970214
    1   36         0.32061        0.141303        0.175756
    1   37        0.169274       -0.223079       0.0582894
    1   38      -0.0780132        0.119528      -0.0990341
    1   39      -0.0754034       -0.112632        -0.11137
    1   40      -0.0387745     -0.00896171        0.108317
    1   41        0.021363       -0.147406        0.124334
    1   42        0.161197        0.061909       0.0572873
    1   43       0.0511209       -0.203197       0.0619944
    1   44       -0.115539      -0.0805721       0.0166694
    1   45        0.146884        0.249325      0.00445212
    1   46        0.167032     0.000453156       0.0820801
    1   47       -0.152216        0.242988     -0.00878958
    1   48       -0.395945        0.177795      0.00539985
    1   49      -0.0223134       -0.200337      -0.0411757
    1   50      -0.0514029        -0.40778       0.0124224
    1   51        0.212663      0.00514125       -0.281015
    1   52        0.109485      -0.0398952       0.0929888
    1   53       -0.181925        -0.23134        0.147071
    1   54        0.165701        0.209175        0.247468
    1   55       -0.142122       -0.131634      -0.0380613
    1   56      -0.0363512        0.109838       -0.216415
    1   57        0.290493      -0.0340026        0.197214
    1   58      -0.0411331        0.115607         -0.2574
    1   59        0.168307       0.0765137        0.301814
    1   60       -0.027291        0.171935        0.189306
    1   61        0.269309         -0.4283        0.123325
    1   62          0.1287        0.176778        0.220435
    1   63         0.35796       -0.106071      -0.0728151
    1   64       0.0424988        0.036382          0.1456
    1   65       -0.329287      -0.0662853        0.281241
    1   66       0.0695435        0.267437         0.13797
    1   67       0.0232833        0.118049         0.15249
    1   68       0.0578877       0.0424116        0.320527
    1   69         0.17897       -0.137901        0.140221
    1   70       0.0876485      -0.0626283       0.0659809
    1   71       -0.185852        0.108878       -0.213622
    1   72        0.130257       0.0499213       -0.101236
    1   73        0.115577        0.209001        0.055273
    1   74       0.0129227     -0.00791077       -0.138737
    1   75       0.0586161        0.149244      -0.0279714
    1   76       -0.119163       -0.148886        0.142901
    1   77       -0.140777      -0.0657172     -0.00566103
    1   78        0.102149       0.0895869       -0.159605
    1   79       -0.124338      -0.0293882       -0.219719
    1   80       0.0934598       0.0840633        0.332315
    1   81       0.0500207        0.212482     -0.00711571
    1   82        0.164322        0.130503       -0.234042
    1   83        0.165055        0.124969        0.153657
    1   84       -0.234151       0.0861483        -0.06144
    1   85        0.141699        0.058389       0.0257987
    1   86       -0.132614        0.287066       -0.180554
    1   87        0.256991        0.139883      -0.0140583
    1   88       -0.114299       0.0651185       -0.011216
    1   89         0.19149       0.0335018        0.108297
    1   90       -0.182879       0.0395604       0.0891474
    1   91      -0.0588108        -0.12609       -0.166322
    1   92        0.117173       0.0979938       -0.227605
    1   93       0.0223656       -0.285627       -0.213237
    1   94      0.00755336        0.104402        0.107047
    1   95       -0.155386       -0.478733        0.399741
    1   96      -0.0350869        0.217904      0.00819268
    1   97      -0.0755883       -0.102351      -0.0738732
    1   98        0.201356     -0.00948041        -0.10001
    1   99      -0.0285056       -0.197981        0.236174
    1  100        0.387535        0.113126       0.0721979
    1  101       0.0109045        0.118316      -0.0142273
    1  102        0.139636      -0.0231471       -0.346799
    1  103       -0.272848       -0.290757       -0.104834
    1  104        0.158336        0.281269       0.0688248
    1  105       0.0416255      -0.0496413        0.318722
    1  106        0.132892       -0.194915      -0.0598674
    1  107       -0.196896      -0.0988633        0.178786
    1  108       -0.116403         0.11559       -0.123504
    1  109        0.227673       0.0830118     -0.00364075
    1  110        0.161242       0.0249314     0.000517649
    1  111       -0.148479        0.323488       0.0995449
    1  112        0.120864       0.0943629       0.0651116
    1  113       -0.255543       -0.312674      0.00866079
    1  114       -0.115936        0.150018        0.267646
    1  115       0.0958614       -0.236344       -0.332983
    1  116       0.0676164        0.168463       -0.140668
    1  117      -0.0687257        0.243396       0.0611819
    1  118       0.0842636      -0.0418963        0.233693
    1  119       0.0230793         0.30402       -0.171836
    1  120       0.0825042       -0.240291       -0.140894
    1  121        0.371862       -0.134227      -0.0737837
    1  122      -0.0196646        0.142646       -0.141293
    1  123      -0.0955752      -0.0916863        0.167535
    1  124       0.0408787       0.0426409       0.0377295
    1  125       -0.038286        0.201392      -0.0445394
    1  126       -0.426111       -0.126932        0.169884
    1  127       0.0698455      -0.0366721       -0.100836
    2    0      -0.0420901      -0.0315338      -0.0383075
    2    1        -0.14895        0.265516        0.196363
    2    2      -0.0748223      -0.0861842       -0.440345
    2    3        0.325168        0.343602       0.0574045
    2    4       0.0218906       -0.276706           0.342
    2    5       0.0311441       0.0183163        0.186737
    2    6       -0.177857      -0.0508994        0.133494
    2    7       -0.191726       0.0668991       -0.160698
    2    8      -0.0517676        0.119303        0.196103
    2    9       -0.100994       -0.210368      -0.0508254
    2   10       0.0838233      -0.0439763        0.219477
    2   11      -0.0993098      0.00287301     -0.00413112
    2   12       -0.221532      -0.0195866       0.0068692
    2   13       -0.113212        0.116122         0.10208
    2   14        0.109194       -0.157851      0.00132797
    2   15      -0.0434575      -0.0171172       -0.147203
    2   16       -0.164783        0.187923         0.12786
    2   17      -0.0870836       0.0328148        0.146759
    2   18       -0.246818       -0.280839       -0.309234
    2   19        0.173809      -0.0200723      -0.0593122
    2   20      -0.0117198        0.084443        0.169374
    2   21       -0.015867       -0.264239      -0.0378378
    2   22      -0.0272686       -0.209101      -0.0918346
    2   23      -0.0798344       -0.146785       -0.353709
    2   24       -0.143015        0.183555       -0.170169
    2   25       0.0725591       -0.204595       0.0264372
    2   26      -0.0715263        0.172217       -0.132011
    2   27        0.195088      -0.0876355       -0.295662
    2   28        0.242607        -0.21785       0.0192255
    2   29        0.136707        0.179276       -0.190179
    2   30        0.169106        0.131319       -0.123122
    2   31        0.132563       -0.128811        0.214258
    2   32       -0.212567        0.223775       -0.142171
    2   33        0.330134        0.101881       -0.159097
    2   34        0.108625      0.00901207        0.365264
    2   35       -0.234314       0.0812337      -0.0615378
    2   36        0.290698        0.127672        0.158775
    2   37        0.188215       -0.207388        0.050822
    2   38      -0.0111207        0.115124      -0.0444446
    2   39      0.00177647       -0.116831      -0.0915429
    2   40      -0.0634967      -0.0332619        0.178362
    2   41       0.0573163       -0.138568        0.106309
    2   42        0.203296       0.0636748        0.131365
    2   43       0.0591825       -0.204104       0.0665297
    2   44      -0.0533591      -0.0400247       0.0662105
    2   45        0.102489        0.293331      -0.0440307
    2   46        0.203917      -0.0675037        0.152144
    2   47       -0.170578        0.205943       0.0297073
    2   48       -0.352996        0.136508     -0.00250849
    2   49      -0.0598359       -0.216953       0.0112504
    2   50      -0.0602503       -0.419908      -0.0340573
    2   51        0.233331       0.0108637       -0.173626
    2   52        0.180204      -0.0489762          0.1888
    2   53       -0.195546       -0.272216        0.117637
    2   54        0.155895        0.192343         0.24029
    2   55       -0.142475       -0.116966      -0.0147188
    2   56        -0.03718       0.0876082       -0.232478
    2   57        0.350727      -0.0237602        0.235849
    2   58      -0.0290783         0.12914       -0.236644
    2   59        0.196051       0.0437715        0.261977
    2   60      -0.0394007        0.168414        0.187192
    2   61        0.176055       -0.414634        0.138018
    2   62        0.142741        0.178954        0.235805
    2   63        0.299986      -0.0983494      -0.0346838
    2   64       0.0240003       0.0294532       -0.029871
    2   65       -0.315137       -0.108444        0.280221
    2   66       0.0460755        0.330675        0.103068
    2   67       0.0211158       0.0655363         0.10897
    2   68       0.0925454       0.0708103        0.294481
    2   69       0.0957071      -0.0700819       0.0836314
    2   70       0.0918196       -0.105778      -0.0103553
    2   71      -0.0630007       0.0900197       -0.147955
    2   72        0.118476       0.0129075      -0.0743054
    2   73       0.0997387        0.174029       0.0836527
    2   74        0.112431      -0.0401102       -0.226208
    2   75      0.00863756        0.140712      -0.0308399
    2   76       -0.162931      -0.0845616        0.172615
    2   77        -0.09521        0.114963       0.0407878
    2   78       0.0811894        0.134405       -0.110195
    2   79      -0.0891895      -0.0158176       -0.199382
    2   80        0.143629       0.0488328        0.336368
    2   81       0.0558573        0.299299     -0.00322004
    2   82        0.170751        0.152451       -0.245109
    2   83        0.237816        0.103459        0.217495
    2   84       -0.269734        0.109936      -0.0619911
    2   85        0.195539         0.08954       0.0454106
    2   86       -0.166105        0.278875       -0.153294
    2   87        0.188421      0.00510666      -0.0177593
    2   88       -0.158322        0.151085       0.0699571
    2   89        0.201641       0.0503557       0.0621095
    2   90       -0.186374       0.0370893       0.0828442
    2   91     -0.00612237      -0.0167382       -0.183188
    2   92        0.105254       0.0610145       -0.211986
    2   93       0.0389645       -0.320595       -0.205614
    2   94       0.0374465       0.0666306        0.108215
    2   95       -0.188074       -0.429536        0.386963
    2   96      -0.0316857         0.24316      -0.0471846
    2   97       -0.100857       -0.119958      -0.0773524
    2   98        0.196361       0.0323007      -0.0449136
    2   99      -0.0561811       -0.192717         0.25531
    2  100        0.388391        0.105539       0.0849654
    2  101     -0.00222079        0.151296       0.0585415
    2  102        0.144245        0.052448       -0.365027
    2  103       -0.237757       -0.338038       -0.097989
    2  104        0.225733        0.217237        0.100665
    2  105       0.0197768      -0.0159066         0.32171
    2  106         0.11063       -0.182471      -0.0550566
    2  107       -0.169459      -0.0836027         0.27663
    2  108       -0.123973        0.128333       -0.121094
    2  109        0.233173        0.102272       0.0350511
    2  110        0.134088        0.105111      0.00295542
    2  111       -0.148983        0.366425        0.112289
    2  112        0.156539        0.118166        0.106593
    2  113       -0.262341       -0.311844       0.0547046
    2  114       -0.198099        0.233106        0.245781
    2  115        0.106406       -0.229131       -0.338875
    2  116       0.0924575        0.115696      -0.0715045
    2  117      -0.0706732         0.22372       0.0770934
    2  118        0.110676     -0.00723388        0.258133
    2  119       0.0198465        0.241911       -0.157265
    2  120       0.0623525       -0.295301       -0.138746
    2  121        0.350634       -0.148683      -0.0652562
    2  122      0.00179699        0.188617      -0.0859589
    2  123       -0.124513       -0.227278        0.139209
    2  124      0.00365968     -0.00118936       0.0818999
    2  125      -0.0448483        0.165299      0.00695906
    2  126       -0.423383       -0.105028        0.195358
    2  127     -0.00350151      -0.0833553      -0.0796575
    3    0      -0.0320876        0.036508       -0.185156
    3    1       -0.110191        0.244494        0.184628
    3    2       0.0451177      -0.0879455         -0.4662
    3    3        0.428335        0.355285        0.160374
    3    4     0.000438803       -0.160221        0.318916
    3    5       0.0517315      -0.0153082       0.0980028
    3    6       -0.146814       0.0121793        0.183456
    3    7       -0.199789        0.014277      -0.0321088
    3    8      -0.0270978       0.0886445        0.182293
    3    9       -0.145602       -0.195778      -0.0942772
    3   10        0.131489     -0.00310976        0.167194
    3   11      -0.0838311       0.0309525      0.00602742
    3   12       -0.251665      -0.0389286       0.0222393
    3   13      -0.0894562        0.100858       0.0847668
    3   14        0.144629       -0.163063       0.0170452
    3   15      -0.0302603      0.00404191       -0.124099
    3   16       -0.171964        0.210645       0.0801628
    3   17      -0.0549383       0.0331257        0.168013
    3   18       -0.290575       -0.290479       -0.351664
    3   19        0.202005      -0.0769381       0.0342479
    3   20      -0.0715252         0.11256        0.131178
    3   21      -0.0142492       -0.232895      -0.0532913
    3   22     -0.00363248       -0.156155      -0.0908604
    3   23      -0.0858945       -0.101487       -0.259681
    3   24       -0.178407        0.234927       -0.134979
    3   25       0.0377885       -0.192658       0.0349502
    3   26       -0.106281        0.199425       -0.108414
    3   27        0.209529      -0.0941406       -0.322859
    3   28        0.201263       -0.244207      0.00118909
    3   29        0.196414        0.138917       -0.192138
    3   30       0.0363332       0.0446012       -0.198575
    3   31        0.158894      -0.0820177        0.128871
    3   32        -0.24705          0.2609       -0.160011
    3   33        0.449209        0.104941       -0.113162
    3   34       0.0566363    -0.000694935        0.323214
    3   35       -0.196757       0.0503519      -0.0360145
    3   36        0.284371        0.114315        0.151266
    3   37        0.149714       -0.181674         0.02514
    3   38       0.0190886         0.13703      -0.0490753
    3   39         0.02949        -0.10369       -0.093232
    3   40      -0.0310393       0.0397312         0.19138
    3   41       0.0724236       -0.133779       0.0870668
    3   42        0.251051       0.0776151        0.161158
    3   43        0.174647       -0.159506        0.029005
    3   44      -0.0571759      -0.0728297       0.0770383
    3   45       0.0924628        0.329674      -0.0709245
    3   46        0.226108      -0.0456093        0.191607
    3   47       -0.145462        0.166812      0.00499074
    3   48       -0.306141        0.113621     -0.00250581
    3   49       -0.100019       -0.288039      0.00648929
    3   50      -0.0593027       -0.413885      -0.0457611
    3   51        0.275523       0.0154609       -0.118969
    3   52        0.227708      -0.0324355        0.256986
    3   53       -0.192047       -0.281063       0.0765222
    3   54        0.197488         0.20659        0.154325
    3   55       -0.126026      -0.0722345     -0.00546004
    3   56      -0.0504331         0.15567       -0.168567
    3   57        0.385945      0.00483099        0.245001
    3   58      -0.0403183        0.113211       -0.165283
    3   59        0.181935       0.0551056        0.256869
    3   60      -0.0935583        0.230988        0.125552
    3   61      -0.0122693       -0.358678        0.153825
    3   62        0.135166         0.17608        0.237639
    3   63        0.314656      -0.0956671      -0.0227193
    3   64       0.0239614       0.0422255       -0.112283
    3   65       -0.294603        -0.14563        0.276299
    3   66       0.0668186        0.310513        0.123499
    3   67       0.0404963        0.068177        0.186374
    3   68        0.137267        0.121148         0.22064
    3   69       0.0466527      -0.0377129       0.0396959
    3   70       0.0952457       -0.156072       -0.106133
    3   71         0.13155       0.0787894      -0.0757183
    3   72        0.111162       0.0165139        0.011542
    3   73        0.085502        0.130232        0.115812
    3   74        0.147625     -0.00716312       -0.290115
    3   75        0.066334        0.173851      -0.0205489
    3   76        -0.19102      -0.0608518        0.146906
    3   77      -0.0160881        0.285462        0.110457
    3   78       0.0863283        0.166407       -0.133077
    3   79       -0.069309        0.015024       -0.213029
    3   80        0.180345        0.011997        0.314568
    3   81      -0.0104029         0.18179       -0.084251
    3   82        0.176146        0.178614        -0.22175
    3   83        0.211319        0.145363        0.186167
    3   84         -0.3138        0.141204      -0.0662558
    3   85        0.256669        0.120747       0.0689148
    3   86       -0.221404         0.31726       -0.147734
    3   87        0.166597      -0.0437349      -0.0302349
    3   88        -0.19355        0.172732        0.115109
    3   89        0.258529       0.0779744       0.0635992
    3   90       -0.143087       0.0677517        0.184151
    3   91       0.0499741       0.0860412       -0.201913
    3   92        0.125263       0.0197716       -0.201042
    3   93        0.101694       -0.308575       -0.186128
    3   94     -0.00153853        0.103763        0.141184
    3   95      -0.0748117       -0.373118        0.313891
    3   96       -0.026909         0.27583      -0.0890403
    3   97       -0.103526       -0.143369        -0.04322
    3   98        0.207493        0.129563       0.0360739
    3   99      -0.0674333       -0.177366        0.243223
    3  100        0.359498       0.0585443       0.0727805
    3  101       0.0131665        0.162362        0.236964
    3  102        0.155654        0.167272       -0.383417
    3  103       -0.280198       -0.294093       -0.097165
    3  104        0.270846        0.189031        0.127588
    3  105      0.00320371       0.0010667        0.316356
    3  106       0.0887827        -0.17908      -0.0593679
    3  107       -0.162546       -0.114374        0.318721
    3  108       -0.132471        0.134203        -0.18055
    3  109        0.277551        0.101303      -0.0135392
    3  110        0.143832        0.103756       0.0142391
    3  111         -0.0585        0.315122        0.188735
    3  112         0.19183        0.150582        0.132885
    3  113       -0.254324       -0.290353        0.107357
    3  114       -0.199125        0.229327        0.264406
    3  115        0.125165       -0.238573        -0.24097
    3  116       0.0969757       0.0553011      -0.0262662
    3  117      -0.0641847        0.212514       0.0953235
    3  118          0.1063      -0.0243864         0.23551
    3  119       0.0147878        0.209814       -0.131551
    3  120       0.0298995       -0.364687       -0.106192
    3  121        0.302746       -0.144888      -0.0801127
    3  122       -0.034055        0.236675      -0.0576255
    3  123       -0.124152       -0.244681        0.156202
    3  124      -0.0184552      0.00733473        0.168418
    3  125      -0.0529122        0.154238       0.0168821
    3  126       -0.381218      -0.0847362        0.209436
    3  127      -0.0823384       -0.142495      -0.0605139
    4    0      -0.0565532        0.051715       -0.259167
    4    1      -0.0626566        0.201838         0.17374
    4    2       0.0631936       -0.086802       -0.515642
    4    3        0.321489        0.316263       0.0285603
    4    4      -0.0177159      -0.0828665        0.289943
    4    5       0.0629563      -0.0305638        0.123468
    4    6       -0.152559       0.0226522         0.20149
    4    7        -0.19503      -0.0434631        0.118353
    4    8       0.0092455       0.0490013        0.140803
    4    9       -0.190858        -0.18653        -0.13381
    4   10        0.212871       0.0233293        0.131488
    4   11      -0.0664342       0.0976514       0.0390615
    4   12       -0.308545      -0.0717335       0.0538711
    4   13      -0.0779093        0.116482       0.0782176
    4   14        0.206285       -0.176135       0.0619858
    4   15       0.0319592      0.00929252       -0.130099
    4   16       -0.169975        0.221251       0.0768424
    4   17      0.00263537        -0.02063         0.17197
    4   18       -0.281024       -0.280579       -0.362073
    4   19        0.242367       -0.157969       0.0727868
    4   20      -0.0677565        0.116863        0.115871
    4   21      -0.0306225       -0.201013      -0.0816504
    4   22     -0.00120283       -0.149916      -0.0988088
    4   23       -0.132476      -0.0216612      -0.0594632
    4   24       -0.186575        0.281727      -0.0917794
    4   25       0.0137541       -0.177823       0.0440361
    4   26       -0.137964        0.238404      -0.0931414
    4   27          0.1134       -0.163943       -0.329415
    4   28         0.18226       -0.261739    -0.000479949
    4   29        0.247201         0.10455       -0.150493
    4   30      -0.0533007      -0.0232929       -0.231586
    4   31        0.206922      -0.0563286       0.0603273
    4   32       -0.224956        0.321433       -0.164166
    4   33         0.54559       0.0661541       -0.163241
    4   34        0.022479      0.00441111        0.285905
    4   35       -0.176707      -0.0892809      -0.0339553
    4   36        0.321394        0.116622        0.158418
    4   37        0.112912       -0.178919     -0.00441194
    4   38          0.0416         0.17688       -0.053187
    4   39        0.012097      -0.0748515       -0.138064
    4   40       0.0279557        0.153484        0.181173
    4   41       0.0659351       -0.137052       0.0721481
    4   42        0.299454       0.0993599        0.112565
    4   43        0.271941       -0.116927      0.00161154
    4   44       -0.129169       -0.175885       0.0670602
    4   45        0.136769        0.330516      -0.0395746
    4   46        0.229814       0.0931568        0.191183
    4   47       -0.120372         0.13864      -0.0195303
    4   48       -0.295064        0.152522       0.0339348
    4   49       -0.145036       -0.355384    -0.000297575
    4   50      -0.0833549       -0.372606      -0.0214582
    4   51        0.292718       0.0129701       -0.196783
    4   52         0.26461       0.0205845         0.30159
    4   53       -0.183909       -0.254447        0.048562
    4   54        0.205083        0.200009       0.0813827
    4   55       -0.115729      -0.0533189      -0.0198816
    4   56      -0.0658252        0.233019      -0.0963713
    4   57        0.376509        0.032485        0.224875
    4   58      -0.0544295        0.143362       -0.120121
    4   59        0.160922       0.0697597        0.252834
    4   60       -0.134183        0.271406       0.0686494
    4   61      -0.0844975       -0.318842        0.162482
    4   62        0.121053        0.173916        0.234671
    4   63        0.370186        -0.10117      -0.0338568
    4   64        0.059932       0.0597071      -0.0418806
    4   65       -0.271822       -0.141421        0.247895
    4   66        0.132789        0.223241        0.189058
    4   67       0.0693005       0.0563425        0.290864
    4   68        0.136483        0.137663        0.185554
    4   69       0.0227587     -0.00799881      0.00507865
    4   70        0.126758       -0.180457       -0.128058
    4   71        0.188596       0.0663952      -0.0387314
    4   72       0.0840741       0.0304905        0.066062
    4   73       0.0864734        0.146859        0.135957
    4   74       0.0527919        0.119659       -0.301422
    4   75        0.170419        0.231228    -0.000453615
    4   76       -0.168262      -0.0739915       0.0632369
    4   77      -0.0692238        0.282134         0.12778
    4   78       0.0657826        0.101921       -0.131146
    4   79      -0.0661738       0.0104369       -0.224556
    4   80        0.188365      -0.0241904        0.271416
    4   81      -0.0804535       0.0746956       -0.174716
    4   82        0.168221        0.190243       -0.173532
    4   83        0.141296          0.2376        0.115085
    4   84       -0.313357        0.133566       -0.081242
    4   85        0.278701       0.0841769       0.0812101
    4   86       -0.235883        0.355867       -0.148108
    4   87         0.19235       0.0265468      -0.0670807
    4   88        -0.23642        0.133585       0.0917924
    4   89        0.292019       0.0804069       0.0775056
    4   90      -0.0939015       0.0963203        0.261743
    4   91       0.0046737       0.0233891        -0.14167
    4   92        0.131178     -0.00145676       -0.194698
    4   93        0.163534       -0.274546       -0.165279
    4   94       -0.090872        0.185677        0.183981
    4   95     -0.00506458       -0.318617         0.24253
    4   96      -0.0116452        0.263487      -0.0468721
    4   97       -0.103942       -0.163723       0.0036158
    4   98        0.208011        0.151352       0.0453285
    4   99      -0.0496398       -0.155343        0.196937
    4  100         0.32174       0.0055838       0.0626163
    4  101      0.00960458        0.165431        0.284875
    4  102        0.195152        0.133001        -0.40163
    4  103       -0.343201        -0.18823       -0.115277
    4  104        0.275076        0.225341         0.14867
    4  105      -0.0122346      -0.0138288        0.291438
    4  106       0.0753934       -0.190132      -0.0643696
    4  107       -0.169128       -0.173944        0.252234
    4  108       -0.120494        0.116775        -0.22634
    4  109        0.318014        0.107194      -0.0906556
    4  110        0.188334       0.0285079       0.0439996
    4  111      -0.0053473         0.26193        0.242988
    4  112        0.189114        0.153999       0.0964889
    4  113       -0.265545        -0.27414        0.116676
    4  114       -0.114765        0.135614        0.317234
    4  115        0.146375       -0.256771       -0.168456
    4  116       0.0646303       0.0523375      -0.0553508
    4  117      -0.0587459        0.212231        0.105397
    4  118        0.079116       -0.086801        0.168945
    4  119      0.00350682        0.255175       -0.125967
    4  120        0.006245       -0.379674      -0.0959251
    4  121        0.255762       -0.166153       -0.079213
    4  122      -0.0631037        0.290981      -0.0687592
    4  123      -0.0975343         -0.1437        0.209062
    4  124      -0.0132314       0.0788831        0.281463
    4  125      -0.0579034        0.163592      -0.0323514
    4  126       -0.325286      -0.0775866        0.194508
    4  127       -0.107741       -0.189126         -0.1068
    5    0       -0.160165      7.9802e-05        -0.16466
    5    1      -0.0386841        0.175712        0.139313
    5    2      -0.0555863      -0.0615316       -0.594799
    5    3        0.169481        0.269709       -0.151736
    5    4      -0.0330943       -0.139575        0.271062
    5    5       0.0520984      -0.0420266        0.235437
    5    6       -0.201677      -0.0238883        0.198944
    5    7       -0.229881      -0.0343533        0.118981
    5    8       0.0516476       0.0137442        0.113145
    5    9       -0.237241       -0.213656        -0.15809
    5   10        0.212461       0.0442095       0.0932435
    5   11      -0.0185479        0.161072       0.0537239
    5   12       -0.343606      -0.0696762       0.0587678
    5   13      -0.0816214        0.152592       0.0856951
    5   14        0.252743       -0.197737        0.100479
    5   15       0.0593527      -0.0105303        -0.15826
    5   16       -0.183596        0.218561        0.132723
    5   17       0.0429331      -0.0728806        0.217508
    5   18       -0.232169       -0.263424       -0.339577
    5   19        0.293622       -0.158525       0.0300772
    5   20      -0.0153283        0.106157        0.141115
    5   21      -0.0407512       -0.201758       -0.101985
    5   22       0.0172278       -0.205336      -0.0725236
    5   23       -0.135774       0.0102644       0.0354728
    5   24       -0.191263        0.307687      -0.0899791
    5   25       0.0268644       -0.180107       0.0580418
    5   26       -0.122373        0.240496       -0.120656
    5   27       0.0332066       -0.217046       -0.324293
    5   28        0.185693       -0.266141       0.0153288
    5   29        0.230966        0.082916       -0.136557
    5   30      -0.0389856      -0.0270495       -0.181094
    5   31        0.252663      -0.0812884       0.0791452
    5   32       -0.178685        0.338458       -0.145362
    5   33        0.567881      0.00499572       -0.284741
    5   34     -0.00582133       0.0137958        0.325336
    5   35       -0.109156       -0.150557      -0.0321032
    5   36        0.393116        0.123311        0.176179
    5   37        0.121334       -0.211019      0.00224546
    5   38       0.0614238        0.190147        -0.05608
    5   39      -0.0126638      -0.0709138       -0.189918
    5   40       0.0467063        0.191415        0.192824
    5   41       0.0798694        -0.13238       0.0608177
    5   42        0.307289        0.108851       0.0639222
    5   43        0.278793       -0.121094      0.00143604
    5   44       -0.179264       -0.235273        0.111763
    5   45        0.185811        0.303962      0.00301077
    5   46        0.229512        0.206546        0.189659
    5   47         -0.1162        0.101316     -0.00765522
    5   48       -0.286909        0.195288       0.0746073
    5   49       -0.168745       -0.362106       0.0117626
    5   50       -0.116109       -0.321817      0.00967372
    5   51          0.3051       0.0228333       -0.298391
    5   52        0.267795       0.0422748        0.322367
    5   53        -0.15204       -0.215688      0.00666327
    5   54        0.169253        0.155957       0.0605437
    5   55       -0.137445      -0.0911119      -0.0560868
    5   56      -0.0619817         0.22071       -0.109688
    5   57        0.324287        0.041499        0.214086
    5   58      -0.0606139         0.16881       -0.144801
    5   59        0.162387       0.0706704        0.247807
    5   60       -0.130428        0.279744       0.0879821
    5   61       0.0183668       -0.322426        0.140618
    5   62        0.125909         0.17467        0.234126
    5   63        0.410896      -0.0964901      -0.0296959
    5   64        0.116521       0.0764596        0.127564
    5   65       -0.244986       -0.129318        0.208827
    5   66        0.171809        0.180363         0.22049
    5   67        0.101318       0.0173942        0.286637
    5   68       0.0905262        0.108831        0.202306
    5   69        0.031188      0.00688383     -0.00367535
    5   70        0.172322       -0.171645      -0.0640369
    5   71       0.0815056       0.0628992       -0.038996
    5   72        0.090947       0.0323948       0.0386364
    5   73       0.0859062        0.233277        0.130435
    5   74      -0.0448877        0.234043       -0.298318
    5   75        0.183698        0.248959      0.00612132
    5   76       -0.138724      -0.0867602     -0.00284799
    5   77       -0.192253         0.14885         0.12103
    5   78       0.0549812       0.0222302       -0.137428
    5   79      -0.0897339      -0.0294206       -0.227383
    5   80        0.179384      -0.0390407        0.233893
    5   81      -0.0497638       0.0887913       -0.178337
    5   82        0.143426        0.174871       -0.126916
    5   83        0.135022        0.275645       0.0990783
    5   84       -0.272803       0.0880145      -0.0932354
    5   85        0.262393       0.0106897       0.0829507
    5   86        -0.18192        0.336234       -0.152645
    5   87        0.245118        0.129368       -0.126556
    5   88        -0.25577       0.0831493       0.0608931
    5   89        0.245231       0.0486576       0.0842753
    5   90      -0.0896179       0.0972969         0.21354
    5   91      -0.0663568        -0.12794      -0.0816497
    5   92        0.123152       0.0169298       -0.173875
    5   93        0.192992       -0.299593       -0.150042
    5   94       -0.119632        0.237677        0.244694
    5   95      -0.0765795       -0.237969        0.217425
    5   96      0.00141825        0.257174        0.035941
    5   97         -0.1273       -0.193394       0.0139323
    5   98        0.220981       0.0901266      -0.0467094
    5   99      -0.0515706       -0.136879        0.169458
    5  100        0.296739      -0.0215171       0.0382991
    5  101      -0.0481394        0.160308        0.150524
    5  102        0.234963      -0.0264469       -0.412653
    5  103       -0.332418       -0.120764      -0.0989535
    5  104        0.240184        0.283212        0.159596
    5  105      0.00512555      -0.0535538         0.23994
    5  106       0.0697955        -0.23622      -0.0669676
    5  107       -0.176299       -0.217856        0.156239
    5  108       -0.110993        0.144537       -0.210758
    5  109        0.317915        0.120485      -0.0901429
    5  110        0.223604      -0.0257725       0.0646229
    5  111      -0.0201316        0.215136        0.192468
    5  112        0.184383        0.142677       0.0260309
    5  113       -0.295167       -0.266781       0.0613143
    5  114      -0.0609506       0.0864404        0.333003
    5  115        0.154051        -0.23647        -0.19717
    5  116       0.0136821       0.0679966       -0.158641
    5  117      -0.0521761        0.223906        0.114725
    5  118       0.0618569       -0.104193        0.122022
    5  119      -0.0144625        0.335565       -0.128478
    5  120       0.0128163       -0.328854       -0.135508
    5  121        0.207309        -0.17629      -0.0775983
    5  122      -0.0844326        0.325244       -0.105402
    5  123       -0.070677      -0.0803604        0.243865
    5  124      -0.0119349        0.177279        0.408401
    5  125      -0.0755267        0.183706      -0.0826292
    5  126       -0.252333      -0.0607115        0.184336
    5  127      -0.0665989       -0.209268       -0.204907
    6    0       -0.175696      -0.0425425      -0.0619793
    6    1      -0.0492489        0.178335       0.0909339
    6    2       -0.145576      -0.0278258       -0.596316
    6    3        0.139734        0.220732       -0.145271
    6    4      -0.0564785       -0.254207        0.290539
    6    5       0.0486192       -0.051538        0.287149
    6    6       -0.267449      -0.0845205        0.184307
    6    7       -0.258552       0.0358857      -0.0130794
    6    8       0.0948486      -0.0128012        0.126444
    6    9       -0.257855       -0.238083       -0.155887
    6   10        0.128363       0.0485003       0.0829676
    6   11       -0.067938          0.1705       0.0415325
    6   12       -0.363106      -0.0338315        0.025028
    6   13      -0.0777626        0.184361         0.08903
    6   14        0.256029       -0.232291       0.0909605
    6   15     -0.00509076      -0.0479976       -0.204663
    6   16       -0.189291        0.201865        0.182979
    6   17       0.0275193      -0.0625668        0.299994
    6   18       -0.176078       -0.227466       -0.285421
    6   19        0.325996      -0.0698514     -0.00136643
    6   20       0.0525778       0.0908612        0.194105
    6   21      -0.0416111       -0.247384       -0.102423
    6   22      -0.0103025       -0.262518       -0.120383
    6   23      -0.0965432      -0.0264588      -0.0537848
    6   24       -0.196279        0.308084       -0.126741
    6   25        0.060476       -0.204947       0.0629301
    6   26      -0.0708278        0.213912       -0.183255
    6   27       0.0480751       -0.220171       -0.326865
    6   28        0.220971       -0.253384       0.0529826
    6   29        0.183761       0.0725014       -0.117867
    6   30       0.0615212       0.0406432       -0.058214
    6   31        0.273216       -0.127228        0.159357
    6   32       -0.176105        0.283377       -0.112544
    6   33        0.566027     -0.00396187         -0.3636
    6   34      -0.0359461       0.0228449        0.381473
    6   35      -0.0370411      -0.0553622      0.00441702
    6   36        0.433745        0.113334        0.173368
    6   37        0.154972       -0.264878       0.0220246
    6   38       0.0870813        0.177061      -0.0552713
    6   39      -0.0107491       -0.106192        -0.22845
    6   40        0.051941        0.150351        0.242985
    6   41        0.119319       -0.119274       0.0587543
    6   42        0.260699         0.09888       0.0630449
    6   43        0.189906       -0.168187       0.0328757
    6   44      -0.0938078       -0.272997        0.194335
    6   45         0.17989        0.296618     -0.00786963
    6   46        0.256322        0.231599        0.240121
    6   47       -0.112714        0.060371      -0.0295868
    6   48       -0.265448         0.18922        0.086508
    6   49       -0.185807       -0.318049       0.0453775
    6   50       -0.128176       -0.231821       0.0359161
    6   51        0.301696       0.0293902       -0.298797
    6   52        0.244514       0.0022449        0.331516
    6   53       -0.150522       -0.221934      -0.0283688
    6   54       0.0832766       0.0706574        0.106572
    6   55       -0.157549       -0.140256      -0.0889291
    6   56      -0.0507612         0.13827        -0.19973
    6   57        0.262804       0.0341846        0.219139
    6   58      -0.0630751        0.210688       -0.187503
    6   59        0.179788       0.0623282        0.247681
    6   60      -0.0866235        0.240784        0.161697
    6   61        0.159266       -0.331269        0.099678
    6   62        0.147076        0.180824        0.240343
    6   63        0.412269      -0.0738526       0.0340303
    6   64        0.151724        0.112265        0.185144
    6   65       -0.218735        -0.12217         0.19407
    6   66        0.136199         0.22188        0.181295
    6   67        0.116757      -0.0173536        0.190302
    6   68       0.0305018       0.0658337        0.228776
    6   69       0.0350054      0.00358355       0.0109561
    6   70        0.208017       -0.142395       0.0062404
    6   71       -0.148023         0.09433      -0.0661554
    6   72        0.109405      -0.0168078     -0.00157548
    6   73       0.0759721        0.304117        0.129287
    6   74      -0.0312321        0.286786       -0.331139
    6   75       0.0730707        0.222345     0.000213246
    6   76       -0.148087      -0.0650314      -0.0223423
    6   77       -0.248931       0.0526988        0.113722
    6   78       0.0660106     -0.00941609       -0.138748
    6   79       -0.133193      -0.0842028       -0.231793
    6   80        0.178986       -0.044943        0.223953
    6   81     -0.00487601        0.212874         -0.1503
    6   82        0.102645        0.150592       -0.106608
    6   83        0.206778        0.252813        0.157307
    6   84       -0.266859       0.0654446       -0.111956
    6   85        0.243342      -0.0199714       0.0906148
    6   86       -0.113022        0.321946       -0.173848
    6   87        0.211137        0.110608        -0.14563
    6   88       -0.254006        0.101057       0.0749871
    6   89        0.197771       0.0103591        0.096791
    6   90       -0.119168       0.0279609        0.110658
    6   91      -0.0896201       -0.220783      -0.0911652
    6   92        0.114027       0.0523128       -0.147336
    6   93        0.178159       -0.365659       -0.120411
    6   94      -0.0615444        0.231854        0.303694
    6   95       -0.218479       -0.194681        0.226086
    6   96       0.0178685        0.260125       0.0706978
    6   97       -0.172356       -0.214002      -0.0108654
    6   98        0.210181      -0.0142711       -0.130402
    6   99      -0.0731653       -0.124746        0.195564
    6  100         0.28075      -0.0439147       0.0280838
    6  101      -0.0722231        0.159411       0.0442904
    6  102        0.249862      -0.0932514       -0.429939
    6  103        -0.23259       -0.146655      -0.0608455
    6  104        0.217675        0.277016        0.140472
    6  105     0.000577408      -0.0869756        0.188202
    6  106       0.0491259       -0.265268      -0.0806115
    6  107         -0.1603        -0.23949        0.166271
    6  108      -0.0999917        0.178829        -0.17344
    6  109        0.277996        0.140219       -0.013207
    6  110        0.181219       0.0165836       0.0562741
    6  111       -0.100102        0.178488        0.072076
    6  112        0.201526        0.156455       -0.022513
    6  113       -0.319542       -0.250292      0.00150132
    6  114       -0.088519        0.116546        0.314552
    6  115        0.148748       -0.185666       -0.263726
    6  116      -0.0798109       0.0935275       -0.246752
    6  117      -0.0526198        0.240624        0.126439
    6  118       0.0779276      -0.0467528        0.116857
    6  119      -0.0416096        0.366537      -0.0971899
    6  120       0.0276556       -0.250242       -0.157464
    6  121        0.197684       -0.169235      -0.0699928
    6  122       -0.101969        0.332819       -0.126858
    6  123      -0.0540148       -0.109766        0.202733
    6  124      0.00112949        0.237621         0.47422
    6  125      -0.0968292        0.220459      -0.0940643
    6  126       -0.186129      -0.0318723        0.198563
    6  127      -0.0797127       -0.222926       -0.287193
    7    0       -0.148342       -0.045347      -0.0463189
    7    1       -0.075684        0.188773       0.0560278
    7    2       -0.114936     -0.00858761       -0.511836
    7    3        0.233403        0.184989      0.00175625
    7    4       -0.064405       -0.277154        0.302237
    7    5       0.0881343      -0.0778759        0.236701
    7    6       -0.273833      -0.0787885        0.183892
    7    7        -0.28757        0.120993       -0.143828
    7    8        0.126823      -0.0247739        0.143098
    7    9       -0.269903        -0.24784        -0.15348
    7   10       0.0690091        0.037215        0.100766
    7   11       -0.114031        0.147465       0.0162102
    7   12       -0.356745     -0.00140022     -0.00532451
    7   13       -0.063257        0.193909       0.0817761
    7   14        0.247658       -0.267976       0.0806603
    7   15       -0.115404       -0.105468       -0.267298
    7   16       -0.176485        0.183167        0.170256
    7   17     -0.00778046      -0.0128458        0.401257
    7   18        -0.16268       -0.187564        -0.24662
    7   19        0.355456       0.0107955      -0.0239394
    7   20        0.047415       0.0922804        0.202339
    7   21      -0.0499111       -0.292386      -0.0918072
    7   22      -0.0311836       -0.289365       -0.220363
    7   23      -0.0233736       -0.087226       -0.224199
    7   24       -0.193427        0.277108       -0.155032
    7   25       0.0694488        -0.23122       0.0399712
    7   26      -0.0313487        0.227118       -0.240275
    7   27        0.150454       -0.182701       -0.336123
    7   28        0.264133       -0.238822       0.0996677
    7   29        0.169246       0.0706673       -0.105028
    7   30        0.132498        0.086406       0.0606117
    7   31        0.286707       -0.144492        0.196903
    7   32       -0.192897        0.191861      -0.0825467
    7   33        0.558744      -0.0092774       -0.300503
    7   34      -0.0655418       0.0176079          0.3613
    7   35       0.0160342       0.0612867       0.0292348
    7   36        0.460849       0.0779822        0.148765
    7   37        0.154477       -0.321365       0.0339871
    7   38         0.10958        0.175376      -0.0523498
    7   39        0.033219       -0.156027       -0.237143
    7   40       0.0399471       0.0852036        0.276814
    7   41        0.163754       -0.121987       0.0596535
    7   42        0.188117       0.0539135        0.104177
    7   43       0.0762356       -0.191007       0.0491368
    7   44       0.0105221       -0.294166        0.277929
    7   45        0.126744        0.320119      -0.0638745
    7   46         0.27858        0.158108        0.313536
    7   47        -0.14079       0.0451669     -0.00363199
    7   48       -0.237977        0.141688       0.0555882
    7   49       -0.177949       -0.278028       0.0501163
    7   50      -0.0922926       -0.153856       0.0690543
    7   51        0.296932       0.0271947       -0.196607
    7   52        0.191318       -0.056394        0.325645
    7   53       -0.175126       -0.257824       -0.042502
    7   54       0.0276885       0.0260515        0.158162
    7   55       -0.161991       -0.151005       -0.125766
    7   56      -0.0464365       0.0928782       -0.260243
    7   57        0.187738       0.0179322        0.226489
    7   58       -0.105717         0.22884       -0.157762
    7   59        0.206299       0.0567433         0.25191
    7   60      -0.0544337        0.215623         0.21045
    7   61         0.17717       -0.305017       0.0769278
    7   62        0.158756        0.191129        0.255559
    7   63        0.401488      -0.0549558        0.108511
    7   64        0.136221        0.146933        0.042511
    7   65       -0.210727       -0.156364        0.215711
    7   66       0.0803567        0.284178        0.125998
    7   67        0.122142      -0.0439197        0.135345
    7   68       0.0265804       0.0727299        0.204881
    7   69       0.0091262      -0.0396289       0.0342338
    7   70        0.173768       -0.136749       0.0155446
    7   71       -0.238648        0.136524      -0.0988349
    7   72        0.143191      -0.0458256      -0.0390884
    7   73        0.051246        0.293362        0.149253
    7   74       0.0933976        0.245178        -0.35491
    7   75     -0.00438831        0.189242      -0.0115224
    7   76       -0.210145      -0.0256213     -0.00911642
    7   77       -0.171828        0.118719       0.0998812
    7   78        0.110511       0.0121309       -0.132141
    7   79       -0.173765       -0.107036        -0.23665
    7   80        0.197391      -0.0326354        0.256293
    7   81       0.0411071        0.311839       -0.102108
    7   82       0.0684239        0.139684        -0.10916
    7   83        0.297587        0.208384        0.241984
    7   84       -0.306692        0.085536        -0.12226
    7   85         0.23649      0.00639078        0.114139
    7   86      -0.0838219        0.363576       -0.203086
    7   87        0.110493    -0.000454313       -0.112005
    7   88       -0.236805        0.159456        0.139511
    7   89        0.206103     -0.00742056        0.143996
    7   90       -0.129451       0.0298198       0.0707957
    7   91      -0.0385505       -0.211238        -0.16139
    7   92        0.133496       0.0833821       -0.187229
    7   93        0.163542       -0.393011      -0.0773415
    7   94     -0.00628544         0.21456        0.349003
    7   95       -0.287973       -0.155921        0.229514
    7   96       0.0482833        0.287429       0.0218024
    7   97       -0.205465         -0.2276      -0.0544058
    7   98        0.200997      -0.0190936       -0.128253
    7   99      -0.0839539       -0.118029        0.232384
    7  100        0.285643      -0.0398309       0.0221402
    7  101      -0.0741148        0.135774       0.0735157
    7  102        0.253063      -0.0274863       -0.424458
    7  103       -0.168464        -0.16526      -0.0275072
    7  104        0.213025          0.1973        0.115563
    7  105       0.0110178      -0.0708415          0.1607
    7  106       0.0251215       -0.268958      -0.0952037
    7  107       -0.109012       -0.254942        0.266798
    7  108      -0.0897186        0.195238       -0.166608
    7  109        0.242034        0.152886       0.0396731
    7  110        0.142187        0.147519       0.0766711
    7  111       -0.151282        0.114933      -0.0157351
    7  112        0.274921         0.20739      -0.0347988
    7  113       -0.281693        -0.18625      -0.0329313
    7  114       -0.171816        0.200802        0.270757
    7  115        0.160331        -0.15678       -0.265532
    7  116         -0.1537       0.0300002       -0.281962
    7  117      -0.0595753        0.257077        0.132591
    7  118        0.101662        0.038807         0.14404
    7  119       -0.075601        0.345412       -0.025094
    7  120       0.0304652       -0.186408         -0.1211
    7  121         0.22837       -0.146308       -0.051557
    7  122         -0.1185        0.317677       -0.122661
    7  123      -0.0263777       -0.190931        0.118043
    7  124      0.00901631         0.26971        0.479465
    7  125       -0.124635        0.272608      -0.0462352
    7  126       -0.167695      0.00312617        0.207111
    7  127       -0.128837       -0.276165       -0.302311
    8    0      -0.0588287       0.0100568        -0.12286
    8    1      -0.0813684        0.184452       0.0678524
    8    2      -0.0329802     -0.00412819       -0.371484
    8    3        0.352229        0.161553        0.146163
    8    4      -0.0443495       -0.168704        0.280179
    8    5        0.137952      -0.0964155        0.161582
    8    6        -0.23206      -0.0200083        0.185335
    8    7       -0.281119         0.10283      -0.0964196
    8    8        0.130839      -0.0197734        0.159688
    8    9       -0.257577       -0.242188       -0.161208
    8   10       0.0861181       0.0109818        0.137242
    8   11       -0.107929        0.145166       0.0190354
    8   12       -0.366539     -0.00815139         0.01602
    8   13      -0.0347893        0.177117       0.0602995
    8   14        0.224548       -0.280862       0.0810766
    8   15       -0.185767       -0.164616       -0.332057
    8   16       -0.124012        0.188191        0.125085
    8   17      0.00166155     2.78003e-05        0.424794
    8   18       -0.161844       -0.114017       -0.186347
    8   19         0.34823      -0.0139234      0.00456176
    8   20      -0.0308576        0.111073        0.170406
    8   21      -0.0840681       -0.290534      -0.0998876
    8   22      -0.0275415       -0.334928        -0.34857
    8   23      -0.0351135       -0.117188       -0.238838
    8   24       -0.172393         0.24792       -0.138624
    8   25       0.0326182       -0.243423     -0.00235584
    8   26      -0.0348621         0.27024       -0.244835
    8   27        0.197886       -0.167248       -0.318876
    8   28         0.30422       -0.234878        0.143455
    8   29        0.215031        0.083865       -0.103276
    8   30       0.0851129        0.061148       0.0433271
    8   31        0.305428       -0.109508        0.138853
    8   32        -0.17133        0.112354       -0.063132
    8   33        0.535178     -0.00582247       -0.162267
    8   34      -0.0786122       0.0642795        0.323624
    8   35       0.0125969       0.0719598       0.0196798
    8   36        0.481118       0.0608232        0.123431
    8   37       0.0894998       -0.355399       0.0403349
    8   38        0.114955        0.202042      -0.0415315
    8   39       0.0608998        -0.19543       -0.257483
    8   40       0.0458994        0.071491        0.260277
    8   41        0.186418       -0.135327        0.057163
    8   42         0.12355       0.0334869        0.135012
    8   43        0.158618       -0.162284       0.0405467
    8   44      0.00774467        -0.32167        0.295935
    8   45       0.0856595        0.323975       -0.102892
    8   46        0.265079        0.113752        0.342806
    8   47       -0.177725       0.0617615      0.00629273
    8   48       -0.238717        0.115697       0.0334782
    8   49       -0.152878       -0.279619     -0.00640329
    8   50       -0.105158      -0.0915728       0.0997402
    8   51        0.289561       0.0252172       -0.142078
    8   52        0.151586      -0.0636122         0.28688
    8   53       -0.199884       -0.272301      -0.0408872
    8   54       0.0336654       0.0353513        0.149861
    8   55       -0.144925       -0.124182       -0.153128
    8   56      -0.0500456        0.136448        -0.24171
    8   57        0.117567       0.0030844        0.216986
    8   58       -0.169295        0.210314      -0.0976172
    8   59        0.190627       0.0615675        0.254008
    8   60      -0.0655366        0.239385        0.188148
    8   61       0.0531695       -0.227121       0.0576917
    8   62        0.144703         0.19805        0.261939
    8   63        0.432083      -0.0446809        0.129147
    8   64        0.115781        0.178397       -0.101372
    8   65       -0.210958       -0.167579        0.242074
    8   66       0.0770804        0.281641        0.125333
    8   67        0.124204      -0.0685195        0.199745
    8   68       0.0610616        0.116044        0.133487
    8   69      -0.0249299      -0.0864822       0.0651682
    8   70        0.101833       -0.138242      -0.0365768
    8   71      -0.0477014        0.149264       -0.106484
    8   72        0.158451      0.00837227      -0.0218152
    8   73       0.0259673        0.229395        0.175369
    8   74        0.226511        0.181936        -0.35778
    8   75       0.0349602        0.194097      -0.0144271
    8   76       -0.265072      -0.0247652     -0.00817531
    8   77      -0.0288754        0.246984       0.0678634
    8   78        0.161917     0.000908136      -0.0681464
    8   79       -0.199482      -0.0779602       -0.278071
    8   80        0.197211       -0.022824        0.292187
    8   81      0.00968546        0.239874       -0.114991
    8   82       0.0544353        0.136688       -0.123052
    8   83        0.288062        0.229189        0.234729
    8   84       -0.373037        0.109709       -0.121968
    8   85        0.243335       0.0678726        0.146244
    8   86       -0.100085        0.450311       -0.229327
    8   87       0.0676018       -0.054663      -0.0839794
    8   88       -0.189794        0.177057        0.181486
    8   89        0.275372    -0.000255215        0.198578
    8   90       -0.104487        0.106968        0.120194
    8   91       0.0717882       -0.127907       -0.241632
    8   92           0.174       0.0957205       -0.216666
    8   93        0.162847       -0.367457      -0.0365973
    8   94       -0.022294        0.227506        0.346359
    8   95       -0.221827       -0.135799        0.178248
    8   96       0.0801695        0.302178      -0.0395489
    8   97       -0.206298       -0.225474      -0.0661973
    8   98        0.195997        0.048103      -0.0404264
    8   99      -0.0749617       -0.115831        0.243621
    8  100        0.310243      -0.0224825        0.014186
    8  101      -0.0674988       0.0908309        0.213401
    8  102        0.306962        0.135374        -0.40005
    8  103       -0.172978       -0.147637      -0.0377166
    8  104        0.195185        0.142175       0.0963103
    8  105       0.0273683      -0.0319476        0.153902
    8  106     -0.00696636       -0.255756       -0.113969
    8  107       -0.039816       -0.253988        0.321633
    8  108      -0.0820286        0.194141       -0.223167
    8  109        0.260864        0.164039       0.0158714
    8  110        0.112178         0.17353       0.0666146
    8  111      -0.0870017      -0.0120869      -0.0223664
    8  112        0.330021        0.253767      -0.0387952
    8  113       -0.225293        -0.12461      -0.0363825
    8  114       -0.187944        0.217733        0.246289
    8  115        0.164409       -0.163059       -0.171051
    8  116       -0.210869      -0.0453692       -0.293738
    8  117      -0.0755713        0.266575        0.131582
    8  118        0.101609       0.0532692        0.132255
    8  119      -0.0863086         0.32457       0.0231237
    8  120      0.00195235       -0.146429      -0.0172016
    8  121        0.270703        -0.10673      -0.0304355
    8  122        -0.11753        0.274848       -0.108718
    8  123       0.0135461       -0.206905       0.0486104
    8  124       0.0326035        0.304213        0.438201
    8  125       -0.146568        0.304341      -0.0331609
    8  126       -0.174145       0.0322672        0.207066
    8  127        -0.21747       -0.324494       -0.249365
    9    0       0.0190544       0.0603818       -0.221035
    9    1      -0.0669744        0.152066        0.148496
    9    2      -0.0673867      0.00257898       -0.282916
    9    3         0.29936        0.124476        0.103254
    9    4      -0.0304598      -0.0748283        0.300916
    9    5        0.162075      -0.0721267        0.190123
    9    6       -0.187726       0.0308077        0.178777
    9    7       -0.240875       0.0124594       0.0566563
    9    8       0.0995142       0.0123915        0.153954
    9    9       -0.235038        -0.21742       -0.163125
    9   10        0.158378       -0.024798        0.179564
    9   11      -0.0600903        0.165714       0.0476467
    9   12       -0.347649      -0.0669773       0.0524644
    9   13      -0.0233366        0.176265       0.0535451
    9   14        0.197338       -0.274354        0.105203
    9   15       -0.145822       -0.189892       -0.354913
    9   16       -0.104035        0.183113        0.109348
    9   17        0.035909      -0.0430084        0.384319
    9   18       -0.162287      -0.0370503       -0.166014
    9   19        0.309675      -0.0920908       0.0551859
    9   20      -0.0927038        0.120449        0.155065
    9   21       -0.125999       -0.261168       -0.122425
    9   22       -0.056902       -0.376117       -0.391799
    9   23       -0.135986      -0.0949497      -0.0730096
    9   24       -0.147289        0.247775      -0.0904763
    9   25     -0.00841389       -0.252668      -0.0542104
    9   26       -0.045409        0.318391       -0.233383
    9   27        0.092528       -0.173515       -0.319001
    9   28         0.34668       -0.233546        0.199686
    9   29        0.265813        0.108011       -0.107733
    9   30      -0.0187121      -0.0216604        -0.07148
    9   31        0.295766      -0.0593648       0.0560674
    9   32       -0.134026       0.0761906      -0.0504234
    9   33        0.460706      -0.0159964      -0.0515023
    9   34      -0.0652536        0.129448        0.318436
    9   35      -0.0194946      -0.0180173      -0.0373138
    9   36        0.493712       0.0977671        0.114138
    9   37       0.0454882       -0.373998       0.0296965
    9   38        0.124351        0.255284      0.00439502
    9   39       0.0396074       -0.199472       -0.298596
    9   40       0.0409745       0.0994633        0.185654
    9   41        0.180638       -0.152283       0.0504028
    9   42        0.096201       0.0344133         0.10312
    9   43        0.300125        -0.11065       0.0100996
    9   44      -0.0795851       -0.354343        0.237268
    9   45       0.0913825        0.299672      -0.0872151
    9   46        0.232817        0.157862        0.309738
    9   47       -0.211628       0.0927136       0.0113706
    9   48       -0.279662         0.14887       0.0364928
    9   49       -0.117627       -0.267068      -0.0770786
    9   50       -0.125384      -0.0866797        0.117575
    9   51        0.267705        0.029947       -0.181972
    9   52         0.10236      -0.0346425         0.21168
    9   53       -0.209753       -0.239718      -0.0148663
    9   54       0.0794717       0.0780988        0.103783
    9   55       -0.134387       -0.104294       -0.172808
    9   56      -0.0581107        0.233681       -0.175236
    9   57       0.0880032     -0.00237175        0.201982
    9   58       -0.191905        0.195662      -0.0689238
    9   59        0.152811       0.0728986         0.24646
    9   60      -0.0928095        0.291352        0.124242
    9   61       -0.100422       -0.179953       0.0473456
    9   62        0.104832        0.205012        0.263456
    9   63        0.482359      -0.0272045       0.0883695
    9   64        0.106709        0.185052       -0.103428
    9   65         -0.2189       -0.137613        0.253302
    9   66        0.128774        0.204527        0.191624
    9   67        0.108193       -0.100835        0.295332
    9   68       0.0803488        0.135674         0.09457
    9   69      -0.0234972       -0.123904       0.0998496
    9   70          0.0367       -0.138191       -0.091631
    9   71         0.13916        0.168215       -0.126267
    9   72         0.21177       0.0808432     -0.00514465
    9   73      0.00114646        0.211265        0.174438
    9   74        0.207688        0.184064       -0.325948
    9   75        0.167898        0.227893     -0.00450154
    9   76       -0.271972      -0.0923601       -0.040894
    9   77        0.052987        0.273933       0.0361919
    9   78        0.191943       -0.069889       -0.076623
    9   79       -0.222404      -0.0335534       -0.326454
    9   80        0.159991       0.0115402        0.324078
    9   81      -0.0424702       0.0484956       -0.148942
    9   82       0.0803347         0.14672       -0.126324
    9   83        0.219789        0.314245        0.183461
    9   84       -0.375675         0.10553       -0.109225
    9   85        0.228427       0.0805111        0.151485
    9   86       -0.105511        0.510053       -0.231266
    9   87        0.102895      -0.0127106       -0.104269
    9   88       -0.146817        0.125739        0.151044
    9   89        0.325656      0.00387977        0.236547
    9   90      -0.0988613        0.159758        0.228584
    9   91        0.128282       -0.123191       -0.275229
    9   92        0.223719        0.102367       -0.243366
    9   93        0.164241       -0.309108      -0.0138814
    9   94      -0.0995396        0.261561        0.292476
    9   95       -0.133583       -0.136605        0.132727
    9   96       0.0949837        0.274019      -0.0344317
    9   97       -0.175677       -0.201916      -0.0556841
    9   98        0.181895       0.0928643       0.0360869
    9   99      -0.0227956      -0.0744422        0.235012
    9  100        0.351467      0.00272181      0.00381666
    9  101      -0.0763023       0.0466839        0.255397
    9  102        0.300361        0.164992       -0.375341
    9  103       -0.235802      -0.0991535      -0.0774723
    9  104        0.133755         0.15559       0.0782713
    9  105       0.0413425       -0.019228        0.169193
    9  106      -0.0195934       -0.247992       -0.115336
    9  107       -0.010537        -0.24377        0.274864
    9  108      -0.0698135        0.172063       -0.262378
    9  109        0.296418        0.180758      -0.0652168
    9  110        0.135355        0.125966       0.0743382
    9  111      -0.0272694       -0.101575      -0.0161982
    9  112        0.342524        0.267105      -0.0666222
    9  113       -0.201575      -0.0890743      -0.0611256
    9  114       -0.109411        0.133143        0.279331
    9  115        0.160565       -0.171872       -0.100085
    9  116       -0.233967      -0.0410454       -0.293013
    9  117      -0.0807759         0.27701        0.129079
    9  118       0.0777926       0.0122034       0.0936706
    9  119      -0.0940206        0.357135       0.0150814
    9  120      -0.0352193        -0.12693        0.067035
    9  121        0.282467       -0.100972     -0.00883154
    9  122       -0.120352        0.236577       -0.147724
    9  123       0.0403498      -0.0905745       0.0391647
    9  124       0.0526245        0.301983        0.358341
    9  125       -0.150514        0.294586      -0.0826001
    9  126       -0.186178       0.0304124        0.179192
    9  127       -0.262549       -0.281678       -0.214119
