# index dipole_x dipole_y dipole_z 
#UNITCELL[Ang] 19.7484 0 0 0 19.7484 0 0 0 19.7484
#TEMPERATURE[K] 298
#TIMESTEP[fs] 2.5
    0        -14.6236        -24.6561        -27.8437
    1        -12.8788        -25.0499        -28.3475
    2        -10.8645        -24.8712        -28.9974
    3        -8.58431        -24.4509        -28.4357
    4        -7.43722        -24.2623        -28.8166
    5        -8.03157        -24.3693         -29.909
    6        -9.87751        -24.7624        -30.9349
    7        -10.7041        -25.1516        -30.9111
    8        -11.7519        -25.4333        -30.3049
    9        -13.2166        -24.4285        -29.8575
