1.299426184000000006e+01 1.031854666999999992e+01 8.922360749999999285e+00
1.347521534000000010e+01 1.129195726999999927e+01 7.872199000000000169e+00
1.422590113000000045e+01 1.056504125000000016e+01 6.847627319999999962e+00
1.379508887000000072e+01 9.954883260000000789e+00 9.521978949999999386e+00
1.245520690999999935e+01 9.461435780000000406e+00 8.499811550000000437e+00
1.230593037999999950e+01 1.089937248999999930e+01 9.472106589999999215e+00
1.269180064999999935e+01 1.186172228000000040e+01 7.471420310000000065e+00
1.418550916999999956e+01 1.208548597000000058e+01 8.303013659999999518e+00
1.416646562000000031e+01 1.122254344000000081e+01 6.093392729999999702e+00
1.609251422000000176e+01 1.301274197000000044e+01 2.873643060000000027e+00
1.591364869000000049e+01 1.194213932999999983e+01 3.972321800000000014e+00
1.487006683999999979e+01 1.231698620000000055e+01 4.878637020000000213e+00
1.678185631999999927e+01 1.271365302999999969e+01 2.030798460000000194e+00
1.636241091999999853e+01 1.396977088000000045e+01 3.228653809999999957e+00
1.508872983000000012e+01 1.324526932999999929e+01 2.344113099999999950e+00
1.550977089999999947e+01 1.109955328999999935e+01 3.420982620000000196e+00
1.685008312000000075e+01 1.170898533000000086e+01 4.496060459999999814e+00
1.415234670000000072e+01 1.276767732999999971e+01 4.419240570000000368e+00
1.472777334000000060e+01 7.688634689999999772e+00 4.266760679999999972e+00
1.591485008999999984e+01 8.066843340000000140e+00 5.091560710000000434e+00
1.555519853999999924e+01 7.842228190000000154e+00 6.457398709999999653e+00
1.422052502000000018e+01 6.774322800000000200e+00 4.638667270000000009e+00
1.503954161000000056e+01 7.501611910000000272e+00 3.212164070000000038e+00
1.404974765000000048e+01 8.532616109999999310e+00 4.324736920000000318e+00
1.666863990999999956e+01 7.416088099999999628e+00 4.846496069999999712e+00
1.624599299000000130e+01 9.120035440000000548e+00 4.826580049999999567e+00
1.505192240999999953e+01 8.614711950000000229e+00 6.690855540000000268e+00
1.721466561000000084e+01 4.224596250000000275e+00 1.171399987000000031e+01
1.750502257000000128e+01 3.233009120000000181e+00 1.286155568000000038e+01
1.679930437999999882e+01 2.050692129999999835e+00 1.269634631999999996e+01
1.616218927999999977e+01 4.281883220000000101e+00 1.151970501999999996e+01
1.765418044000000108e+01 3.948927219999999849e+00 1.075576283999999916e+01
1.754503525000000153e+01 5.278026060000000186e+00 1.186551006999999913e+01
1.861679338402110062e+01 2.999165890000000001e+00 1.285722119000000063e+01
1.731285065000000145e+01 3.576380859999999995e+00 1.392033188000000088e+01
1.703657855000000154e+01 1.601660869999999903e+00 1.190728784000000040e+01
8.672665079999999804e+00 1.260700828000000051e+01 1.517789018000000034e+01
7.779476940000000340e+00 1.345288146999999945e+01 1.614958176000000023e+01
6.601841669999999773e+00 1.367025420999999952e+01 1.539567581000000018e+01
9.581703669999999562e+00 1.235995497000000043e+01 1.573620756999999948e+01
9.013807500000000417e+00 1.300125758000000076e+01 1.423474009999999979e+01
8.205788039999999839e+00 1.167924159999999922e+01 1.505065261999999926e+01
7.633256099999999655e+00 1.291878481000000001e+01 1.703056193999999834e+01
8.347616650000000860e+00 1.435746694999999917e+01 1.638618844000000152e+01
6.163132359999999643e+00 1.447063114000000006e+01 1.571930957000000006e+01
1.310416565000000055e+01 7.244300199999999634e+00 1.840588031000000058e+01
1.303162288000000046e+01 5.872505880000000289e+00 1.776555747000000096e+01
1.169275559000000086e+01 5.408301840000000027e+00 1.774418233999999828e+01
1.247962406999999985e+01 7.998702429999999808e+00 1.795571513000000152e+01
1.413470635999999914e+01 7.554349850000000366e+00 1.819862730999999911e+01
1.277885960000000054e+01 7.126369160000000313e+00 1.950318217402110221e+01
1.327909563000000048e+01 6.043346060000000186e+00 1.667746646000000155e+01
1.377114347000000016e+01 5.216084569999999587e+00 1.816392726999999852e+01
1.144566060999999912e+01 5.071440159999999864e+00 1.688664856999999841e+01
1.113966171999999943e+01 1.605429729999999999e+00 1.756847558000000120e+01
1.124053709000000012e+01 1.508197500000000024e-01 1.800072545000000090e+01
1.211510655999999919e+01 -9.287844021102525938e-03 1.912913228402110022e+01
1.202316008000000025e+01 1.953869150000000054e+00 1.694841497000000174e+01
1.106403238000000044e+01 2.331485779999999952e+00 1.834085495000000066e+01
1.024283153999999918e+01 1.774468809999999896e+00 1.701161936000000097e+01
1.017512993000000066e+01 -3.015783240211008520e-01 1.822670949999999834e+01
1.160091695000000023e+01 -4.047030540211019600e-01 1.709706338000000159e+01
1.281455268999999930e+01 -6.346642840211026426e-01 1.887579425402110189e+01
9.242524299999999471e+00 6.711655760000000193e+00 1.514998261999999940e+01
8.442387039999999843e+00 7.657609210000000388e+00 1.423068424999999948e+01
8.360968070000000196e+00 7.295438980000000129e+00 1.285228058999999945e+01
8.921812750000000847e+00 6.784782299999999822e+00 1.616083220000000154e+01
1.033531677000000037e+01 6.782450629999999592e+00 1.507749416999999958e+01
8.983169619999999966e+00 5.711712789999999984e+00 1.484661544000000077e+01
7.408941910000000242e+00 7.781241650000000121e+00 1.469084424000000055e+01
8.838472570000000417e+00 8.690388730000000450e+00 1.428210765999999943e+01
8.062897780000000125e+00 6.363598070000000106e+00 1.270162260999999937e+01
1.729932695000000109e+01 7.525886210000000354e+00 1.910848871402110305e+01
1.734371240000000114e+01 8.817647029999999830e+00 1.818723127000000162e+01
1.689065759000000000e+01 9.950403090000000006e+00 1.890867138402110115e+01
1.775390674000000146e+01 6.713786749999999692e+00 1.854906148402110233e+01
1.624606497999999988e+01 7.265808269999999958e+00 1.929212278402110314e+01
1.785610520999999906e+01 7.641309770000000334e+00 2.007930304402110266e+01
1.840005966000000015e+01 8.969777399999999901e+00 1.790136311999999918e+01
1.681654256999999930e+01 8.698657969999999295e+00 1.724951683000000102e+01
1.780975575000000077e+01 1.036609430999999937e+01 1.906984936402110264e+01
1.402770714999999946e+01 1.318558877000000074e+01 1.234357027000000073e+01
1.504580544999999958e+01 1.440736406000000080e+01 1.242115861999999993e+01
1.599819298999999972e+01 1.432785858999999995e+01 1.139976431000000012e+01
1.439415246999999987e+01 1.225385840000000037e+01 1.274624088999999927e+01
1.369113725000000059e+01 1.300117660000000086e+01 1.129312599000000006e+01
1.306557607999999959e+01 1.333753901000000042e+01 1.287922355000000074e+01
1.443453867000000024e+01 1.525946459999999938e+01 1.224554647999999979e+01
1.554524960000000000e+01 1.447981925999999930e+01 1.340494563000000028e+01
1.675062378999999879e+01 1.385862571000000010e+01 1.173371348999999952e+01
5.878630570000000333e+00 7.492566430000000111e+00 9.255470179999999658e+00
5.464672799999999775e+00 8.523440620000000578e+00 1.034298356999999946e+01
5.083031909999999876e+00 9.784559679999999204e+00 9.668416490000000252e+00
7.002957549999999642e+00 7.617604929999999719e+00 8.913418160000000867e+00
5.404529300000000092e+00 7.536336369999999896e+00 8.262718579999999591e+00
5.769084379999999790e+00 6.394431980000000237e+00 9.483082539999999838e+00
4.638508830000000138e+00 8.123573090000000718e+00 1.092041777000000025e+01
6.414059360000000432e+00 8.677757339999999431e+00 1.095159701000000041e+01
4.501653710000000252e+00 9.577355689999999200e+00 8.878807899999999975e+00
1.844406329999999983e+00 1.098325464000000018e+01 3.473600960000000182e+00
1.577696919999999947e+00 1.181856791999999956e+01 2.233096980000000009e+00
1.068754280000000056e+00 1.105259408999999948e+01 1.129582730000000090e+00
2.346129320000000185e+00 1.158534204000000045e+01 4.293384210000000145e+00
2.429134799999999927e+00 1.008101259999999932e+01 3.158064410000000155e+00
8.781950099999999981e-01 1.065332066999999938e+01 3.787459380000000042e+00
9.481222700000000447e-01 1.266250913000000011e+01 2.457850660000000076e+00
2.537787489999999924e+00 1.225303770999999919e+01 2.034136979999999983e+00
1.830265409999999981e+00 1.051570369000000049e+01 6.647773599999999838e-01
1.261529159000000000e+01 9.652660960000000401e+00 1.407471890999999964e+01
1.137833207000000080e+01 1.048664109999999994e+01 1.450025338000000019e+01
1.090638382000000028e+01 1.104821302999999943e+01 1.319876456000000076e+01
1.230325683999999953e+01 8.765699229999999176e+00 1.344774718999999941e+01
1.311821285999999986e+01 9.322826530000000389e+00 1.498753222999999934e+01
1.326350056999999971e+01 1.017513836000000005e+01 1.332036506999999936e+01
1.075445848999999932e+01 9.725584760000000273e+00 1.506415143000000079e+01
1.166119626000000054e+01 1.131937158999999937e+01 1.518329497999999944e+01
9.988470530000000736e+00 1.072752333999999941e+01 1.309762137999999965e+01
1.221826360999999928e+01 1.082642655000000076e+01 2.692057670000000069e+00
1.144732012999999959e+01 1.180745098000000048e+01 3.581352100000000149e+00
1.212818724999999986e+01 1.299700583000000087e+01 3.883972249999999793e+00
1.318714854000000081e+01 1.043088556999999916e+01 3.106510510000000114e+00
1.255191244000000061e+01 1.129779852999999967e+01 1.758990400000000065e+00
1.165029986999999956e+01 9.962294280000000057e+00 2.395839060000000131e+00
1.047995045000000047e+01 1.203446643000000016e+01 3.024413430000000069e+00
1.109954622999999962e+01 1.130500188000000072e+01 4.505470859999999966e+00
1.169207656000000028e+01 1.373013876000000089e+01 3.332746489999999895e+00
1.543034100000000075e+00 5.373731760000000079e+00 1.526539310000000071e+01
1.099273240000000040e+00 6.200772579999999756e+00 1.414155039999999985e+01
1.210061290000000067e+00 7.577056040000000436e+00 1.435109147999999912e+01
1.170878620000000092e+00 4.306568870000000437e+00 1.505477546000000011e+01
1.091219469999999969e+00 5.780016550000000031e+00 1.617505204000000063e+01
2.650443230000000039e+00 5.487556770000000306e+00 1.542666823999999970e+01
1.628742169999999989e+00 5.945412799999999720e+00 1.323336705000000002e+01
7.606309999999893989e-03 5.938964089999999807e+00 1.393829926999999991e+01
2.023643020000000181e+00 7.782730469999999734e+00 1.485897987000000064e+01
2.739710580000000117e+00 8.134041919999999593e+00 6.580009679999999861e+00
1.703379519999999925e+00 9.031296239999999642e+00 7.152465119999999565e+00
2.127340390000000081e+00 9.570114269999999479e+00 8.378312460000000073e+00
3.275442050000000105e+00 7.630803140000000262e+00 7.377736620000000300e+00
3.589982260000000203e+00 8.730934319999999360e+00 6.119175109999999584e+00
2.474740929999999839e+00 7.374461909999999953e+00 5.757580349999999569e+00
1.388015910000000019e+00 9.839040750000000557e+00 6.508197219999999561e+00
8.909640500000000074e-01 8.287653249999999971e+00 7.384153620000000195e+00
1.348845800000000095e+00 9.486982250000000505e+00 8.959922329999999491e+00
1.273836258999999949e+01 1.730960410000000005e+00 4.058465319999999821e+00
1.191502426999999997e+01 2.379698610000000158e+00 2.918275410000000125e+00
1.083113993000000086e+01 1.534116180000000051e+00 2.595305670000000120e+00
1.364977608999999958e+01 2.213619050000000144e+00 4.225867749999999923e+00
1.306384010999999923e+01 6.693703300000000134e-01 3.855722230000000028e+00
1.224517510999999992e+01 1.690736699999999981e+00 5.014016950000000250e+00
1.155070584999999994e+01 3.408552339999999958e+00 3.161524120000000160e+00
1.251621281999999979e+01 2.514550489999999972e+00 1.996800490000000039e+00
1.120859276000000015e+01 8.514498200000000239e-01 1.941808179999999995e+00
-2.303672740211015202e-01 1.191266818999999977e+01 1.283209474000000050e+01
4.970139499999999821e-01 1.061131415000000011e+01 1.299765602999999992e+01
-4.115428340211013114e-01 9.579560559999999114e+00 1.306277966999999940e+01
-9.759002040211011142e-01 1.196228104000000059e+01 1.367659341000000062e+01
-6.582583040210994163e-01 1.201885165999999927e+01 1.185867035999999963e+01
4.466736399999999829e-01 1.274864638999999933e+01 1.293587989999999976e+01
1.129731789999999902e+00 1.061757558999999951e+01 1.212700588999999951e+01
1.113535610000000009e+00 1.077973790999999970e+01 1.395300877000000028e+01
1.098206800000000039e-01 8.905215699999999401e+00 1.360295613000000081e+01
6.606172250000000190e+00 1.325222939999999916e+01 1.040675245000000082e+01
6.010975059999999814e+00 1.251831984000000020e+01 1.164932911000000004e+01
4.671286030000000089e+00 1.194663006999999944e+01 1.139129199999999997e+01
6.778516230000000142e+00 1.262594758000000006e+01 9.552004580000000189e+00
7.573218840000000007e+00 1.367513317999999956e+01 1.066981546000000058e+01
6.101203380000000287e+00 1.416281902999999964e+01 1.029604074999999952e+01
6.666614319999999871e+00 1.171833522999999921e+01 1.200005009999999928e+01
5.918528089999999686e+00 1.329520222999999923e+01 1.243960887000000071e+01
4.862798390000000026e+00 1.127926268000000043e+01 1.067115611999999913e+01
9.864142000000000188e-01 1.136046270000000025e+00 1.250697739999999891e+00
2.162333739999999782e+00 1.926190529999999956e+00 1.974166230000000022e+00
1.551541410000000010e+00 2.926797909999999892e+00 2.740646379999999827e+00
2.167940699999999499e-01 7.517996899999999094e-01 1.994451629999999920e+00
1.467377399999999943e+00 3.944648900000000680e-01 5.981093600000000343e-01
5.769824099999998346e-01 1.923543910000000023e+00 5.433047199999998522e-01
2.709552019999999839e+00 1.203737419999999947e+00 2.604407970000000017e+00
2.914498850000000196e+00 2.325475529999999846e+00 1.168539210000000050e+00
7.288801700000000494e-01 3.301302279999999811e+00 2.337159799999999787e+00
1.302909069000000031e+01 1.790162189000000126e+01 1.337100084999999972e+01
1.450041932000000067e+01 1.821028178999999980e+01 1.356712401000000057e+01
1.467925248999999965e+01 1.948779280402110103e+01 1.416614713000000059e+01
1.255699476000000026e+01 1.871243729402110034e+01 1.282579469000000039e+01
1.248555250000000072e+01 1.784242170999999999e+01 1.428589140999999962e+01
1.287842217000000034e+01 1.692839401999999893e+01 1.280558594999999933e+01
1.491850845999999997e+01 1.744008227999999860e+01 1.420231959000000010e+01
1.512520272999999982e+01 1.822270672000000147e+01 1.263803680000000007e+01
1.546506637999999967e+01 1.990423947402110016e+01 1.375401306000000012e+01
1.023528561000000003e+01 1.487176125000000049e+01 1.071194743999999943e+01
1.112543248999999967e+01 1.531326493999999983e+01 9.568935489999999433e+00
1.128512732000000085e+01 1.670709473000000145e+01 9.630537520000000740e+00
9.226265679999999136e+00 1.521807008000000039e+01 1.053789852000000060e+01
1.069157760999999951e+01 1.529899377999999999e+01 1.169517676000000073e+01
1.039203033000000076e+01 1.376646174999999950e+01 1.085545813999999964e+01
1.203100796999999922e+01 1.480594199999999994e+01 9.631561350000000132e+00
1.068250822000000078e+01 1.493691287999999950e+01 8.617440350000000748e+00
1.211178027999999962e+01 1.679662099000000097e+01 9.003927770000000663e+00
1.492863647999999976e+01 1.715042375000000163e+01 -1.531833954021104560e+00
1.502208055999999914e+01 1.705775681000000077e+01 2.109644999999999923e-02
1.390295049999999932e+01 1.631378052000000167e+01 4.253544899999999740e-01
1.409491472000000023e+01 1.776498528999999849e+01 -1.903755324021103590e+00
1.500800693999999957e+01 1.621677345000000159e+01 -2.132618164021105045e+00
1.583298132000000003e+01 1.762327707000000032e+01 -1.820731004021103772e+00
1.600350819000000158e+01 1.649860042999999976e+01 2.735047999999999924e-01
1.505385790000000057e+01 1.814356521999999927e+01 3.849204199999999854e-01
1.376171732999999975e+01 1.552202555999999944e+01 -1.319591040211047228e-01
1.646773920000000002e+00 1.481686799000000043e+01 1.709965292000000048e+01
2.443933860000000013e+00 1.466570212999999967e+01 1.585434575999999929e+01
1.526459749999999893e+00 1.434405854999999974e+01 1.475482708999999915e+01
2.248035329999999998e+00 1.473249084000000053e+01 1.802282123999999897e+01
8.460760199999999287e-01 1.401934718000000046e+01 1.717876066999999907e+01
1.101484179999999924e+00 1.578030226999999996e+01 1.699841239999999942e+01
2.942229740000000149e+00 1.566470130999999988e+01 1.563436957999999954e+01
3.256234119999999788e+00 1.400360590999999921e+01 1.596574256000000069e+01
2.072419669999999936e+00 1.407024571000000002e+01 1.397872573000000074e+01
6.829314209999999719e+00 1.630500390999999993e+01 1.832136884999999893e+01
5.517902750000000189e+00 1.605816468000000086e+01 1.749875108999999895e+01
5.755752819999999659e+00 1.644746392000000057e+01 1.612047308000000001e+01
7.710324540000000226e+00 1.582312349000000040e+01 1.786756588000000079e+01
6.667669369999999596e+00 1.586797237000000038e+01 1.931174405402110139e+01
6.930811420000000389e+00 1.737513921000000039e+01 1.841185413402110171e+01
5.300095830000000063e+00 1.498000981000000031e+01 1.734525872000000035e+01
4.737506709999999899e+00 1.660641135999999918e+01 1.803317380000000014e+01
5.813378020000000035e+00 1.741986989999999835e+01 1.598310767000000077e+01
-7.869131240211009182e-01 1.376149290000000081e+00 5.459883519999999990e+00
4.698450900000000208e-01 2.093619830000000182e+00 5.923298479999999699e+00
1.660864939999999956e+00 1.464011210000000007e+00 5.402892519999999976e+00
-1.696402584021100557e+00 1.866741060000000063e+00 5.863048749999999920e+00
-7.672558340211030892e-01 3.499961400000000111e-01 5.807684479999999816e+00
-8.245274940211009262e-01 1.341858620000000002e+00 4.365022259999999932e+00
3.100822899999999827e-01 3.113698439999999845e+00 5.473838510000000213e+00
3.871924900000000003e-01 2.225641679999999845e+00 7.018344970000000238e+00
1.611478799999999989e+00 1.539050840000000031e+00 4.445264690000000130e+00
1.711654962000000069e+01 1.265248167000000024e+01 1.661367531000000142e+01
1.572348112000000064e+01 1.193046876999999917e+01 1.637700827000000103e+01
1.515269535999999917e+01 1.193813424999999917e+01 1.772086741000000032e+01
1.690348360999999855e+01 1.361025573000000044e+01 1.709268310999999940e+01
1.759642790999999917e+01 1.284712507999999964e+01 1.567954231000000043e+01
1.784412654999999859e+01 1.212033397999999984e+01 1.726335566999999926e+01
1.512148696999999942e+01 1.259427297000000046e+01 1.572362893999999933e+01
1.579685983000000071e+01 1.093943228999999917e+01 1.594864113999999944e+01
1.563560080000000063e+01 1.118767313999999935e+01 1.811733836000000153e+01
1.057250626000000082e+01 7.355884770000000294e+00 5.641820680000000365e+00
1.068587838000000012e+01 8.589470809999999901e+00 4.778950390000000326e+00
9.832886309999999241e+00 8.411289740000000847e+00 3.705807979999999890e+00
1.094166856999999915e+01 6.448017649999999712e+00 5.180978160000000443e+00
9.489178250000000148e+00 7.153508579999999561e+00 5.940473060000000416e+00
1.112148593999999946e+01 7.501473380000000191e+00 6.571828499999999629e+00
1.034026957999999929e+01 9.440197409999999678e+00 5.438212250000000303e+00
1.175095634999999916e+01 8.625891219999999748e+00 4.399933510000000325e+00
1.008135277999999957e+01 7.503926619999999659e+00 3.352006499999999889e+00
8.179201109999999275e+00 5.326669179999999670e+00 2.411425620000000158e+00
9.706159669999999906e+00 5.072713639999999913e+00 2.298743200000000098e+00
1.032507670999999938e+01 6.148139099999999857e+00 1.729993359999999925e+00
7.771758359999999755e+00 4.351033969999999584e+00 2.534294730000000051e+00
7.815876410000000440e+00 5.830342400000000147e+00 1.515307320000000013e+00
7.921899609999999647e+00 5.956964020000000026e+00 3.254211080000000145e+00
1.023359141999999977e+01 4.934465750000000206e+00 3.246384289999999950e+00
9.774608269999999877e+00 4.138358829999999600e+00 1.655346889999999904e+00
1.106842784000000002e+01 5.797409290000000048e+00 1.161107749999999994e+00
1.258602769999999982e+00 5.513959879999999814e+00 8.569665379999999999e+00
2.106732930000000170e+00 5.682680730000000402e+00 9.771596710000000741e+00
2.897319309999999870e+00 4.496134470000000327e+00 1.000161171000000060e+01
6.070728000000000790e-01 4.607175449999999728e+00 8.657150639999999342e+00
1.824632840000000034e+00 5.321769540000000021e+00 7.664318729999999746e+00
5.956326700000000862e-01 6.373454419999999843e+00 8.364646799999999160e+00
2.809433199999999964e+00 6.527498160000000382e+00 9.757129409999999226e+00
1.354485369999999911e+00 5.847126979999999641e+00 1.055807846999999988e+01
3.178703350000000150e+00 4.071074030000000121e+00 9.181054740000000436e+00
4.045469149999999736e+00 1.700203821999999931e+01 7.902211109999999650e+00
3.073388920000000191e+00 1.766108716000000101e+01 6.924099000000000004e+00
2.246594319999999811e+00 1.842123406402110319e+01 7.678490110000000257e+00
3.509260729999999828e+00 1.627578384999999983e+01 8.580105500000000163e+00
4.503528059999999833e+00 1.779117125999999871e+01 8.502809250000000318e+00
4.763628159999999667e+00 1.638988498000000149e+01 7.386424459999999748e+00
3.567544369999999798e+00 1.838427826999999937e+01 6.257169229999999693e+00
2.483133079999999993e+00 1.690970910000000060e+01 6.389164680000000374e+00
1.839962059999999955e+00 1.897559479402110227e+01 7.006794150000000165e+00
1.891741830402110125e+01 1.834529155999999972e+01 1.507744847999999926e+01
1.800615207999999967e+01 1.731392346000000160e+01 1.443447186999999943e+01
1.784742432999999906e+01 1.619547551000000141e+01 1.525497816000000029e+01
1.884717112402110217e+01 1.923208152402110116e+01 1.443244649999999929e+01
1.999554817402110274e+01 1.806164078999999845e+01 1.513076593999999986e+01
1.854501181402110177e+01 1.862101084402110018e+01 1.602958531000000164e+01
1.710645642000000066e+01 1.785318240999999873e+01 1.433268372000000035e+01
1.832446095999999969e+01 1.710230272000000085e+01 1.339670927000000056e+01
1.859692091402110137e+01 1.556138353000000052e+01 1.504215351000000034e+01
4.684803419999999718e+00 4.485761669999999590e+00 4.146477599999999875e+00
3.829331559999999968e+00 4.037740359999999917e+00 5.374191109999999938e+00
4.149627409999999905e+00 4.842740069999999619e+00 6.562329260000000275e+00
5.601005549999999999e+00 4.884879500000000263e+00 4.653436619999999913e+00
4.273689459999999940e+00 5.422089210000000215e+00 3.668137179999999997e+00
4.748942450000000370e+00 3.686959939999999936e+00 3.391133009999999892e+00
2.758012400000000142e+00 4.342944300000000091e+00 5.184415429999999603e+00
4.067907090000000281e+00 2.955687689999999979e+00 5.475766120000000292e+00
5.048753470000000299e+00 5.123334299999999786e+00 6.462384909999999927e+00
7.243418110000000354e+00 3.938702800000000170e-01 2.987167030000000167e+00
7.011376489999999961e+00 1.673309200000000052e+00 3.822118510000000136e+00
8.318313469999999654e+00 2.073542929999999895e+00 4.329564949999999968e+00
6.386399120000000096e+00 7.089476999999999585e-02 2.399343439999999994e+00
7.530127219999999788e+00 -4.062421040210983936e-01 3.677390079999999895e+00
8.077788010000000796e+00 4.958322200000000457e-01 2.295786899999999964e+00
6.553738469999999872e+00 2.515049610000000158e+00 3.210002129999999898e+00
6.306963839999999877e+00 1.452133429999999947e+00 4.646026420000000101e+00
8.928491669999999658e+00 2.113496679999999905e+00 3.591285379999999972e+00
1.482995187999999942e+01 1.679689966000000112e+01 4.645595929999999818e+00
1.379115522000000027e+01 1.576112063000000063e+01 4.392511279999999907e+00
1.347693684000000047e+01 1.516988873999999932e+01 5.624411880000000252e+00
1.438036783000000085e+01 1.777939934000000122e+01 4.592595320000000036e+00
1.555624968000000052e+01 1.679388327999999930e+01 3.801419559999999809e+00
1.534938174999999916e+01 1.659949611000000047e+01 5.586657119999999921e+00
1.289326999000000029e+01 1.620743583000000143e+01 3.810608499999999843e+00
1.428364035999999970e+01 1.504876181999999929e+01 3.790352270000000079e+00
1.305663537999999946e+01 1.426850053000000074e+01 5.503167379999999831e+00
2.999280140000000205e+00 7.427975029999999812e+00 1.833507240000000094e+00
3.980761890000000136e+00 8.091734309999999653e+00 9.158614400000000266e-01
3.740687519999999822e+00 9.503239380000000125e+00 4.767670500000000255e-01
3.104002040000000129e+00 7.857103509999999957e+00 2.814001540000000023e+00
3.265030320000000152e+00 6.406383919999999677e+00 1.979324400000000095e+00
1.967326019999999787e+00 7.524350400000000327e+00 1.418058830000000103e+00
4.953631749999999556e+00 8.037653369999999242e+00 1.421541930000000065e+00
4.029308620000000118e+00 7.483742460000000207e+00 -4.939504402110062031e-02
4.236222539999999981e+00 1.002063588000000038e+01 1.147649970000000019e+00
1.746241888000000131e+01 1.111767494000000056e+01 8.284253290000000547e+00
1.701101747999999958e+01 1.018273394000000032e+01 9.450230799999999931e+00
1.822496252999999911e+01 9.708170640000000517e+00 1.003868141000000058e+01
1.825643811999999855e+01 1.168799141000000041e+01 8.600675250000000105e+00
1.672726117999999929e+01 1.177839842999999931e+01 7.876412730000000195e+00
1.782322089999999903e+01 1.043611040999999950e+01 7.518495429999999757e+00
1.643930122000000082e+01 1.073294684999999937e+01 1.013208685999999936e+01
1.644248821000000049e+01 9.390191720000000686e+00 9.136197830000000408e+00
1.787050281000000140e+01 9.306086069999999211e+00 1.083738714999999964e+01
1.011982534000000022e+01 1.492124600000000001e+01 7.472070299999999943e-01
9.632018829999999809e+00 1.562171868000000075e+01 1.976460740000000049e+00
1.039659703999999962e+01 1.516841941999999932e+01 3.086991349999999912e+00
9.661013589999999596e+00 1.536019630000000014e+01 -1.361224340211004691e-01
9.801921280000000181e+00 1.389864646999999920e+01 8.269449700000000014e-01
1.118966535000000029e+01 1.511714596000000022e+01 6.603315800000000291e-01
9.925001749999999845e+00 1.668071739000000164e+01 1.860506060000000073e+00
8.620833290000000204e+00 1.547594993000000052e+01 2.194283949999999983e+00
1.012309985999999995e+01 1.567123815999999970e+01 3.864947229999999845e+00
8.508726530000000565e+00 1.398323384999999952e+01 5.978527459999999571e+00
7.476636789999999699e+00 1.341079988000000078e+01 6.943327120000000185e+00
6.703844229999999627e+00 1.233997175000000013e+01 6.325266219999999606e+00
8.010309680000000654e+00 1.443889498000000060e+01 5.089127089999999853e+00
9.129609659999999849e+00 1.320527762999999943e+01 5.571142349999999688e+00
9.128901889999999852e+00 1.475557535999999992e+01 6.516918620000000217e+00
8.020279340000000090e+00 1.309085364000000062e+01 7.786071970000000064e+00
6.769953489999999796e+00 1.424705853999999938e+01 7.186698690000000056e+00
7.237718459999999965e+00 1.155108736999999941e+01 6.259367560000000275e+00
1.463846428000000088e+01 3.663887770000000099e+00 7.928897240000000401e+00
1.475009209000000077e+01 4.789032790000000261e+00 6.930992070000000282e+00
1.606975304999999921e+01 5.287555620000000012e+00 6.790061689999999928e+00
1.361013716999999978e+01 3.484861809999999949e+00 8.115299560000000412e+00
1.521044333000000037e+01 3.895513349999999875e+00 8.847879300000000669e+00
1.498479528999999921e+01 2.779068779999999794e+00 7.462966709999999892e+00
1.434162775999999972e+01 4.461758380000000024e+00 6.015776259999999986e+00
1.411332123000000038e+01 5.561826210000000437e+00 7.367274850000000264e+00
1.610224629000000007e+01 6.288190059999999804e+00 6.841903829999999687e+00
5.822703200000000301e+00 1.290716755000000049e+01 2.807766620000000213e+00
5.971887810000000130e+00 1.146961972999999979e+01 3.248481180000000190e+00
5.864997419999999906e+00 1.054165015000000061e+01 2.160524619999999896e+00
4.724125889999999828e+00 1.311948830999999949e+01 2.394416370000000072e+00
6.532604199999999750e+00 1.311546796000000015e+01 1.929886379999999901e+00
5.859275949999999789e+00 1.360945844999999998e+01 3.652012790000000120e+00
6.948564880000000166e+00 1.136800449000000057e+01 3.603838140000000134e+00
5.266870410000000113e+00 1.116059328000000050e+01 4.042189409999999761e+00
6.797573950000000309e+00 1.035341717999999922e+01 1.917494390000000104e+00
2.124058109999999999e+00 1.351092258999999984e+01 7.072126339999999622e+00
3.613784970000000207e+00 1.316436189999999939e+01 7.075227260000000129e+00
4.242243020000000087e+00 1.344682122000000035e+01 5.839104540000000121e+00
1.577498020000000167e+00 1.305873380000000061e+01 6.332660839999999958e+00
2.066654579999999797e+00 1.457484484000000080e+01 6.821871490000000371e+00
1.686938739999999992e+00 1.340159612000000067e+01 8.049243710000000718e+00
4.087829619999999942e+00 1.368758706000000025e+01 7.907811579999999729e+00
3.676383149999999933e+00 1.205357489000000015e+01 7.238559689999999769e+00
5.107040900000000327e+00 1.291656264000000043e+01 5.866760900000000056e+00
3.498044600000000059e+00 2.685670110000000221e+00 1.529753806000000083e+01
4.189430269999999901e+00 1.383035529999999902e+00 1.491231426000000049e+01
5.119100979999999801e+00 9.423422500000000479e-01 1.593160323000000034e+01
2.673604399999999881e+00 2.534949779999999819e+00 1.599308669999999921e+01
3.069412910000000050e+00 3.374976909999999997e+00 1.439401750000000035e+01
4.099732450000000306e+00 3.377562919999999913e+00 1.584247749000000027e+01
3.408012620000000048e+00 5.949083600000000249e-01 1.481382132999999968e+01
4.752426650000000308e+00 1.531149059999999951e+00 1.403801106999999959e+01
5.742527759999999759e+00 1.643833969999999978e+00 1.617074923999999925e+01
9.637988740000000831e+00 9.450727719999999721e+00 -4.306407340211019230e-01
8.465118379999999831e+00 9.010560379999999370e+00 3.831457200000000229e-01
8.429787049999999837e+00 9.635075759999999434e+00 1.715261359999999957e+00
9.347772450000000788e+00 1.048520536000000014e+01 -7.798092740211027829e-01
9.625719410000000309e+00 8.812723509999999649e+00 -1.311366964021102532e+00
1.061804039000000088e+01 9.447584289999999996e+00 -4.929214021101802068e-03
7.544755280000000397e+00 9.269072709999999660e+00 -1.165793540211036428e-01
8.451465920000000409e+00 7.912521120000000074e+00 4.877332600000000018e-01
9.144621519999999393e+00 9.275552830000000526e+00 2.291121589999999930e+00
6.728612440000000028e+00 -1.157025194021103598e+00 1.117667666000000004e+01
7.657663699999999629e+00 1.046513099999999974e-01 1.108605863999999919e+01
8.949275370000000507e+00 -2.573217340211021997e-01 1.140942262999999990e+01
5.722185839999999857e+00 -7.809282640211043791e-01 1.095063327000000086e+01
6.687738450000000334e+00 -1.596908104021101504e+00 1.215191034999999964e+01
6.991284069999999851e+00 -1.915114684021103297e+00 1.049756453000000000e+01
7.564607660000000067e+00 5.845053199999999949e-01 1.010875693999999925e+01
7.387565320000000213e+00 8.515567099999998835e-01 1.188430579000000087e+01
9.262638250000000184e+00 -7.665551840211022316e-01 1.061498579999999947e+01
5.749599479999999652e+00 5.313926610000000217e+00 1.254903634999999973e+01
6.611478629999999690e+00 4.422712569999999843e+00 1.167540310000000048e+01
7.959275159999999794e+00 4.737025799999999620e+00 1.194004166000000033e+01
4.665199809999999836e+00 5.004739999999999966e+00 1.248191549000000045e+01
5.885436709999999572e+00 6.398893740000000108e+00 1.237073698000000022e+01
6.057438959999999817e+00 5.095078660000000426e+00 1.359798151000000033e+01
6.389044769999999929e+00 3.387110700000000030e+00 1.191434506000000049e+01
6.283365700000000054e+00 4.612770099999999651e+00 1.065045802999999935e+01
8.569774280000000743e+00 4.375824009999999653e+00 1.120190711999999955e+01
1.138995689999999961e+01 5.179388420000000437e+00 8.595781549999999882e+00
1.112906931000000021e+01 4.534002669999999569e+00 9.969894829999999430e+00
1.004626602999999996e+01 3.632928660000000143e+00 9.956477299999999531e+00
1.066885330000000032e+01 5.969142660000000156e+00 8.261843230000000204e+00
1.131467066000000088e+01 4.511290510000000253e+00 7.781847560000000108e+00
1.242154258999999961e+01 5.592705379999999948e+00 8.560396150000000759e+00
1.203670797999999920e+01 3.944635920000000073e+00 1.023771044000000074e+01
1.109994548999999964e+01 5.365036589999999883e+00 1.080052215000000082e+01
1.031552517000000080e+01 2.904598249999999826e+00 9.368153919999999246e+00
1.245477057000000087e+01 4.228162860000000300e+00 1.305449697000000064e+01
1.246333395000000088e+01 4.209587579999999996e+00 1.457895066000000028e+01
1.115041992999999998e+01 4.196935169999999715e+00 1.516974090999999980e+01
1.347169393999999976e+01 4.022154289999999577e+00 1.280780256999999978e+01
1.207477145999999912e+01 5.256032000000000259e+00 1.275074556999999942e+01
1.182648604000000070e+01 3.440284539999999947e+00 1.259067446000000068e+01
1.301621118000000088e+01 3.309858129999999843e+00 1.491393395999999960e+01
1.306168139000000039e+01 5.039272249999999786e+00 1.502898442999999951e+01
1.072200276999999957e+01 3.697917170000000198e+00 1.444457889999999978e+01
1.343209340000000029e+00 1.589947128000000021e+01 3.472470159999999861e+00
2.530903959999999842e+00 1.494577568999999961e+01 3.458136890000000019e+00
3.598745259999999835e+00 1.557445886000000002e+01 4.185030130000000348e+00
1.810811729999999953e+00 1.686162260000000046e+01 3.164244520000000005e+00
9.580762699999998411e-01 1.601555729000000028e+01 4.486278569999999633e+00
5.375407999999999298e-01 1.565156752000000040e+01 2.769825909999999780e+00
2.318529890000000204e+00 1.396321361999999944e+01 3.846218400000000148e+00
2.898892570000000113e+00 1.484927352999999961e+01 2.476648920000000142e+00
3.850689989999999785e+00 1.492644188999999955e+01 4.903379840000000378e+00
9.202915589999999924e+00 1.040008463999999933e+01 9.597120289999999443e+00
9.760890149999999821e+00 9.507413630000000282e+00 1.078701182000000003e+01
8.884241499999999903e+00 9.788586450000000383e+00 1.183557021999999925e+01
9.855082409999999626e+00 1.010747899999999966e+01 8.680860539999999403e+00
9.369588229999999740e+00 1.146257235999999935e+01 9.777660859999999232e+00
8.188612720000000067e+00 1.012572164999999913e+01 9.327272819999999243e+00
9.690220030000000762e+00 8.481231460000000055e+00 1.035729049000000046e+01
1.079725303000000025e+01 9.766080479999999397e+00 1.103212886999999931e+01
8.269326200000000071e+00 9.089164860000000346e+00 1.190156694000000037e+01
1.523504203999999973e+01 3.722788060000000065e+00 2.594624870000000083e+00
1.644703389000000016e+01 4.560233229999999693e+00 3.042236799999999963e+00
1.758704433999999850e+01 4.259014890000000442e+00 2.187479240000000047e+00
1.523321716000000059e+01 3.781550709999999871e+00 1.543488229999999906e+00
1.432973748000000036e+01 4.209140549999999870e+00 3.052975599999999901e+00
1.539509405999999991e+01 2.657478760000000051e+00 2.894043939999999981e+00
1.613754232999999871e+01 5.548003890000000382e+00 3.004891209999999813e+00
1.665558829000000074e+01 4.406531189999999931e+00 4.085864329999999711e+00
1.722607780999999960e+01 4.279273749999999765e+00 1.282492669999999890e+00
1.232468099999999955e+00 1.398063220000000051e+00 1.067506636000000064e+01
1.307742100000000018e-01 7.329300899999999785e-01 9.801159500000000691e+00
-1.157939094021101178e+00 4.715552499999999814e-01 1.041705241000000015e+01
1.119354570000000049e+00 2.545321019999999823e+00 1.070568276999999924e+01
2.342084520000000225e+00 1.130150039999999967e+00 1.041775308999999972e+01
9.741533900000000079e-01 1.063854889999999997e+00 1.165717083000000009e+01
6.852529999999995569e-03 1.312320949999999931e+00 8.850010790000000682e+00
4.418645700000000121e-01 -2.183239740211000424e-01 9.396716089999999966e+00
-1.469437944021100728e+00 -4.190218040211028949e-01 1.006291507000000074e+01
9.034501540000000830e+00 1.682271882999999946e+01 1.506240900999999965e+01
8.125714179999999232e+00 1.809125958999999995e+01 1.483010683000000007e+01
8.952783200000000718e+00 1.925002127402110119e+01 1.453502295999999916e+01
9.902184050000000681e+00 1.686172217000000018e+01 1.440484056999999929e+01
8.470547859999999929e+00 1.589454094999999967e+01 1.501639373999999982e+01
9.454622699999999824e+00 1.683028815000000122e+01 1.609385937000000055e+01
7.485315169999999796e+00 1.789902130999999841e+01 1.393152704999999969e+01
7.540863800000000339e+00 1.829899504000000121e+01 1.570906723999999954e+01
9.063806910000000272e+00 1.932717905402110148e+01 1.358349270000000075e+01
3.706261650000000074e+00 1.630742519000000001e+01 1.249380778999999997e+01
3.306921439999999990e+00 1.501665075999999921e+01 1.173362975000000041e+01
3.145039109999999916e+00 1.385733603999999985e+01 1.251380507999999914e+01
4.595542690000000263e+00 1.622271175999999926e+01 1.314873603000000024e+01
2.843243750000000070e+00 1.656813628000000094e+01 1.312847567000000026e+01
3.764284640000000071e+00 1.720806603000000123e+01 1.193927882000000018e+01
2.391063169999999793e+00 1.523047445000000089e+01 1.129298175999999998e+01
4.115838390000000402e+00 1.498398940999999951e+01 1.094483783999999993e+01
3.519132610000000216e+00 1.303659692999999997e+01 1.205225423000000085e+01
4.589087959999999633e+00 8.450783590000000345e+00 1.373338934000000044e+01
4.267378960000000276e+00 9.401176740000000365e+00 1.489316868999999954e+01
3.404805280000000156e+00 8.807679439999999360e+00 1.587046587999999936e+01
4.864731459999999785e+00 7.495431530000000286e+00 1.416035587999999912e+01
5.356081360000000124e+00 8.814843820000000107e+00 1.300139150000000043e+01
3.660082479999999805e+00 8.164820479999999492e+00 1.319687610999999983e+01
5.284162260000000444e+00 9.669325730000000618e+00 1.531509969999999932e+01
3.793516379999999799e+00 1.035736999000000047e+01 1.451090319000000051e+01
3.617496490000000176e+00 9.057739180000000445e+00 1.682406011999999862e+01
1.234870274999999928e+01 1.489792167999999961e+01 1.531134772000000055e+01
1.252920059000000030e+01 1.371266800000000075e+01 1.633721613000000161e+01
1.353831160000000011e+01 1.413581476999999964e+01 1.727918923000000007e+01
1.334253548999999950e+01 1.515043522000000031e+01 1.489372548000000052e+01
1.210629323999999940e+01 1.588263214000000012e+01 1.566504349999999945e+01
1.168560433999999937e+01 1.457695567000000025e+01 1.448808936000000003e+01
1.151254866000000021e+01 1.357686692000000050e+01 1.672630592000000149e+01
1.293130997999999998e+01 1.280589548000000022e+01 1.581609002999999980e+01
1.407705542000000065e+01 1.334684762999999919e+01 1.740448553999999959e+01
1.385046977000000012e+01 1.887588350402110038e+01 9.117664579999999575e+00
1.432551246000000056e+01 1.810729813000000021e+01 7.867123999999999562e+00
1.340742947999999934e+01 1.700008709999999823e+01 7.786782640000000200e+00
1.444813910999999962e+01 1.979012023402110287e+01 9.281134529999999216e+00
1.397851827999999941e+01 1.825445329000000072e+01 1.001378848999999960e+01
1.280867055000000043e+01 1.924412387402110269e+01 9.050322850000000585e+00
1.423824454999999922e+01 1.875592413402110026e+01 6.988851280000000443e+00
1.535317807000000023e+01 1.778031354999999891e+01 7.933696959999999798e+00
1.378423910999999968e+01 1.627824852000000178e+01 7.194316009999999650e+00
1.660193548999999891e+01 1.490287389999999945e+01 7.730461339999999737e+00
1.749917280000000019e+01 1.586770334999999932e+01 8.436163379999999989e+00
1.668580556999999942e+01 1.635564541000000105e+01 9.458187029999999496e+00
1.714790483000000165e+01 1.443607744000000004e+01 6.880772359999999921e+00
1.632278497000000073e+01 1.400552715000000070e+01 8.310406439999999506e+00
1.567757884000000068e+01 1.536605480999999962e+01 7.243553770000000114e+00
1.836111208999999889e+01 1.532757787000000071e+01 8.931877390000000361e+00
1.782117125999999985e+01 1.667122206000000162e+01 7.738041280000000022e+00
1.644004552000000174e+01 1.566111661000000055e+01 1.003456335999999993e+01
1.543035704999999957e+01 2.665049320000000055e+00 1.708469967999999994e+01
1.688649150999999904e+01 3.042072899999999969e+00 1.695629469000000000e+01
1.701273424000000034e+01 4.346210909999999927e+00 1.761422646999999841e+01
1.544203893999999977e+01 1.569709309999999913e+00 1.715138976000000071e+01
1.488515182999999986e+01 2.955355560000000104e+00 1.615915644000000029e+01
1.493447540000000018e+01 3.123503490000000049e+00 1.797228893999999855e+01
1.751450223999999878e+01 2.290240299999999785e+00 1.748705062000000154e+01
1.721403970000000072e+01 3.016931469999999837e+00 1.596071680999999920e+01
1.692167892000000151e+01 4.926072330000000221e+00 1.688239437000000009e+01
6.888092770000000087e+00 4.334683980000000325e+00 1.709482558999999924e+01
8.022709710000000882e+00 3.460229210000000055e+00 1.657186455000000080e+01
7.601782059999999674e+00 2.141930690000000137e+00 1.686657659999999836e+01
7.215934859999999951e+00 5.283853269999999824e+00 1.698080223999999916e+01
6.676122610000000179e+00 4.153431249999999686e+00 1.822346402000000154e+01
6.056923929999999956e+00 4.161588509999999630e+00 1.645143567999999945e+01
8.254701669999999325e+00 3.605010200000000165e+00 1.549733224999999948e+01
8.970258080000000689e+00 3.779888960000000075e+00 1.705688170000000170e+01
8.418732340000000036e+00 1.592540679999999931e+00 1.675682271000000156e+01
6.611066509999999674e+00 8.371005739999999307e+00 4.619416679999999609e+00
6.905510139999999630e+00 9.099928500000000753e+00 5.878105530000000023e+00
8.069165729999999925e+00 9.950817419999999913e+00 5.794432800000000050e+00
6.953021490000000249e+00 7.336212609999999579e+00 4.645851740000000341e+00
7.068345540000000149e+00 8.875877559999999278e+00 3.702580610000000050e+00
5.509556850000000061e+00 8.366160219999999370e+00 4.325990919999999740e+00
6.089271929999999777e+00 9.768751189999999696e+00 6.048839820000000422e+00
6.987069189999999708e+00 8.379970809999999659e+00 6.750739730000000272e+00
8.473751829999999430e+00 9.625465800000000627e+00 4.960404910000000278e+00
1.029217855999999998e+01 -2.095046402110223305e-02 6.605801210000000090e+00
1.074348003000000062e+01 1.297045860000000106e+00 7.222934399999999755e+00
1.034115667000000016e+01 1.384841910000000009e+00 8.525652170000000751e+00
1.085260440000000060e+01 1.057080000000043540e-03 5.685762590000000394e+00
9.221118849999999867e+00 -1.621643402110062304e-02 6.472940819999999817e+00
1.068092666000000079e+01 -7.928004940211017537e-01 7.253739559999999642e+00
1.184209618000000042e+01 1.396241620000000072e+00 7.157852339999999813e+00
1.038919845000000031e+01 2.190502040000000150e+00 6.645586940000000276e+00
1.069664700000000046e+01 5.636772399999999683e-01 8.889228609999999975e+00
5.843432319999999791e+00 2.356762840000000025e+00 7.978429460000000084e+00
7.083157009999999865e+00 3.288243399999999816e+00 7.708753739999999688e+00
7.166276629999999592e+00 3.846869809999999834e+00 6.388872929999999783e+00
5.658750870000000432e+00 1.645475040000000000e+00 7.178949969999999681e+00
4.981054349999999964e+00 2.942839039999999962e+00 8.208145469999999833e+00
6.027585150000000169e+00 1.803460150000000040e+00 8.910221010000000774e+00
6.903552069999999929e+00 4.073728939999999632e+00 8.460960059999999672e+00
8.002466800000000546e+00 2.755999790000000171e+00 7.869140319999999633e+00
7.596571510000000416e+00 3.217119149999999816e+00 5.790113719999999908e+00
1.545961546999999925e+01 6.840680189999999605e+00 1.374736099999999972e+01
1.599969721999999983e+01 7.310226830000000398e+00 1.515661702000000055e+01
1.703963464999999999e+01 6.540664900000000337e+00 1.571666221000000085e+01
1.503923535999999928e+01 5.808427660000000436e+00 1.374543223999999952e+01
1.631134330000000077e+01 6.863690169999999924e+00 1.306398214999999929e+01
1.469966237000000042e+01 7.494597520000000124e+00 1.335679735000000079e+01
1.633252635999999924e+01 8.341263489999999337e+00 1.495375781000000082e+01
1.513563929999999935e+01 7.368920730000000141e+00 1.578720713999999958e+01
1.784767339000000064e+01 7.030053780000000252e+00 1.547813741000000043e+01
