Run semi-empirical minimization
 &qmmm
  qm_theory='AM1', grms_tol=0.05, scfconv=1.d-10, ndiis_attempts=700,   qmcharge=0,
 /
   6     C        1.3330        0.1080        0.1280 
   6    C1        0.4630       -0.8430        0.9740 
   6    C2        0.6750       -2.3440        0.6960 
   6    C3       -0.0840       -2.8270       -0.5480 
   6    C4       -1.5530       -2.3800       -0.4730 
   6    C5       -1.6460       -0.8670       -0.2110 
   8     O       -0.9280       -0.4790        0.9460 
   8    O1       -1.1850       -0.1730       -1.3630 
   8    O2       -2.2420       -2.7340       -1.6780 
   8    O3        0.6090       -2.3500       -1.7160 
   8    O4        2.0650       -2.6540        0.5740 
   8    O5        0.9980        1.4740        0.3940 
   1     H        1.2040       -0.0400       -0.9460 
   1    H1        2.3950       -0.0310        0.3500 
   1    H2        0.7730       -0.6640        2.0110 
   1    H3        0.2890       -2.9000        1.5580 
   1    H4       -0.0310       -3.9190       -0.6180 
   1    H5       -2.0310       -2.9140        0.3550 
   1    H6       -2.6960       -0.5890       -0.0740 
   1    H7       -1.1690        0.7650       -1.0840 
   1    H8       -2.1240       -1.9920       -2.3030 
   1    H9        0.0410       -1.6790       -2.1460 
   1   H10        2.2510       -2.6750       -0.3880 
   1   H11        1.0340        1.5960        1.3590 

