Run semi-empirical minimization
 &qmmm
  qm_theory='AM1', grms_tol=0.05, scfconv=1.d-10, ndiis_attempts=700,   qmcharge=0,
 /
   8     O       13.9230       12.8130       37.7840 
   6     C       12.5370       12.6160       37.6340 
   6    C1       12.0430       11.2780       38.2270 
   6    C2       10.5580       11.2260       37.7470 
   8    O1       12.6220        9.9830       37.9230 
   6    C3       13.9990        9.4790       38.0040 
   6    C4       14.7870        9.2520       39.4030 
   6    C5       14.0210        8.2410       40.2860 
   8    O2       16.1220        8.6640       39.5780 
   6    C6       17.3440        8.8740       38.8870 
   6    C7       18.1400       10.1720       38.9220 
   6    C8       19.0930       10.4330       40.2120 
   8    O3       18.6990       10.5490       37.3490 
   6    C9       18.3060       11.6340       35.9380 
   6   C10       17.6240       13.3840       35.7690 
   6   C11       18.4180       14.6300       36.6300 
   8    O4       17.2320       14.1980       34.5650 
   6   C12       16.5440       14.1120       33.2330 
   6   C13       14.7690       14.0170       32.9170 
   6   C14       13.9960       15.0260       33.8130 
   8    O5       13.8990       13.1460       31.5320 
   6   C15       12.2180       12.4700       31.1270 
   6   C16       11.3050       10.4520       31.5640 
   6   C17       11.2400        9.6480       33.2300 
   8    O6        9.3560       10.3140       31.9630 
   6   C18        7.9230       10.5400       30.7520 
   6   C19        6.9610       11.8960       29.9210 
   6   C20        7.9730       12.9010       29.1930 
   8    O7        5.9790       11.7070       28.7800 
   6   C21        4.6580       11.2830       28.2050 
   6   C22        3.0770       11.0440       28.8280 
   6   C23        2.7020       12.4860       29.3490 
   8    O8        1.7730       10.6160       28.1240 
   6   C24        0.9320        9.6400       27.2660 
   6   C25        0.4620        7.9350       27.4790 
   6   C26       -0.1050        7.9880       28.9400 
   8    O9       -0.4910        6.9010       26.7990 
   6   C27       -1.3180        6.1980       25.6720 
   6   C28       -0.8670        5.0810       24.2810 
   6   C29        0.0500        4.0870       25.0440 
   8   O10       -1.7440        3.9560       23.3940 
   6   C30       -2.5620        3.9610       21.9630 
   6   C31       -2.7090        2.4560       20.7960 
   6   C32       -2.9480        1.3210       21.7500 
   8   O11       -3.8540        2.1150       19.6800 
   6   C33       -3.8830        1.0170       18.3870 
   6   C34       -3.9740       -0.8040       18.2360 
   6   C35       -5.1170       -1.1250       19.2520 
   8   O12       -4.3330       -1.8150       17.0790 
   6   C36       -4.2400       -2.4870       15.6710 
   6   C37       -2.9390       -3.3140       14.7450 
   6   C38       -2.4890       -4.4170       15.7700 
   8   O13       -2.8890       -4.1210       13.4170 
   6   C39       -3.0840       -4.4040       11.9090 
   6   C40       -2.6390       -3.5510       10.4070 
   6   C41       -1.0930       -3.3660       10.6170 
   8   O14       -2.6850       -3.9060        8.8990 
   6   C42       -3.3040       -4.3690        7.5620 
   6   C43       -4.7120       -3.8590        6.5980 
   6   C44       -4.4260       -2.3230        6.4400 
   8   O15       -5.2240       -4.2020        5.1810 
   6   C45       -5.7140       -5.1070        4.0380 
   6   C46       -6.9490       -6.3700        3.9060 
   6   C47       -8.2220       -5.5980        4.4000 
   8   O16       -7.5210       -7.0980        2.6830 
   6   C48       -7.3980       -8.1560        1.5820 
   6   C49       -6.6490       -9.7620        1.5530 
   6   C50       -7.5320      -10.6050        2.4690 
   8   O17       -6.3370      -10.5900        0.2930 
   6   C51       -5.6910      -11.9990        0.4240 
   6   C52       -4.1200      -12.5250       -0.1320 
   6   C53       -4.2060      -12.1410       -1.6570 
   8   O18       -2.6710      -12.3820        0.2630 
   6   C54       -1.6450      -12.1360        1.3670 
   6   C55       -0.6300      -13.2970        2.3370 
   6   C56       -0.1390      -14.2720        1.2200 
   8   O19        0.7950      -13.0940        3.1660 
   6   C57        1.1840      -12.5080        4.6170 
   6   C58        2.6790      -13.0090        5.5960 
   6   C59        3.7750      -13.1690        4.4900 
   8   O20        3.5170      -12.4320        6.8010 
   6   C60        3.6970      -11.5790        8.0840 
   6   C61        3.5080      -12.0060        9.8240 
   6   C62        4.4020      -13.3010        9.9370 
   8   O21        3.8560      -11.2960       11.1570 
   6   C63        3.8580      -10.1520       12.1940 
   6   C64        2.5820       -9.2140       13.0000 
   6   C65        1.6920      -10.3660       13.5860 
   8   O22        2.5570       -8.1980       14.1660 
   6   C66        2.9700       -6.9440       14.9610 
   6   C67        3.0420       -5.2070       14.5810 
   6   C68        1.5750       -4.9590       14.0760 
   8   O23        3.2720       -3.9380       15.4370 
   6   C69        4.0650       -2.9980       16.3710 
   6   C70        5.7060       -2.3320       16.3560 
   6   C71        5.7500       -1.6890       14.9240 
   8   O24        6.4370       -1.2530       17.1950 
   6   C72        6.9370       -0.5790       18.4930 
   6   C73        7.9520       -1.1160       19.8540 
   6   C74        9.2050       -1.6710       19.0880 
   8   O25        8.6290       -0.4030       21.0540 
   6   C75        8.7120        0.5050       22.3050 
   6   C76        7.8610        0.5220       23.8790 
   6   C77        8.0930       -0.9580       24.3370 
   8   O26        8.0430        1.2620       25.2300 
   6   C78        8.2020        2.4580       26.1910 
   6   C79        7.1790        3.8660       26.6200 
   6   C80        5.7870        3.2040       26.7300 
   8   O27        7.1650        4.7860       27.9650 
   6   C81        8.0460        6.0010       28.3760 
   6   C82        7.5720        7.3040       29.5350 
   6   C83        6.6280        6.5860       30.6060 
   8   O28        8.5590        8.2170       30.3680 
   6   C84        9.8100        9.5330       30.2620 
   6   C85        9.9790       11.5690       30.9370 
   6   C86        8.8700       12.4850       31.9010 
   8   O29       11.1020       11.8620       32.5770 
   6   C87       12.8690       11.1140       32.6230 
   6   C88       13.7900       11.4300       33.6510 
   6   C89       13.3260       12.0040       34.9040 
   8   O30       15.0790       10.9560       33.3390 
   6   C90       15.8820       10.4110       34.3530 
   6   C91       15.7760        8.8810       34.3020 
   6   C92       16.2520        8.3770       32.9590 
   8   O31       16.2860        7.9260       35.2250 
   6   C93       17.4830        8.0430       35.9590 
   6   C94       18.9050        7.3800       35.8440 
   6   C95       18.8190        5.9760       35.2470 
   8   O32       20.0620        8.0400       35.2630 
   6   C96       20.3580        9.4390       35.5170 
   6   C97       20.9620        9.9650       36.9470 
   6   C98       22.4320        9.5120       37.1670 
   8   O33       20.9450       11.3870       37.4710 
   6   C99       19.9270       12.5210       37.4860 
   6  C100       18.1720       12.5620       38.2510 
   6  C101       17.0690       13.5300       38.7330 
   8   O34       17.0190       11.7930       37.5640 
   1     H       16.3890       11.2570       38.0680 
   1    H1       14.0310       13.2950       38.6200 
   1    H2       12.0170       13.4720       38.0890 
   1    H3       12.2260       12.7460       36.6030 
   1    H4       12.0620       11.3980       39.3100 
   1    H5       10.4820       10.8960       36.7000 
   1    H6        9.9720       10.5280       38.3460 
   1    H7       10.0590       12.2070       37.7980 
   1    H8       13.8820        8.4720       37.5690 
   1    H9       14.6070       10.0170       37.2760 
   1   H10       14.8210       10.2160       39.9080 
   1   H11       14.0140        7.2380       39.8310 
   1   H12       14.5630        8.1020       41.2350 
   1   H13       12.9990        8.5350       40.5160 
   1   H14       18.0230        8.0450       39.1320 
   1   H15       17.0250        8.8380       37.8920 
   1   H16       17.3450       10.8120       39.2830 
   1   H17       20.1400       10.6820       40.0170 
   1   H18       18.7190       11.3280       40.7680 
   1   H19       18.9970        9.6890       41.0130 
   1   H20       19.2000       11.6350       35.2930 
   1   H21       17.6500       10.9490       35.4860 
   1   H22       16.6350       13.2490       36.1890 
   1   H23       19.2680       15.0700       36.1020 
   1   H24       17.7110       15.4440       36.8460 
   1   H25       18.8340       14.4750       37.6380 
   1   H26       16.7900       15.1220       32.8650 
   1   H27       17.1050       13.3770       32.6700 
   1   H28       14.9110       13.2480       33.6320 
   1   H29       14.2380       16.0750       33.6080 
   1   H30       12.9180       14.8700       33.8220 
   1   H31       14.3340       14.8990       34.8640 
   1   H32       11.7700       13.2940       31.7670 
   1   H33       12.0140       12.8450       30.1650 
   1   H34       11.7710        9.8270       30.7940 
   1   H35       10.6790       10.3100       33.9010 
   1   H36       10.7310        8.7000       33.1670 
   1   H37       12.1740        9.4810       33.8040 
   1   H38        8.2170       10.1920       29.7580 
   1   H39        7.1980        9.8610       31.2030 
   1   H40        6.4130       12.4490       30.6830 
   1   H41        8.5410       12.4100       28.3910 
   1   H42        7.4420       13.7410       28.7260 
   1   H43        8.7150       13.4000       29.8130 
   1   H44        4.4860       12.0990       27.4730 
   1   H45        4.8990       10.4360       27.5610 
   1   H46        3.1860       10.4020       29.7010 
   1   H47        2.6030       13.2010       28.5160 
   1   H48        1.7330       12.5020       29.8620 
   1   H49        3.4560       12.8990       30.0300 
   1   H50       -0.0590       10.1200       27.4030 
   1   H51        1.1610        9.8360       26.2180 
   1   H52        1.4200        7.4140       27.5240 
   1   H53       -1.0670        8.5220       28.9610 
   1   H54       -0.2960        6.9950       29.3570 
   1   H55        0.5700        8.5230       29.6200 
   1   H56       -1.8620        5.4630       26.3030 
   1   H57       -2.1110        6.8810       25.3580 
   1   H58       -0.2830        5.6720       23.5720 
   1   H59       -0.5630        3.4280       25.6770 
   1   H60        0.5890        3.4340       24.3530 
   1   H61        0.7730        4.5880       25.6970 
   1   H62       -3.5850        4.1250       22.3200 
   1   H63       -2.2290        4.8360       21.3960 
   1   H64       -1.7750        2.4170       20.2300 
   1   H65       -3.8510        1.5550       22.3270 
   1   H66       -3.1470        0.3940       21.2090 
   1   H67       -2.1040        1.1980       22.4230 
   1   H68       -4.8850        1.2790       17.9970 
   1   H69       -3.1790        1.4020       17.6470 
   1   H70       -3.0360       -1.1810       18.6520 
   1   H71       -6.0810       -0.7610       18.8680 
   1   H72       -5.2480       -2.2010       19.4190 
   1   H73       -4.9510       -0.6450       20.2200 
   1   H74       -4.9010       -3.3650       15.8500 
   1   H75       -4.8290       -1.8840       14.9790 
   1   H76       -2.1390       -2.5780       14.6730 
   1   H77       -3.2440       -5.2150       15.8490 
   1   H78       -1.5640       -4.9200       15.4640 
   1   H79       -2.3420       -4.0110       16.7770 
   1   H80       -2.4310       -5.2980       11.8060 
   1   H81       -4.0830       -4.8270       11.7840 
   1   H82       -3.1080       -2.5710       10.4950 
   1   H83       -0.5640       -4.3240       10.5010 
   1   H84       -0.6490       -2.6910        9.8750 
   1   H85       -0.8540       -2.9850       11.6160 
   1   H86       -2.4920       -4.0520        6.8700 
   1   H87       -3.2320       -5.4570        7.5250 
   1   H88       -5.5670       -3.9750        7.2630 
   1   H89       -3.6000       -2.1480        5.7320 
   1   H90       -5.2850       -1.7770        6.0330 
   1   H91       -4.1400       -1.8560        7.3890 
   1   H92       -6.1680       -4.3370        3.3740 
   1   H93       -4.8380       -5.4130        3.4610 
   1   H94       -6.6910       -7.1310        4.6390 
   1   H95       -8.5650       -4.8690        3.6470 
   1   H96       -9.0760       -6.2660        4.5670 
   1   H97       -8.0310       -5.0430        5.3240 
   1   H98       -8.4780       -8.4230        1.4490 
   1   H99       -7.2340       -7.6230        0.6340 
   1  H100       -5.6500       -9.5770        1.9140 
   1  H101       -8.5590      -10.7030        2.0870 
   1  H102       -7.1700      -11.6240        2.5990 
   1  H103       -7.5750      -10.1260        3.4460 
   1  H104       -5.9840      -12.5340        1.3330 
   1  H105       -6.3290      -12.5550       -0.3160 
   1  H106       -4.2260      -13.6280       -0.1570 
   1  H107       -4.3840      -11.0650       -1.7510 
   1  H108       -3.3060      -12.3860       -2.2300 
   1  H109       -5.0520      -12.6370       -2.1670 
   1  H110       -0.8430      -11.7260        0.7280 
   1  H111       -1.9830      -11.3040        1.9780 
   1  H112       -1.3040      -13.8410        3.0060 
   1  H113        0.6150      -13.7740        0.5950 
   1  H114        0.3510      -15.1580        1.6390 
   1  H115       -0.9460      -14.6060        0.5570 
   1  H116        1.3880      -11.4650        4.3840 
   1  H117        0.3240      -12.6480        5.2670 
   1  H118        2.4760      -14.0390        5.9310 
   1  H119        3.9610      -12.1980        4.0180 
   1  H120        4.7450      -13.5130        4.8790 
   1  H121        3.4670      -13.8700        3.7050 
   1  H122        4.8050      -11.4790        8.0700 
   1  H123        3.3450      -10.5670        7.9040 
   1  H124        2.4690      -12.3230        9.9210 
   1  H125        5.4730      -13.0470        9.9030 
   1  H126        4.2580      -13.8300       10.8890 
   1  H127        4.2130      -14.0100        9.1240 
   1  H128        4.2580      -10.7030       13.0730 
   1  H129        4.6800       -9.4810       11.9400 
   1  H130        2.0260       -8.7440       12.1880 
   1  H131        2.1910      -10.8520       14.4390 
   1  H132        0.7330      -10.0000       13.9730 
   1  H133        1.4880      -11.1470       12.8450 
   1  H134        2.1460       -6.9270       15.7090 
   1  H135        3.8350       -7.2070       15.5730 
   1  H136        3.7130       -5.1250       13.7260 
   1  H137        0.8650       -4.9820       14.9170 
   1  H138        1.4500       -3.9750       13.6100 
   1  H139        1.2500       -5.7230       13.3600 
   1  H140        3.4860       -2.0610       16.2180 
   1  H141        3.8090       -3.2690       17.3960 
   1  H142        6.3650       -3.2000       16.3520 
   1  H143        5.1330       -0.7780       14.8820 
   1  H144        6.7600       -1.3770       14.6330 
   1  H145        5.3670       -2.3700       14.1550 
   1  H146        7.6220        0.1750       18.0490 
   1  H147        6.1220        0.0330       18.8810 
   1  H148        7.4200       -1.9680       20.2790 
   1  H149        9.7990       -0.8480       18.6620 
   1  H150        9.8880       -2.2230       19.7450 
   1  H151        8.9230       -2.3280       18.2570 
   1  H152        9.7330        0.2350       22.6540 
   1  H153        8.8440        1.5310       21.9580 
   1  H154        6.8090        0.6380       23.6170 
   1  H155        9.1380       -1.1080       24.6500 
   1  H156        7.4800       -1.2260       25.2040 
   1  H157        7.8920       -1.6760       23.5340 
   1  H158        8.1640        1.9240       27.1620 
   1  H159        9.2420        2.7890       26.1310 
   1  H160        7.2010        4.5600       25.7760 
   1  H161        5.7530        2.5610       27.6200 
   1  H162        4.9910        3.9440       26.8540 
   1  H163        5.5620        2.5820       25.8580 
   1  H164        8.8880        5.5320       28.8780 
   1  H165        8.3220        6.5390       27.4730 
   1  H166        6.8940        8.0070       29.0320 
   1  H167        7.1400        5.7600       31.1150 
   1  H168        6.2700        7.2550       31.4050 
   1  H169        5.7250        6.1560       30.1420 
   1  H170       10.0080        8.8790       31.2530 
   1  H171       10.6860        8.8690       29.9500 
   1  H172       10.4010       12.0580       30.0220 
   1  H173        9.0760       12.3250       32.9680 
   1  H174        8.9880       13.5500       31.7360 
   1  H175        7.8060       12.2390       31.9360 
   1  H176       12.9910       10.0310       32.4180 
   1  H177       13.4160       11.2000       31.6320 
   1  H178       13.8210       12.3160       33.1470 
   1  H179       13.1540       11.1840       35.5760 
   1  H180       14.0590       12.6980       35.3200 
   1  H181       12.4090       12.5730       34.6800 
   1  H182       16.8670       10.7160       33.9920 
   1  H183       15.6630       10.8900       35.3120 
   1  H184       14.6910        8.7290       34.3410 
   1  H185       16.3660        7.2920       33.0070 
   1  H186       15.5300        8.6290       32.1810 
   1  H187       17.2260        8.8060       32.7030 
   1  H188       17.5960        9.0750       36.2030 
   1  H189       17.1230        7.4440       36.8130 
   1  H190       19.2270        7.2480       36.8890 
   1  H191       19.7910        5.6630       34.8550 
   1  H192       18.5100        5.2420       36.0020 
   1  H193       18.0970        5.9290       34.4270 
   1  H194       21.0320        9.7450       34.7050 
   1  H195       19.4230        9.8710       35.2410 
   1  H196       20.4500        9.3650       37.6990 
   1  H197       23.0870       10.3500       37.4350 
   1  H198       22.4560        8.8390       38.0360 
   1  H199       22.8860        8.9680       36.3330 
   1  H200       20.4910       13.3320       37.9630 
   1  H201       19.9890       12.8570       36.4410 
   1  H202       18.5080       12.2620       39.2150 
   1  H203       16.1920       12.9110       39.0310 
   1  H204       16.5810       14.1290       37.9630 
   1  H205       17.3060       14.0820       39.6210 

