3.528709451925733931e-01 -1.870344624970007530e+00 -2.016346047196639069e-01
-2.861385140821960660e-02 5.065704658091881862e-01 1.721888284114032608e+00
-1.848080035619312111e+00 2.670236271206495315e-01 -7.529096623164344138e-01
4.169899038409775049e-01 -3.428518895912459341e-02 1.818908291824505863e+00
1.322199240393067354e+00 9.361003399323796215e-01 -9.406852402992771367e-01
-1.615484925127314897e+00 8.101460109038223223e-01 -2.448029390735369515e-01
3.624502192449930993e-01 -1.460911989516505916e+00 -1.294271334845615851e+00
-1.821674410175871062e+00 2.863239178369973367e-03 3.197154703042733304e-01
5.441513746224307946e-01 1.568472200688429297e+00 -7.481345549886302404e-01
1.424543409918719306e+00 -9.194465197038234616e-02 -1.227878346309115187e+00
-1.492437400356295019e+00 1.485617712295088100e-01 -8.898175106899269826e-01
2.449234034821100303e-01 1.463549285880738182e+00 1.128117533143340179e+00
1.592007382144350780e+00 -7.328946065028225654e-01 3.913917453722267070e-01
-1.457871704161928683e+00 -9.749912271407487063e-01 9.084210002997473721e-01
-3.548200381891623012e-01 -5.951705493195529051e-02 -1.796051275035467798e+00
-1.357834706646347867e+00 -9.490088121853070824e-01 -8.597393538751081365e-01
1.684578804476572378e+00 -5.953141651814778390e-01 -5.593860395815275499e-01
-1.208161473529191093e-01 -2.000507475136802660e-01 1.930944706809650580e+00
-3.288525612046473423e-01 1.644744135304888610e+00 -8.162933942096471940e-01
1.804562460151118097e+00 -3.702595118556814002e-01 1.068071645221558286e-01
-8.771558271655489625e-01 -1.457057512698715751e+00 -9.417022711553705294e-01
-7.163698484217660978e-01 1.246091815584954299e+00 -1.027639313116958553e+00
-1.118178258794978230e+00 -2.518179254942088385e-01 1.588936692495258596e+00
1.694263989223122824e+00 4.244549987037315453e-01 6.356000955646924355e-01
7.590145372484192743e-01 1.678322683460268250e+00 -4.620905680021951123e-01
8.191621570750008408e-01 -1.309042874674172463e+00 -8.461604981491305244e-01
-1.946032345630545279e+00 5.131168994763806238e-03 -5.352216381286665214e-01
-1.023211141364595012e-01 1.790620530077289496e+00 -3.795987697000924865e-01
-1.529337454707395960e-01 -9.789341790145904554e-01 -1.610281893294316369e+00
-1.328694760075816550e+00 -4.821352595973191213e-01 1.150147341780681343e+00
-8.119474053132591518e-02 -6.010645635045213098e-01 1.750366829206888575e+00
-8.060720275680199887e-01 1.747899998626583962e+00 -1.289155055789738547e-01
-9.999625191835563864e-01 -1.242515444399395763e+00 -1.122185957886840280e+00
8.888130162017032765e-01 -1.140252304960364532e-01 -1.664469413695490729e+00
1.266134297705301837e+00 7.807001481378305074e-01 1.218945295603154566e+00
-3.906025786127181876e-01 -1.624131080333902855e+00 5.933596445620237247e-01
4.424822957117920397e-01 -1.765274972216456240e+00 6.040943298377928761e-01
-1.511842545061437448e+00 -3.302943876067849366e-02 -9.323197364241381235e-01
1.462559729363420047e+00 6.781628897276245072e-01 -1.050005586340448493e+00
1.340230716190424776e+00 7.989217828640255981e-01 9.974593832404943239e-01
1.952592132210683451e-01 -1.869279033700403270e+00 7.680148808715983599e-02
7.378108800574086079e-02 6.121651089876503082e-01 -1.756890831901707584e+00
-1.677649994448294990e+00 -4.593784857192679816e-01 -1.086352887735287043e+00
5.934168987786275773e-02 -1.178540581933496423e+00 1.391538563573196052e+00
-2.925423885928338241e-01 1.743262311024822431e+00 7.029284124218224683e-01
5.716663965749463339e-01 1.121639353034553421e+00 -1.486046878758526368e+00
-1.134207566168528025e+00 8.807014098001335611e-01 1.065875283175848676e+00
1.539888369318231920e+00 -5.707912043944823877e-01 9.119390125314017492e-01
5.068205207178800853e-01 1.723730745935565523e+00 3.086529662133240537e-01
1.530929813587971866e+00 -1.088235120103183240e+00 -1.744446157228197736e-01
-9.601561408956940102e-01 -1.086417971177692510e-01 -1.776807181830312610e+00
1.186796716806107321e+00 1.448737255024897363e+00 2.702292868606934739e-01
-5.435148537522461742e-01 -6.229274126984203352e-01 1.696929809756228869e+00
8.730243974849970501e-01 -1.359073501527324535e+00 -8.958183962102049813e-01
1.670540707341713338e+00 1.350538108253007408e-01 5.893070354932974375e-01
-5.705803916794859321e-01 1.509549974797830929e+00 -8.813120002326915170e-01
-1.186533068824194626e+00 -3.017915382911391387e-01 1.421173624626797638e+00
8.686390222987939724e-01 1.211872766773609778e+00 9.649992616216180874e-01
1.187345002780534342e+00 -1.365985891466047430e+00 -6.041583085428273714e-01
-8.000631687256173352e-01 7.522439859853429223e-01 -1.459282693980976431e+00
1.933459377322547024e+00 3.499526612724980779e-01 -3.146738330709218379e-01
-2.822547857393139514e-01 -1.905604000186957636e+00 -2.613164576523583915e-01
-9.314286456315494789e-01 1.007409842183786042e+00 -1.339047974724437706e+00
-1.050137962700108396e+00 1.506879824504004484e+00 -2.677285936774946862e-01
-9.561127059505797332e-01 -1.578909375379381475e+00 -1.964455570916003868e-01
7.805016316304074220e-01 1.402608224441178886e-01 1.761880690573513153e+00
-1.426462386813169170e+00 -4.954324553185464330e-02 1.204138019921334735e+00
-6.191680873931013629e-01 4.613929023185693867e-01 -1.633424220524671622e+00
7.808604791569051518e-01 -1.781072957185040773e+00 4.055875248871416983e-03
-9.605236341931404631e-01 8.110877274885252008e-01 1.410560076208450697e+00
4.659582056046633891e-01 1.320435262958941980e+00 -1.160178117204932580e+00
-1.223704504318818831e+00 -1.254968572715612130e+00 -8.740289400052705382e-01
1.119028666432044794e+00 -1.539135034476109665e+00 2.661468018501186306e-01
-1.610072000063695663e+00 -5.677520718093326257e-01 -6.376546189348066829e-01
7.986963203704721126e-01 1.165731295886181185e+00 -1.259228920447460709e+00
6.009419856852502573e-01 -1.555326450054973941e+00 7.676012287636980735e-01
-1.887124433294094850e+00 4.181796099559607904e-02 1.700063572376442900e-01
4.895589027915651648e-01 6.299870689357034426e-02 -1.751277132823811256e+00
1.483333547642018857e+00 1.131334528449747800e+00 4.981608685022007599e-01
6.441854902143301365e-01 -1.698626878529611028e+00 -4.707579533796706905e-01
-1.141750713130132100e+00 -1.580177469817280189e-01 1.429355790125732328e+00
-1.076705071932068547e+00 -1.404119313075049114e+00 5.502194089637453267e-01
1.784649376402659859e+00 -3.538068018658751535e-01 6.471841798042496929e-01
-7.015962912466624513e-01 1.621229799763348911e+00 8.475917574978636404e-01
1.005878243859975152e+00 -1.302502445014535049e+00 -8.258557129445803779e-01
-1.732061330502490115e+00 -7.354810849466772993e-01 4.681000512613634479e-01
-3.734462949958246569e-01 1.442359798147655692e+00 -1.177138862302180122e+00
1.415831931109367559e-01 1.903059501764282180e+00 -2.902502025857329748e-01
1.833533862220179333e+00 -6.697442623932039485e-01 1.687878799184134027e-01
-7.455881352835191933e-01 -7.674233660424295556e-01 -1.452954662094339877e+00
-1.201076984716456186e+00 8.851497069859794176e-02 -1.306017479258418712e+00
1.650125983625146286e+00 -3.858781931411620070e-01 -5.929031958879186215e-01
-4.512447365376540120e-01 -1.314742070820349662e+00 1.223817379661779503e+00
-1.688537558898447699e+00 4.723001187568607318e-01 -3.443885312813882993e-01
1.115870990720762679e+00 4.737920425984208928e-01 -1.556830189783495744e+00
1.211449268093234277e-01 -1.869889569225668291e+00 2.965527294480469478e-01
