Run semi-empirical minimization
 &qmmm
  qm_theory='AM1', grms_tol=0.05, scfconv=1.d-10, ndiis_attempts=700,   qmcharge=0,
 /
   6     C        1.0830       -1.1170        2.1910 
   6    C1        0.5040        0.0860        1.4620 
   6    C2        0.9230        1.4000        2.1260 
   6    C3        0.4070        2.6550        1.3960 
   6    C4       -1.1200        2.7210        1.3500 
   6    C5        0.9540        3.9120        2.0780 
   1     H        2.1780       -1.0990        2.1710 
   1    H1        0.7490       -2.0440        1.7160 
   1    H2        0.7580       -1.1350        3.2360 
   1    H3        0.8390        0.0720        0.4180 
   1    H4       -0.5870       -0.0090        1.4570 
   1    H5        0.5740        1.4090        3.1660 
   1    H6        2.0190        1.4390        2.1640 
   1    H7        0.7820        2.6400        0.3640 
   1    H8       -1.5500        2.6730        2.3560 
   1    H9       -1.4540        3.6550        0.8840 
   1   H10       -1.5390        1.9010        0.7600 
   1   H11        2.0490        3.9090        2.0820 
   1   H12        0.6250        4.8150        1.5520 
   1   H13        0.6110        3.9820        3.1150 

