2.201432669999999803e+01 1.346096063999999970e+01 2.738113877324188650e+01
2.258463295162094298e+01 1.338004963999999930e+01 2.832001101824188538e+01
2.252518927162094542e+01 1.250241801499999994e+01 2.782356593324188765e+01
2.154146009499999792e+01 1.430380401000000035e+01 2.681887628324188455e+01
2.139756945999999971e+01 1.336503234499999948e+01 2.637925552824188458e+01
2.288501464162094123e+01 1.437452023000000167e+01 2.547045170324188490e+01
2.314479089324188266e+01 1.360739026499999937e+01 2.559848497824188485e+01
2.240722725162094164e+01 1.393628655500000058e+01 2.632129551324188554e+01
2.027150437000000238e+01 1.294904228500000087e+01 2.603428214324188517e+01
1.943531105499999967e+01 1.336000604999999908e+01 2.644877539324188476e+01
1.924922336000000200e+01 1.330095146500000070e+01 2.538470998824188385e+01
1.929019738499999903e+01 1.248034592499999995e+01 2.613902121324188599e+01
1.919087756999999783e+01 1.408862088999999962e+01 2.461405088324188384e+01
1.911465473999999887e+01 1.314431601500000113e+01 2.412269598824188677e+01
1.823982670000000184e+01 1.364170639499999993e+01 2.476523254324188628e+01
1.890285543499999932e+01 1.227290178500000017e+01 2.358572430824188615e+01
1.977919969500000263e+01 1.250930198000000004e+01 2.358362534324188431e+01
1.716015623500000231e+01 1.414356508999999917e+01 2.441374728824188622e+01
1.700093302500000192e+01 1.452469270499999965e+01 2.345119084324188563e+01
1.683921843999999979e+01 1.513014616499999931e+01 2.420450259824188421e+01
1.530236798500000006e+01 1.371250580499999927e+01 2.367257343324188668e+01
1.498764762500000103e+01 1.417244718999999975e+01 2.455014205324188481e+01
1.502877864999999957e+01 1.468558469499999930e+01 2.343175854324188379e+01
1.608845504499999990e+01 1.440880003000000009e+01 2.394200520824188416e+01
1.463446984999999856e+01 1.459707527999999854e+01 2.548042284824188641e+01
1.484017597500000107e+01 1.379039573500000060e+01 2.550258415324188377e+01
1.423670897000000046e+01 1.488836874000000066e+01 2.246568985662094065e+01
1.332094947499999904e+01 1.438691178999999920e+01 2.217877740000000131e+01
1.403214934500000055e+01 1.420842374000000063e+01 2.164935535000000044e+01
1.320156315999999919e+01 1.616373326499999763e+01 2.131795564000000098e+01
1.276381718999999926e+01 1.547737457999999933e+01 2.063286213499999988e+01
1.356106168999999895e+01 1.518027923500000043e+01 2.149038588999999888e+01
1.422177027000000038e+01 1.661752082499999972e+01 1.974252531999999860e+01
1.460151691000000085e+01 1.580903408500000040e+01 1.983779971499999917e+01
1.387766055499999851e+01 1.599131507000000063e+01 2.057299860499999866e+01
1.154400264999999948e+01 1.551404617000000030e+01 2.034853803000000028e+01
1.035006617499999848e+01 1.536218765499999961e+01 2.022336950999999772e+01
9.354253974999998889e+00 1.519797025500000132e+01 1.982512696500000260e+01
1.000756334999999986e+01 1.445966037500000034e+01 1.936497553499999924e+01
9.745885420000000465e+00 1.444380931000000068e+01 2.054456730000000064e+01
9.773346195000000236e+00 1.375830734499999863e+01 1.852978769499999956e+01
1.046697545500000004e+01 1.432516473999999995e+01 1.838887143999999907e+01
9.181942499999999896e+00 1.346653505500000136e+01 2.106128735000000063e+01
8.817213680000000053e+00 1.247263531500000155e+01 2.166135047000000213e+01
8.682345940000001150e+00 1.266791000499999953e+01 2.053779963999999936e+01
9.101529580000001118e+00 1.231106113499999921e+01 2.274926735662094401e+01
9.469677770000000550e+00 1.151685638500000053e+01 2.212208870999999988e+01
7.766258750000000433e+00 1.101186798000000167e+01 2.312895480662094272e+01
8.339980969999999161e+00 1.158523376500000168e+01 2.245854069499999994e+01
1.065996911999999952e+01 1.126251186000000004e+01 2.197290550999999681e+01
1.141682020000000009e+01 1.199072733000000035e+01 2.178865625999999978e+01
1.182223180500000126e+01 1.099321226500000037e+01 2.163342818999999650e+01
1.206222003999999970e+01 9.993647460000000038e+00 2.121114946000000145e+01
1.257357084000000036e+01 1.076450572000000072e+01 2.059686246999999781e+01
1.290067523500000135e+01 1.041066195000000150e+01 2.168542094499999706e+01
1.306129579499999949e+01 1.061725455000000018e+01 1.965140443499999989e+01
1.242410746499999874e+01 1.127022509500000069e+01 1.965816112499999946e+01
1.355536838000000088e+01 9.744048994999999991e+00 2.255091006662094344e+01
1.324858614000000046e+01 9.243474599999998986e+00 2.342649376824188678e+01
1.542921072000000038e+01 8.780863925000000236e+00 2.318096418824188731e+01
1.518161208999999978e+01 8.635719144999999486e+00 2.416692371824188612e+01
1.547684577500000103e+01 9.698134405000001124e+00 2.376531249824188663e+01
1.437760653499999997e+01 9.090445535000000632e+00 2.328389757324188736e+01
1.552684322500000036e+01 1.070333102000000025e+01 2.428911430824188855e+01
1.604529527000000044e+01 6.595589399999999713e+00 2.512015059324188826e+01
1.570963164999999861e+01 7.695633755000000242e+00 2.468016406824188635e+01
1.601846800999999942e+01 6.224952254999999823e+00 2.615071953324188669e+01
1.518585974999999877e+01 5.756867930000000300e+00 2.560337928824188936e+01
1.434185225499999916e+01 5.066889124999999439e+00 2.594523571824188934e+01
1.407866350499999974e+01 5.841342199999999707e+00 2.569328208824188664e+01
1.433306272999999997e+01 5.263699040000000551e+00 2.507971755824188875e+01
1.631375484999999870e+01 5.514916440000000364e+00 2.552271285324188810e+01
1.831011001000000249e+01 4.530262345000000579e+00 2.576398437324188961e+01
1.736304528499999833e+01 4.935145580000000365e+00 2.570452312324188782e+01
1.735585366499999793e+01 4.452561085000000141e+00 2.763570555824188801e+01
1.830744353499999733e+01 3.857528914999999614e+00 2.772682650324188813e+01
1.794920962500000172e+01 4.707473495000000341e+00 2.678226844324188960e+01
1.920443979499999898e+01 3.187619549999999968e+00 2.773250699324188773e+01
1.868929738499999971e+01 3.113993810000000195e+00 2.847570276824188795e+01
1.817981654500000133e+01 5.074295044999999504e+00 2.796237778324188739e+01
1.736755386499999787e+01 5.589383299999999721e+00 2.960708287324188603e+01
1.723439220499999891e+01 6.393770789999999593e+00 2.922948100824188700e+01
1.803941014499999795e+01 5.848811785000000540e+00 2.889102496324188962e+01
1.894277690999999919e+01 6.565259909999999977e+00 3.047803813824188879e+01
1.805663266999999905e+01 6.429683065000000752e+00 2.995269270324188682e+01
1.860250091999999711e+01 7.537230745000000454e+00 3.026454752824188787e+01
1.829717600499999719e+01 8.648462909999999226e+00 3.012111311824188675e+01
1.822237086499999847e+01 6.722172415000000179e+00 3.115512653324188719e+01
1.833236168499999863e+01 6.835106464999999965e+00 3.238092743824188346e+01
1.922179272500000025e+01 6.720596985000000245e+00 3.296808483324188899e+01
1.751649125000000140e+01 7.163065384999999452e+00 3.420732020324189193e+01
1.834373980999999887e+01 6.940429240000000277e+00 3.360979051324189015e+01
1.778474819000000196e+01 6.121815370000000200e+00 3.446553348824188845e+01
1.737367675000000133e+01 5.350480904999999510e+00 3.516116462324188774e+01
1.726068219500000112e+01 5.195640315000000342e+00 3.424961400824189184e+01
1.825570915499999813e+01 7.216159644999999401e+00 3.481439911324189040e+01
1.900882850500000032e+01 7.417727104999999987e+00 3.539771196824188593e+01
2.255133104662094468e+01 1.167615275500000038e+01 2.729598053324188811e+01
2.179557125499999870e+01 1.294554813000000060e+01 2.833370664824188623e+01
2.342545544824188397e+01 1.432444530000000071e+01 2.613700156324188484e+01
1.922412159499999973e+01 1.296032602000000011e+01 2.306955741162094142e+01
1.407448229999999967e+01 1.398152532499999978e+01 2.514421273324188633e+01
1.484438288499999992e+01 1.651609297999999981e+01 2.035337012499999787e+01
1.085151261999999939e+01 1.592233414500000066e+01 2.097442856500000019e+01
1.081670572999999891e+01 1.629116291000000061e+01 2.020649878999999771e+01
1.056809033000000042e+01 1.362167884499999992e+01 1.887358177499999812e+01
8.184667225000000101e+00 1.317798790500000017e+01 2.111701876499999742e+01
7.676494495000000029e+00 1.076686680999999979e+01 2.228893004999999761e+01
7.282227774999999959e+00 1.148597614000000000e+01 2.261560293499999830e+01
1.146723244000000008e+01 1.149643356500000024e+01 2.253296591162094131e+01
1.320898233000000133e+01 1.137789766499999899e+01 2.001334715000000131e+01
1.349007501999999903e+01 8.728820445000000205e+00 2.270491502662094518e+01
1.632130247499999953e+01 1.026945967500000023e+01 2.420057039824188649e+01
1.587679076000000045e+01 1.070942501500000077e+01 2.348208606324188708e+01
1.668269755000000032e+01 7.382192599999999771e+00 2.472426486824188885e+01
1.615374385999999873e+01 6.928980724999999730e+00 2.409977613324188894e+01
1.828040226999999973e+01 5.371498114999999629e+00 2.589764983824188960e+01
1.850888270000000091e+01 2.789160515000000728e+00 2.767026515324188551e+01
1.915723206500000231e+01 8.508597370000000382e+00 3.031268061324188778e+01
1.884015237999999925e+01 8.335365424999999107e+00 2.949774106324188949e+01
1.884863610000000023e+01 7.558585124999999572e+00 3.292269286324189181e+01
1.805079258499999995e+01 5.095164224999999547e+00 3.467552138824189001e+01
1.169805539999999944e+01 1.307626791999999938e+01 4.871289904999999365e+00
1.162099573999999969e+01 1.413196718000000018e+01 4.733185960000000136e+00
1.215174091000000089e+01 1.394388201499999980e+01 5.610288965000000516e+00
1.158867339000000030e+01 1.202492437000000081e+01 5.062684539999999345e+00
1.235521430500000051e+01 1.220680442499999963e+01 4.383744075000000073e+00
1.016310585500000130e+01 1.200515049999999917e+01 3.734051260000000205e+00
1.075819311000000056e+01 1.175219152000000022e+01 3.149268349999999828e+00
1.119282432500000013e+01 1.226359580499999957e+01 4.061310409999999926e+00
1.316814721000000077e+01 1.137460478000000030e+01 4.182211435000000144e+00
1.356393961999999931e+01 1.061520536999999997e+01 3.726542339999999953e+00
1.380596803499999936e+01 1.053286989999999967e+01 4.864689320000000095e+00
1.291395320999999896e+01 1.039342899999999936e+01 4.237256459999999336e+00
1.410546567000000096e+01 9.848551399999999845e+00 5.681790134999999964e+00
1.505092587500000079e+01 1.034151712499999931e+01 5.372857950000000216e+00
1.421773835499999983e+01 1.087205807000000135e+01 6.000063840000000148e+00
1.601029981499999977e+01 9.894567929999999123e+00 4.960842255000000200e+00
1.615257451499999775e+01 1.028605860999999955e+01 5.703179430000000494e+00
1.370893635000000010e+01 1.126536418499999925e+01 7.042169015000000698e+00
1.277569778500000020e+01 1.096942188499999915e+01 7.361175095000000113e+00
1.323448576000000010e+01 1.162419240000000009e+01 7.881106134999999568e+00
1.431063655999999895e+01 1.023201914500000065e+01 8.683409264999999877e+00
1.352453124500000037e+01 1.017101043000000082e+01 9.343957715000000164e+00
1.373022812500000001e+01 9.436334460000001201e+00 8.396086475000000604e+00
1.352777685000000041e+01 1.063027842500000020e+01 8.116878720000000769e+00
1.271457206000000006e+01 1.022361736999999948e+01 9.956058484999999791e+00
1.343067927000000061e+01 1.074502210000000169e+01 1.018347226999999933e+01
1.408339089000000044e+01 8.267344475000001580e+00 8.445787689999999515e+00
1.452912720000000135e+01 7.777055970000001039e+00 9.306423885000000951e+00
1.501969563000000107e+01 7.837320305000000431e+00 8.581944695000000678e+00
1.343736575500000008e+01 6.247859234999999956e+00 8.417230749999999873e+00
1.436814666000000074e+01 5.864226545000000179e+00 8.531526655000000403e+00
1.423123076499999939e+01 7.058251505000001202e+00 8.485278564999999773e+00
1.410195033000000109e+01 5.701461014999999577e+00 6.533408805000000541e+00
1.422689376499999980e+01 6.576230629999999522e+00 6.433421274999999717e+00
1.392836515499999983e+01 6.267324849999999614e+00 7.469529269999999777e+00
1.455066960999999992e+01 5.125845175000000253e+00 9.487688349999999105e+00
1.389659309500000006e+01 4.228285480000000263e+00 1.006731488500000005e+01
1.377372448999999932e+01 3.217447045000000116e+00 9.712986139999999935e+00
1.337333933500000072e+01 3.264932465000000228e+00 1.072788249499999935e+01
1.286057909500000029e+01 3.727405650000000126e+00 9.651346869999999356e+00
1.282444118999999993e+01 2.618327035000000080e+00 1.149780630000000059e+01
1.376109663499999947e+01 2.674873115000000023e+00 1.165130727000000022e+01
1.208467753500000086e+01 3.393124929999999928e+00 8.774617464999998617e+00
1.132900228000000098e+01 3.174372309999999864e+00 7.791812560000000332e+00
1.181318928499999998e+01 2.446928615000000029e+00 8.474908649999999710e+00
1.067407335500000087e+01 3.972602980000000006e+00 7.254628914999999623e+00
1.011363281499999900e+01 3.161762004999999931e+00 7.625409519999999830e+00
1.048799117000000081e+01 2.909071144999999969e+00 5.606797399999999598e+00
1.081300381000000144e+01 3.082466570000000239e+00 6.634568465000000081e+00
9.290129209999999915e+00 3.270036569999999809e+00 8.484221834999999601e+00
9.284468225000001240e+00 3.378263484999999733e+00 9.518573209999999563e+00
8.307128309999999516e+00 3.752303845000000138e+00 9.112921234999999953e+00
7.273224329999999682e+00 3.360964155000000009e+00 9.049516624999998982e+00
7.366141074999999816e+00 4.108470904999999895e+00 9.884681584999999160e+00
7.317330915000000324e+00 4.390030894999999767e+00 8.715903109999999288e+00
7.628495665000000869e+00 4.657232175000000751e+00 1.073971601499999906e+01
6.712871175000000079e+00 4.603262935000000056e+00 1.051194999500000016e+01
7.041315470000000687e+00 4.791748164999999560e+00 7.554763404999999210e+00
6.851935830000000394e+00 5.167004604999999806e+00 6.568146945000000514e+00
5.971808949999999783e+00 3.126206260000000015e+00 6.778546130000000502e+00
5.605762580000000384e+00 3.653480130000000159e+00 5.916199504999999803e+00
5.187731355000000377e+00 3.812619745000000115e+00 7.021254510000000337e+00
6.402829220000000099e+00 4.160125009999999790e+00 6.726823290000000455e+00
4.110347714999999624e+00 3.740105540000000062e+00 7.243384255000000493e+00
5.316100865000000120e+00 2.418346309999999999e+00 3.879704020000000142e+00
5.289960100000000054e+00 3.014819539999999964e+00 4.914859930000000432e+00
5.098769530000000216e+00 2.854489205000000140e+00 2.949930734999999693e+00
6.192408789999999996e+00 2.552546444999999942e+00 2.935413174999999875e+00
7.219572839999999658e+00 2.191967889999999919e+00 2.770631159999999760e+00
7.027668310000000140e+00 2.801492849999999812e+00 2.234097799999999800e+00
7.227566214999999517e+00 2.932713099999999962e+00 3.104475794999999927e+00
5.218466760000000093e+00 1.855178039999999973e+00 2.846137699999999882e+00
3.238538750000000022e+00 9.451264600000000016e-01 2.366021304999999852e+00
4.305458684999999619e+00 1.167296965000000020e+00 2.270252935000000249e+00
4.116123814999999908e+00 -5.244139824188742693e-02 8.312688299999999586e-01
3.626487004999999542e+00 -7.857206032418884156e-01 1.447895159999999848e+00
3.621695915000000099e+00 4.923613083790563394e-01 1.524441009999999430e+00
3.670488364999999753e+00 -1.892122993241887929e+00 1.499958284999999947e+00
4.033083834999999340e+00 -1.446631248241887935e+00 2.186787244999999658e+00
3.110484934999999673e+00 -6.895921324188769574e-02 5.528485200000003985e-01
3.117263469999999259e+00 -1.135455333241888187e+00 -1.141270863241887312e+00
3.401481614999999792e+00 -3.939990132418884627e-01 -1.425151908241886645e+00
2.779437984999999500e+00 -3.253999132418883278e-01 -5.716180566209434488e-01
1.369746944999999272e+00 -7.861683582418876881e-01 -1.807678543241887148e+00
2.367403559999999629e+00 -5.971000582418888314e-01 -1.663036713241887732e+00
1.606276775000001322e+00 1.598281233790537215e-01 -2.349975473241888047e+00
1.073417325000001199e+00 9.698033199999964715e-01 -2.974516373241887557e+00
1.944137904999999833e+00 -9.517236482418884869e-01 -2.746021413241886755e+00
1.576640439999998478e+00 -1.525604288241887208e+00 -3.748395963241885731e+00
5.874205749999994453e-01 -1.829773168241887848e+00 -3.853115318241886023e+00
9.961900099999994040e-01 -3.492641228241888829e+00 -4.839107433241886191e+00
1.228736109999999826e+00 -2.455345078241887524e+00 -4.436418988241885408e+00
1.782636779999998922e+00 -3.098333233241888696e+00 -5.444397783241886835e+00
1.723274814999999904e+00 -2.882602708241889022e+00 -6.507050368241887206e+00
2.571605025000000211e+00 -2.640479298241889428e+00 -6.134017953241888144e+00
1.849705264999998988e+00 -3.492530893241888368e+00 -4.265426173241885444e+00
2.451795924999998988e+00 -3.452224883241888254e+00 -3.516704248241885544e+00
1.299081371500000159e+01 1.377920075000000111e+01 6.032882394999999676e+00
1.116400641499999935e+01 1.379031844000000007e+01 5.362770545000000055e+00
1.057708647500000154e+01 1.263075231999999914e+01 3.223497014999999966e+00
1.605441696500000148e+01 1.078968564999999913e+01 4.991413650000000146e+00
1.336713581500000103e+01 9.862779830000000914e+00 1.041087557999999902e+01
1.342998805000000040e+01 6.224478174999999780e+00 6.487757894999999664e+00
1.471478602000000002e+01 4.626122284999999223e+00 1.042957094000000140e+01
1.409448518499999992e+01 5.250080954999999605e+00 1.046292542000000125e+01
1.315872905999999887e+01 3.340617329999999718e+00 1.181364997999999922e+01
1.234308697999999893e+01 2.838462575000000321e+00 7.899692574999999550e+00
1.084492108000000066e+01 2.213011579999999867e+00 6.036640710000000354e+00
1.138678245999999916e+01 2.898675214999999916e+00 5.672205309999999834e+00
9.274359159999999491e+00 4.142161139999999797e+00 9.046117989999999054e+00
7.087787045000000674e+00 3.959760310000000061e+00 1.094898110000000102e+01
7.442230369999999873e+00 4.486186009999999946e+00 6.617130149999999489e+00
4.635818985000000225e+00 3.918888680000000235e+00 7.978967125000000493e+00
4.468552414999999556e+00 4.507463814999999485e+00 7.423565234999999873e+00
4.685726410000000008e+00 2.206925100000000306e+00 4.699390145000000629e+00
5.554949510000000146e+00 2.017535019999999957e+00 4.816101435000000208e+00
3.405746340000000316e+00 1.548292685000000057e+00 1.736792515000000314e+00
3.168237289999999540e+00 -1.634751038241887944e+00 2.075272079999999963e+00
1.217986285000000279e+00 1.191807744999996421e+00 -2.179611313241887949e+00
1.929321935000000821e+00 1.149349044999996572e+00 -2.713463358241887668e+00
8.749508599999984426e-01 -1.372723248241886740e+00 -4.539738608241886020e+00
2.355064334999998010e+00 -3.529207848241889156e+00 -6.258205958241886968e+00
9.963256789999999086e+00 1.977937422499999798e+01 8.426337630000000800e+00
9.023678664999998489e+00 1.959635995499999694e+01 8.941756585000000257e+00
9.812013104999998347e+00 1.937553161499999987e+01 9.561691330000000377e+00
1.027845328499999944e+01 2.003137510999999904e+01 7.390527589999999591e+00
1.110480662999999879e+01 1.998070685999999796e+01 8.007074839999999583e+00
9.852122804999998706e+00 2.190938599999999781e+01 8.090138570000000584e+00
1.064713397999999778e+01 2.198976224500000143e+01 7.709049085000000190e+00
1.037928396499999906e+01 2.094957425999999856e+01 7.993502095000000196e+00
1.232724605499999981e+01 1.995496065500000071e+01 7.614300325000000313e+00
1.333895753999999911e+01 2.031753581999999980e+01 7.360985330000000104e+00
1.308139375499999879e+01 1.953144919999999729e+01 6.668235389999999541e+00
1.265264168499999897e+01 2.057581117999999876e+01 6.850441130000000101e+00
1.381012350499999819e+01 1.904487268999999827e+01 5.981193375000000145e+00
1.337935400999999835e+01 1.824165997000000061e+01 6.602422475000000013e+00
1.283976968499999849e+01 1.884293109000000044e+01 5.665723149999999819e+00
1.315607799499999686e+01 1.747649824499999838e+01 7.463726614999999676e+00
1.398810698499999816e+01 1.746346640000000150e+01 7.150836175000000239e+00
1.258796143999999728e+01 1.835136963500000107e+01 4.582855119999999616e+00
1.283943462999999774e+01 1.741751420499999981e+01 4.229265804999999823e+00
1.323042420999999891e+01 1.814762787499999774e+01 3.763857080000000188e+00
1.133825243999999799e+01 1.829567328999999987e+01 3.072028060000000060e+00
1.175248210999999898e+01 1.758944629500000190e+01 2.345042659999999834e+00
1.111058859999999804e+01 1.728604858499999963e+01 3.341649480000000061e+00
1.218328756999999740e+01 1.787334032000000050e+01 3.561711990000000050e+00
1.229016221499999872e+01 1.691709443499999921e+01 1.584082949999999990e+00
1.211446637999999787e+01 1.781100725499999982e+01 1.326030529999999708e+00
1.026582490999999919e+01 1.698813673000000080e+01 4.170229400000000197e+00
9.563012199999999297e+00 1.767765495999999814e+01 4.694337875000000437e+00
1.018690604999999927e+01 1.717703024000000056e+01 5.227767554999999788e+00
8.970301969999999514e+00 1.563098093500000019e+01 4.887264280000000127e+00
8.179715294999999387e+00 1.623943891999999778e+01 4.532259445000000220e+00
9.302589564999999894e+00 1.667156923499999976e+01 4.872753290000000348e+00
7.802143619999998947e+00 1.583523909000000174e+01 6.551784194999999755e+00
7.961890389999998874e+00 1.665646088000000091e+01 6.623250885000000032e+00
8.493206474999999145e+00 1.616829545499999909e+01 5.767161599999999666e+00
7.677515479999998504e+00 1.603877540999999951e+01 3.397550705000000004e+00
7.102811029999999803e+00 1.590545514999999988e+01 2.328416639999999926e+00
6.278217859999999817e+00 1.656940549499999804e+01 2.078013389999999738e+00
6.623283394999999629e+00 1.606395475000000062e+01 1.188010515000000211e+00
5.937138104999999833e+00 1.556251606000000010e+01 2.024455515000000094e+00
6.897955060000001026e+00 1.556048606000000056e+01 2.678079950000000764e-01
6.315292635000000487e+00 1.618903801000000087e+01 1.805105333790559818e-01
4.740311914999999487e+00 1.529774811000000057e+01 2.203685179999999910e+00
3.966542855000000145e+00 1.591279036000000069e+01 2.959120920000000154e+00
3.723452895000000318e+00 1.513681723000000012e+01 2.189521790000000134e+00
4.343407405000000665e+00 1.647496939999999910e+01 3.804107355000000190e+00
3.586985310000000204e+00 1.582949372999999937e+01 4.116458194999999876e+00
2.418612040000000185e+00 1.730468994499999980e+01 3.393919430000000403e+00
3.395724539999999791e+00 1.687670199500000123e+01 3.545568854999999964e+00
3.608950205000000189e+00 1.535132487999999995e+01 5.246782969999999935e+00
4.237269149999999485e+00 1.490086671499999937e+01 5.895021744999999314e+00
3.341805510000000368e+00 1.516170995999999960e+01 6.428226105000000246e+00
2.270855440000000058e+00 1.515036128500000068e+01 6.828477395000000172e+00
2.719852120000000095e+00 1.425664540500000044e+01 7.113413290000000444e+00
2.950358150000000013e+00 1.531830088499999931e+01 7.591631489999999260e+00
2.326813570000000109e+00 1.328331643499999970e+01 6.902980129999999548e+00
3.133690230000000021e+00 1.324786999500000029e+01 7.220080174999999656e+00
2.574529440000000058e+00 1.588806066000000072e+01 8.636066265000000186e+00
1.585355875000000081e+00 1.630034393000000037e+01 8.770278650000001619e+00
2.938279080000000043e+00 1.738853736500000124e+01 9.963263559999999686e+00
1.967938189999999921e+00 1.778889636999999979e+01 1.006911909999999999e+01
2.676176785000000002e+00 1.795953673500000036e+01 9.113749330000000981e+00
2.252496900000000135e+00 1.680051117500000046e+01 9.359589960000000985e+00
2.987742785000000012e+00 1.891887172999999933e+01 8.781548045000000968e+00
7.716757749999998417e-01 1.806908403999999990e+01 1.213447466499999905e+01
1.348210700000000095e+00 1.785672955999999800e+01 1.111619754500000035e+01
-1.804821566209438011e-01 1.856766577999999868e+01 1.227733626000000022e+01
2.803288050000003473e-01 1.829686599000000058e+01 1.321841307999999948e+01
-6.917531162094281427e-02 1.835261283999999904e+01 1.424265269500000031e+01
1.082301733790567155e-01 1.754730387000000036e+01 1.401395094000000086e+01
7.623506450000001600e-01 1.807921501999999947e+01 1.413133498499999874e+01
5.425905000000001976e-01 1.922096452499999941e+01 1.253677386500000068e+01
8.881904249999998946e-01 2.067335493499999899e+01 1.107784962000000029e+01
6.507700550000001805e-01 2.033096188000000026e+01 1.201958507500000017e+01
3.273683183790563334e-01 2.238086792000000003e+01 1.223723847499999984e+01
1.403204210000000174e+00 2.226628910000000161e+01 1.223564663999999880e+01
6.278381000000003986e-01 2.149700108000000043e+01 1.167883142500000027e+01
2.205338490000000373e+00 2.280055616162094267e+01 1.267387541000000084e+01
2.055436000000000263e+00 2.200430649500000158e+01 1.306829938999999996e+01
7.931108300000002664e-01 2.267334718662094417e+01 1.134250194999999906e+01
-7.761519332418855832e-01 2.351686271324188482e+01 1.029371235500000026e+01
-3.657636682418852203e-01 2.289858601662093918e+01 9.679525325000000180e+00
2.679972083790582715e-01 2.324595176324188373e+01 1.039825749999999971e+01
2.993154683790590909e-01 2.452841921824188631e+01 8.759516189999999369e+00
-2.109141832418837126e-01 2.399293612324188274e+01 9.552671150000000111e+00
-6.978417932418845560e-01 2.469728980824188369e+01 8.617916394999999952e+00
-1.321296268241885397e+00 2.432786210824188444e+01 7.810258594999999637e+00
-6.347394824188423712e-02 2.521782888324188576e+01 9.458686815000000081e+00
7.043756733790571545e-01 2.600713931324188266e+01 9.953634174999999473e+00
1.590737399999999191e+00 2.583968983324188429e+01 1.046384559999999908e+01
1.252274949999998999e+00 2.763763941824188208e+01 1.117500012500000039e+01
1.428889464999999248e+00 2.691304319324188299e+01 1.037375158500000083e+01
2.152777124999999181e+00 2.796213421324188175e+01 1.063280096999999991e+01
2.992305884999999055e+00 2.841815129824188091e+01 1.010272239000000027e+01
2.899010499999999269e+00 2.875865917324188104e+01 1.087485393000000045e+01
9.708605599999993174e-01 2.805036121824188200e+01 1.027575075000000027e+01
1.305826733790569349e-01 2.815387180324188066e+01 9.821795959999999326e+00
1.056647275499999949e+01 1.924581146999999959e+01 1.007038273000000039e+01
9.462797359999997937e+00 1.887179251499999921e+01 8.707967204999999211e+00
1.052820651499999904e+01 2.187697310000000073e+01 8.562528690000000609e+00
1.332338356499999854e+01 1.714499347499999971e+01 6.685593689999999256e+00
1.147064477499999668e+01 1.729009953499999952e+01 1.370254085000000011e+00
8.681886314999999854e+00 1.613924045999999990e+01 6.887783499999999393e+00
8.207800184999998194e+00 1.590948629000000025e+01 2.489772415000000017e+00
7.770858504999999639e+00 1.520270593000000048e+01 2.844545805000000094e+00
7.175946100000000882e+00 1.638804062999999900e+01 2.926721399999996365e-01
3.916087850000000259e+00 1.593471484500000024e+01 1.902671895000000113e+00
3.059094189999999713e+00 1.780470268500000230e+01 3.038897539999999786e+00
2.959188655000000168e+00 1.779403991000000218e+01 3.899812419999999946e+00
4.139199924999999780e+00 1.579513563000000076e+01 5.984249554999999887e+00
2.455588940000000164e+00 1.338558224999999879e+01 7.780411125000000538e+00
1.900860635000000132e+00 1.575479265999999967e+01 9.445144685000000706e+00
3.308628190000000302e+00 1.828277993500000065e+01 8.286241244999999367e+00
2.458503369999999855e+00 1.854896331500000173e+01 8.241058934999999863e+00
1.715713374999999985e+00 1.755675972499999915e+01 1.204116828999999989e+01
1.011598114999999964e+00 1.709158337000000216e+01 1.170160115999999917e+01
9.622258379057502253e-03 2.075767848999999998e+01 1.133437810000000034e+01
2.473838635000000341e+00 2.210124014999999886e+01 1.230053652500000005e+01
-1.747946213241884816e+00 2.480884538824188468e+01 8.384357505000000543e+00
-1.213966618241884898e+00 2.521258354324188389e+01 7.781279585000000054e+00
1.699729529999999045e+00 2.620897630824188340e+01 9.620598194999999464e+00
3.223040629999998963e+00 2.791124227324188212e+01 1.077688546999999986e+01
6.706422554999999619e+00 1.480104795000000095e+01 -1.087528236824188710e+01
5.945562325000000037e+00 1.528196413999999947e+01 -1.031617964824188860e+01
6.896352175000000528e+00 1.552015593999999865e+01 -9.891223188241887954e+00
6.668432440000000128e+00 1.416482631999999953e+01 -1.175747050324188692e+01
7.666343825000000223e+00 1.429163724500000043e+01 -1.145796989324188786e+01
7.043781024999999474e+00 1.552972159999999846e+01 -1.304601637824188742e+01
7.466856350000000475e+00 1.603047736499999942e+01 -1.241897163324188824e+01
7.004212510000000336e+00 1.513418896499999988e+01 -1.203353293324188833e+01
8.432701735000000198e+00 1.330682163499999859e+01 -1.140076637824188666e+01
8.556799670000000191e+00 1.243747725000000059e+01 -1.192999564324188810e+01
9.175675059999999661e+00 1.240775144999999924e+01 -1.103374209324188726e+01
8.104261335000000344e+00 1.236049756000000066e+01 -1.112572126324188737e+01
9.850216870000000569e+00 1.171538995499999913e+01 -1.053943201824188769e+01
1.045979932000000012e+01 1.244313340000000068e+01 -1.099948393824188742e+01
9.783194475000000168e+00 1.262094214999999942e+01 -1.003892343824188771e+01
1.108155828499999984e+01 1.250459086000000042e+01 -1.186353938824188781e+01
1.149047063999999985e+01 1.238808323499999986e+01 -1.111251676324188864e+01
9.580385500000000221e+00 1.260471678000000040e+01 -8.815235518241888002e+00
9.068535289999999804e+00 1.183751927500000001e+01 -8.328112803241888074e+00
9.168245139999999793e+00 1.255262398500000032e+01 -7.850933043241886899e+00
1.078818627500000105e+01 1.115852877500000062e+01 -7.764277568241886307e+00
1.112620324999999966e+01 1.206538867500000123e+01 -7.386683893241886345e+00
1.039733363999999938e+01 1.134282733499999907e+01 -6.869864578241886122e+00
1.000406465500000053e+01 1.188326542999999980e+01 -7.849166278241887618e+00
1.183280238000000040e+01 1.287221223999999964e+01 -7.685108653241885968e+00
1.208977112500000040e+01 1.234819955000000036e+01 -7.056538823241886860e+00
1.003315608499999989e+01 1.045455443999999900e+01 -6.195097768241885738e+00
1.026718894500000090e+01 9.440279475000000531e+00 -6.290331058241886986e+00
9.404908504999999863e+00 9.614843194999998843e+00 -6.501828988241886265e+00
9.665460944999999526e+00 9.710675815000000100e+00 -4.304091353241886075e+00
9.352964180000000738e+00 8.746743609999999336e+00 -4.702166043241887472e+00
9.618735915000000247e+00 9.629492920000000566e+00 -5.431558858241886334e+00
7.611731780000000391e+00 9.766552019999998890e+00 -4.699076633241886292e+00
8.010603745000000941e+00 1.052576583000000099e+01 -4.513672103241886724e+00
8.696075560000000593e+00 9.737642349999999780e+00 -4.556142193241886851e+00
9.662668024999998551e+00 7.693419659999999993e+00 -4.151897173241887451e+00
9.520337299999999559e+00 7.320049834999999838e+00 -3.024533153241887984e+00
8.900743474999998739e+00 7.776945205000000527e+00 -2.260787848241887499e+00
8.437186484999999792e+00 6.796223284999999947e+00 -2.635973243241888309e+00
9.367688855000000814e+00 6.930412365000000463e+00 -1.879382003241887755e+00
7.849543235000000507e+00 6.170454415000000026e+00 -3.347623058241887772e+00
7.876429670000000272e+00 5.837134230000000201e+00 -2.618656448241887258e+00
1.010019897000000100e+01 7.007479514999999992e+00 -9.055625682418865230e-01
1.052298023999999899e+01 7.046821794999999611e+00 2.017253183790567728e-01
1.030134363500000028e+01 7.937612820000000013e+00 -3.966025982418871498e-01
1.003639098000000018e+01 6.540143940000000100e+00 1.106345525000000052e+00
1.089882855499999970e+01 7.079359990000000380e+00 1.341979804999999804e+00
1.101749618499999883e+01 5.026221274999999267e+00 3.790284250000000021e-01
1.091735459499999905e+01 6.034421139999999184e+00 7.953498850000000342e-01
1.083998662999999851e+01 7.867121389999999437e+00 2.258055664999999657e+00
1.076633625499999880e+01 8.574154979999999426e+00 2.980528089999999519e+00
1.006294154000000063e+01 7.817840629999999180e+00 3.246851469999999740e+00
9.387671895000000433e+00 7.008946959999999393e+00 3.549623329999999743e+00
1.012843615999999969e+01 7.071755004999999983e+00 4.344843110000000230e+00
9.265129254999999731e+00 7.861210789999999449e+00 4.127509784999999987e+00
1.082549210999999900e+01 7.154470625000000084e+00 5.273322230000000665e+00
1.025930592499999960e+01 6.419958290000000289e+00 5.233105369999999645e+00
8.233112894999999654e+00 8.564124389999999920e+00 4.199076885000000203e+00
7.483794930000000178e+00 9.274439534999999069e+00 4.144836649999999345e+00
6.729630154999999725e+00 7.225748610000000127e+00 4.131916554999999214e+00
5.982274040000000070e+00 7.751964595000000458e+00 3.563112724999999426e+00
6.133291110000000046e+00 7.901084689999999355e+00 4.780757434999999944e+00
7.055044855000000226e+00 8.265210189999999457e+00 4.004378179999999787e+00
5.700709110000000024e+00 8.588256819999999792e+00 5.458994960000000063e+00
5.297144555000000032e+00 6.965623595000000279e+00 1.268830029999999720e+00
5.592686549999999812e+00 7.300229025000000149e+00 2.484965164999999754e+00
4.407006524999999897e+00 7.264986519999999892e+00 6.744293249999995243e-01
5.307433265000000233e+00 7.629128960000000070e+00 1.707800933790565301e-01
6.262571835000000142e+00 8.010934504999999817e+00 -2.743600132418869686e-01
5.517646814999999982e+00 8.187294449999999557e+00 -7.820635482418859530e-01
5.601630404999999868e+00 8.655399535000000810e+00 -2.552241162094370797e-02
4.871902914999999723e+00 6.464418229999999710e+00 2.578366133790556125e-01
3.467776634999999885e+00 5.963555474999999717e+00 -1.032769063241887775e+00
4.389956015000000100e+00 5.800318670000000232e+00 -6.624527482418877122e-01
4.139796520000000868e+00 4.283027230000000074e+00 -2.336203113241887674e+00
3.983511015000000377e+00 3.712410434999999786e+00 -1.400554043241887481e+00
3.884535409999999800e+00 5.034961065000000069e+00 -1.558190443241886936e+00
3.765217044999999985e+00 3.126311040000000041e+00 -4.941275982418881219e-01
4.035856220000000327e+00 2.668210434999999769e+00 -1.179758473241887540e+00
3.125594780000000128e+00 4.130605509999999647e+00 -2.101225663241887087e+00
2.128985289999999253e+00 4.950695619999999408e+00 -3.664606733241887238e+00
1.735307859999998925e+00 5.452801790000000537e+00 -3.056371138241887220e+00
2.086601809999999446e+00 4.444422679999999737e+00 -2.788084753241887537e+00
5.208941049999999962e-01 3.963942989999999611e+00 -4.000870453241886615e+00
1.110000449999999361e+00 4.685030279999999436e+00 -3.514321893241887818e+00
-7.889371662094291082e-02 4.425371114999999911e+00 -3.220009473241887132e+00
-3.583268232418852506e-01 4.483198035000000026e+00 -2.173488838241886878e+00
3.282330400000006421e-01 4.900270519999999408e+00 -4.321725063241887987e+00
-3.249150266209444027e-01 5.158677185000000165e+00 -5.340080178241888298e+00
-6.989824132418878122e-01 4.532696825000000374e+00 -6.112921693241887944e+00
-1.320398833241887004e+00 5.887742385000000134e+00 -7.295098348241887187e+00
-9.454872532418878706e-01 5.536624780000000356e+00 -6.347305478241887400e+00
-1.453718563241887196e+00 6.728911440000000077e+00 -6.622833908241887002e+00
-1.560777568241887181e+00 7.589923830000000038e+00 -6.013978578241887085e+00
-1.931078063241887577e+00 7.711980920000000239e+00 -6.790995283241887392e+00
-4.169491366209445715e-01 6.325847024999999846e+00 -7.114274238241886650e+00
5.245622549999975348e-01 6.548717794999999953e+00 -6.993981998241886266e+00
7.782881839999999940e+00 1.574419993500000103e+01 -9.663715798241888422e+00
6.397614120000000071e+00 1.467532144999999844e+01 -9.848627363241888588e+00
6.578508754999999653e+00 1.599165255500000171e+01 -1.243589776324188811e+01
1.117737006499999985e+01 1.320210452999999973e+01 -1.134599227824188716e+01
1.148876687499999960e+01 1.292979177499999999e+01 -6.911785853241886102e+00
7.837405715000000939e+00 9.886897290000000282e+00 -3.872352948241887471e+00
1.013758001500000105e+01 6.839894709999999378e+00 -3.741259783241886350e+00
1.044781937999999855e+01 7.636443769999999631e+00 -3.455232858241886529e+00
7.344623419999999570e+00 6.494683180000000000e+00 -2.689043178241888210e+00
1.100810678999999936e+01 7.505722525000000367e+00 -7.192244982418868338e-01
1.136404832999999925e+01 5.139112289999999916e+00 1.169825329999999886e+00
1.181760648999999930e+01 5.455160249999999600e+00 5.151501599999999126e-01
1.010402195500000033e+01 8.592979074999998801e+00 2.491607244999999526e+00
1.098038248499999980e+01 6.452303324999999923e+00 4.655577034999999420e+00
7.684402410000000572e+00 8.817199399999999798e+00 3.379673439999999474e+00
5.347773104999999916e+00 7.773931879999999239e+00 5.522576715000000469e+00
6.142544454999999459e+00 7.994763149999999818e+00 5.871249729999999722e+00
5.509082024999999661e+00 6.360451225000000264e+00 2.158612234999999657e+00
6.244584119999999849e+00 6.747461949999999931e+00 1.816464229999999791e+00
4.007035590000000091e+00 6.226210585000000464e+00 -1.607307178241887069e+00
4.654932394999999445e+00 3.166170844999999900e+00 -7.535203232418877795e-01
-1.014213478241885014e+00 4.790004820000000052e+00 -2.753814963241886016e+00
-8.661949632418863843e-01 3.926575839999999928e+00 -2.628191118241886226e+00
-1.286896498241889120e+00 4.850223889999999649e+00 -5.527005493241888168e+00
-2.344417838241888319e+00 7.160824444999999372e+00 -6.143251448241886514e+00
2.253550615000000334e+01 8.366661170000000425e+00 1.222309959499999898e+01
2.216666465000000130e+01 7.799554524999999572e+00 1.140954307500000020e+01
2.188857171000000079e+01 7.375877784999998354e+00 1.235824772500000002e+01
2.272535020000000117e+01 8.974057039999999930e+00 1.306318825500000003e+01
2.218398880499999848e+01 9.530751474999998862e+00 1.237578232499999942e+01
2.384331934824188437e+01 9.574431189999998537e+00 1.138529117000000035e+01
2.441480744324188379e+01 9.337748454999999836e+00 1.203132743499999968e+01
2.333630735162094538e+01 9.298533535000000683e+00 1.222084138499999995e+01
2.125081374999999895e+01 1.019465310500000044e+01 1.280794570499999985e+01
2.114081957999999872e+01 1.042932044500000011e+01 1.385954865499999933e+01
2.047938732000000073e+01 1.103619658999999942e+01 1.328676024499999997e+01
2.049500340000000165e+01 9.988950159999999912e+00 1.350516711500000078e+01
1.971178695999999775e+01 1.175929535000000037e+01 1.355715010499999984e+01
2.060821475000000191e+01 1.230298344999999927e+01 1.324836363000000006e+01
1.984633890499999964e+01 1.169584393000000055e+01 1.251228999000000108e+01
2.118295464500000236e+01 1.310063947000000084e+01 1.384336857500000129e+01
2.090361224000000107e+01 1.333471098000000055e+01 1.304329146500000114e+01
1.893380671999999976e+01 1.202453237499999972e+01 1.170611556000000064e+01
1.831346796999999782e+01 1.290153455000000093e+01 1.153884321499999999e+01
1.793186632500000144e+01 1.227801879000000085e+01 1.197177063500000038e+01
1.818000789499999925e+01 1.173404754999999966e+01 9.927040800000000331e+00
1.733783974500000014e+01 1.111922951500000067e+01 1.032136781500000033e+01
1.732408842499999935e+01 1.230148585999999966e+01 9.985726715000000198e+00
1.800243487999999914e+01 1.208193714000000085e+01 1.091491959500000064e+01
1.645530328499999939e+01 1.044044072500000020e+01 1.047240226000000085e+01
1.716929887999999949e+01 1.014222212499999998e+01 1.079376224000000128e+01
1.688870811500000002e+01 1.276686296500000140e+01 8.987120925000001037e+00
1.666151246500000127e+01 1.219334450000000025e+01 8.145387745000000734e+00
1.731654599000000161e+01 1.278695779000000066e+01 8.050846944999999977e+00
1.568494117500000051e+01 1.364467498499999998e+01 7.328105705000000469e+00
1.636509729500000176e+01 1.442291711500000062e+01 7.475904760000000593e+00
1.641298835499999953e+01 1.330342418500000079e+01 7.995986885000000655e+00
1.454050695000000104e+01 1.461917825500000134e+01 8.439521085000000866e+00
1.518905299500000083e+01 1.475035858500000074e+01 9.020505070000000458e+00
1.547136087000000160e+01 1.412845231500000054e+01 8.216211725000000854e+00
1.667103738000000135e+01 1.508662767000000038e+01 6.549111530000001125e+00
1.690366758000000047e+01 1.590443455999999856e+01 5.653816759999999775e+00
1.696072536999999869e+01 1.695954457499999890e+01 5.756973359999999929e+00
1.797684659499999782e+01 1.665182393499999947e+01 5.470873969999999531e+00
1.708465457999999870e+01 1.671878053000000008e+01 4.762611305000000073e+00
1.894866822499999870e+01 1.679241770000000145e+01 6.023147970000000129e+00
1.894202937000000020e+01 1.620180259500000020e+01 5.323154995000000334e+00
1.681569659499999858e+01 1.751744273500000304e+01 3.952130864999999993e+00
1.677598961999999716e+01 1.831452077000000145e+01 3.060859670000000143e+00
1.701236751500000111e+01 1.852052207500000236e+01 4.081930370000000252e+00
1.730011130999999835e+01 1.814181378499999653e+01 2.117067715000000128e+00
1.694351477499999703e+01 1.912899261999999823e+01 2.204058765000000086e+00
1.521140862500000068e+01 1.840222530500000175e+01 1.535133754999999933e+00
1.624841460999999754e+01 1.824418847999999826e+01 1.877067495000000141e+00
1.766644464999999897e+01 2.010520688000000078e+01 2.182126580000000260e+00
1.860485162999999886e+01 2.007522361000000188e+01 2.580331414999999851e+00
1.830048634999999990e+01 2.110025107499999919e+01 2.537277050000000145e+00
1.880790280500000122e+01 2.193665568999999849e+01 2.795224199999999826e+00
1.790144331999999849e+01 2.228954685000000069e+01 2.333800125000000225e+00
1.799153253500000105e+01 2.187936107999999891e+01 3.466618459999999846e+00
1.693145519000000121e+01 2.271773304999999965e+01 1.877595729999999907e+00
1.760444464999999781e+01 2.326723338162094024e+01 1.983376424999999887e+00
1.811233837500000021e+01 2.193701785999999743e+01 4.691172980000000159e+00
1.887395132500000017e+01 2.151190992499999766e+01 5.277726395000000181e+00
1.728948918999999762e+01 2.237449528500000184e+01 6.424982765000001095e+00
1.805534958500000187e+01 2.220821487500000302e+01 7.117896625000000199e+00
1.735361612500000206e+01 2.129033530000000241e+01 6.626089990000000540e+00
1.810559360999999967e+01 2.196794933500000013e+01 5.891645525000001271e+00
1.738385611500000039e+01 2.023973070499999949e+01 6.939578425000000550e+00
1.802031861000000035e+01 2.356362995324188603e+01 9.104208485000000906e+00
1.806657636499999953e+01 2.296024434662094293e+01 8.045494975000000437e+00
1.889104531999999992e+01 2.350326016824188713e+01 9.823773425000000614e+00
1.821140401000000253e+01 2.432289685824188297e+01 1.012862251999999863e+01
1.828597229500000054e+01 2.503471987324188319e+01 1.094452230999999998e+01
1.833612193999999818e+01 2.540930846324188508e+01 1.013132160500000012e+01
1.756870320499999849e+01 2.509236201324188542e+01 1.044973803000000068e+01
1.796961609499999923e+01 2.311034025162093997e+01 1.024683950499999874e+01
1.746558247499999794e+01 2.093806701999999831e+01 1.081343617000000101e+01
1.771831710000000015e+01 2.188311127499999742e+01 1.057803398999999978e+01
1.958302791499999884e+01 2.085133959499999534e+01 1.054475812999999995e+01
1.948319257499999679e+01 2.104120953999999699e+01 1.160938513499999836e+01
1.853660675500000110e+01 2.093504716999999715e+01 1.072333891499999936e+01
2.021939990499999951e+01 2.122645376999999556e+01 1.243916775999999835e+01
1.970747515000000050e+01 2.194141928999999536e+01 1.219440804999999983e+01
1.925289035499999812e+01 1.999743185499999854e+01 1.100353175999999955e+01
2.032931312000000190e+01 1.849122469999999652e+01 9.978967100000000201e+00
1.967659027500000235e+01 1.885783100999999817e+01 9.454110909999998924e+00
1.952418732000000290e+01 1.892774916499999804e+01 1.048276837500000092e+01
1.918288027999999912e+01 1.700661102499999799e+01 1.043201254500000097e+01
1.943976389000000182e+01 1.786735127499999720e+01 9.912637380000001386e+00
1.834900895499999862e+01 1.714045987999999809e+01 9.745500080000001120e+00
1.725059316499999795e+01 1.737412755499999761e+01 9.953151059999999717e+00
1.943246138499999986e+01 1.671605410499999778e+01 9.493317360000000704e+00
2.024287474500000172e+01 1.577330133499999576e+01 9.392780050000000713e+00
2.108605590999999890e+01 1.556518214499999786e+01 1.000643623000000026e+01
2.172363319000000104e+01 1.478012724499999742e+01 8.350733594999999454e+00
2.103013675500000090e+01 1.485917265499999829e+01 9.151844780000001123e+00
2.168234780499999914e+01 1.380023875499999875e+01 8.864919835000000248e+00
2.251034948662094237e+01 1.331251445999999738e+01 9.413730955000000122e+00
2.171845648000000040e+01 1.290064457499999762e+01 9.530252210000000446e+00
2.080744856500000139e+01 1.424654509999999874e+01 8.184352540000000786e+00
1.987636065000000229e+01 1.432010425499999684e+01 7.875949580000000338e+00
2.162761069500000133e+01 6.955835484999997931e+00 1.325580540999999890e+01
2.280240652162094506e+01 7.378921064999998336e+00 1.191361142000000051e+01
2.403260466324188371e+01 1.007987442499999986e+01 1.205219129000000144e+01
2.159482543000000021e+01 1.277591988500000042e+01 1.310990306499999924e+01
1.701444866500000330e+01 1.018618687000000023e+01 9.903270055000000127e+00
1.473907430500000082e+01 1.394138086499999929e+01 8.981496205000000899e+00
1.678995401499999929e+01 1.479501083999999977e+01 5.550768465000000873e+00
1.605363650500000006e+01 1.518486585000000133e+01 5.684937145000001024e+00
1.893027267000000080e+01 1.702687909499999819e+01 5.135465960000000329e+00
1.616008997999999863e+01 1.833433549000000085e+01 3.993801425000000016e+00
1.541988397999999982e+01 1.758686663000000294e+01 1.647457415000000092e+00
1.569596879499999886e+01 1.804267552499999994e+01 8.845262550000000390e-01
1.856267268499999901e+01 2.038331710499999971e+01 1.779069095000000100e+00
1.772399041999999980e+01 2.269998440500000214e+01 1.311469905000000047e+00
1.878057043500000134e+01 2.243750838162094396e+01 5.217842495000000191e+00
1.660209413500000153e+01 2.068996691499999940e+01 7.066585485000000944e+00
1.681602648500000186e+01 2.037871395999999891e+01 6.269708939999999231e+00
1.719204808499999970e+01 2.336002665324188499e+01 8.426543110000000780e+00
1.775197749999999886e+01 2.397397863824188491e+01 8.085368345000000900e+00
1.775115224500000011e+01 2.105175538499999632e+01 9.981844284999999317e+00
1.933844797500000112e+01 2.127459784999999570e+01 1.265543993000000000e+01
1.753080766499999754e+01 1.729034598999999872e+01 9.074922354999999996e+00
1.743497675999999785e+01 1.659997936999999624e+01 9.587009270000001138e+00
2.042011568499999896e+01 1.498496503999999696e+01 1.004580477999999921e+01
2.214611342499999935e+01 1.282023324499999717e+01 8.750117515000001234e+00
2.625034813324188576e+01 1.128912977999999967e+01 3.049310135000000699e+00
2.520913011324188346e+01 1.091516337000000014e+01 3.168601245000000510e+00
2.573119337824188690e+01 1.082616070000000086e+01 4.090305485000000019e+00
2.660577460324188337e+01 1.229899445999999941e+01 2.890324115000000305e+00
2.673330550324188692e+01 1.172765392500000026e+01 2.008601945000000555e+00
2.818874885324188639e+01 1.147630503499999932e+01 3.670390415000000406e+00
2.850603502324188554e+01 1.181055555500000054e+01 2.945802615000000735e+00
2.745120001324188763e+01 1.161956827999999931e+01 2.933371190000000794e+00
2.606544105324188365e+01 1.181449034499999939e+01 9.835275550000011080e-01
2.516381029824188431e+01 1.228483848000000123e+01 1.031388020000000516e+00
2.551981097324188497e+01 1.230823067500000079e+01 1.535101337905775409e-02
2.513065964324188428e+01 1.151487705499999947e+01 6.655612450000001346e-01
2.587476468824188558e+01 1.315987846999999888e+01 -5.384428582418854248e-01
2.599922993824188566e+01 1.221615573500000096e+01 -1.146985963241884399e+00
2.499502520324188737e+01 1.284207032499999990e+01 -9.957474132418857593e-01
2.638333407824188725e+01 1.190516527000000124e+01 -2.171878758241883922e+00
2.612459017324188437e+01 1.129665738499999961e+01 -1.563052923241884606e+00
2.391368400324188670e+01 1.347304259000000037e+01 -1.025305223241885777e+00
2.345196893324188636e+01 1.384286063000000055e+01 -1.719733366209421632e-01
2.292749105162094381e+01 1.384842209500000010e+01 -8.876142582418857785e-01
2.443350016824188486e+01 1.543832328499999917e+01 -8.701694482418869114e-01
2.394137792324188396e+01 1.549133991500000107e+01 -1.781987263241885167e+00
2.347751710324188679e+01 1.582505251999999984e+01 -7.667326282418862604e-01
2.369236869324188532e+01 1.464555299499999919e+01 -8.878472682418863116e-01
2.385074838824188603e+01 1.612821566000000217e+01 -2.586240163241884993e+00
2.350245977324188473e+01 1.538250668499999918e+01 -2.718765748241884772e+00
2.328474173324188357e+01 1.682548697000000004e+01 -1.727905662094286754e-02
2.398059390824188597e+01 1.764964628499999932e+01 2.603323550000000708e-01
2.370610137824188612e+01 1.715636909499999874e+01 9.190635400000006783e-01
2.234425399999999939e+01 1.855608009000000180e+01 3.744917383790573595e-01
2.277583188662094216e+01 1.874906610000000029e+01 1.295543304999999812e+00
2.301523175162094503e+01 1.783668392999999952e+01 6.327376449999997376e-01
2.088530204499999954e+01 1.807803308500000128e+01 1.652491494999999588e+00
2.145585245000000185e+01 1.750556558499999937e+01 2.090121830000000180e+00
2.190311934500000035e+01 1.801113134500000257e+01 1.212309499999999929e+00
2.286338371662094460e+01 1.989854463500000037e+01 1.722158564999999975e+00
2.274843932162094262e+01 2.096257525500000085e+01 2.358455505000000230e+00
2.332662295824188448e+01 2.119481543999999928e+01 3.217025940000000084e+00
2.275109137162094441e+01 2.207607403162094073e+01 3.011557194999999965e+00
2.233664645662094372e+01 2.111569666999999839e+01 3.439337225000000053e+00
2.268833690499999989e+01 2.305379391324188276e+01 3.472747145000000035e+00
2.306411610162094306e+01 2.309747523324188379e+01 2.705357419999999458e+00
2.188183217000000269e+01 2.026258060500000013e+01 4.181822395000000192e+00
2.205710898999999969e+01 1.970985362999999779e+01 5.265636074999999749e+00
2.237256532662094344e+01 1.932390063500000110e+01 4.310238254999999796e+00
2.187037986500000031e+01 2.023219157999999851e+01 6.150374199999999902e+00
2.288666605162094214e+01 1.996742270499999705e+01 6.081514475000000530e+00
2.137209757999999837e+01 1.855735744000000054e+01 7.098237595000000510e+00
2.204204112000000038e+01 1.919304787499999776e+01 6.465671589999999469e+00
2.379721583324188572e+01 2.070232792999999916e+01 6.561584245000000593e+00
2.369533412824188545e+01 2.173378192999999925e+01 6.934942389999999790e+00
2.472872668824188480e+01 2.150792918500000184e+01 6.814912435000000102e+00
2.581750689824188427e+01 2.135650104999999854e+01 6.724702524999999653e+00
2.557388085824188551e+01 2.192728460000000013e+01 5.954532085000000308e+00
2.561699700324188456e+01 2.228573782162094119e+01 7.067934454999999616e+00
2.619488820824188480e+01 2.233717352000000034e+01 5.253059320000000199e+00
2.562092110324188354e+01 2.170548572499999906e+01 4.936994739999999382e+00
2.608122914824188499e+01 2.266464657662094240e+01 8.102922299999999467e+00
2.620994495324188733e+01 2.285368771662094289e+01 9.106938200000000094e+00
2.803447405324188679e+01 2.310526518662094020e+01 8.509146375000000262e+00
2.828443720824188290e+01 2.206420905000000232e+01 8.419170460000000134e+00
2.828180741824188615e+01 2.261895564499999978e+01 9.432822160000000622e+00
2.717205419324188398e+01 2.254927418500000158e+01 8.727482274999999845e+00
2.911549977824188318e+01 2.281246794162094460e+01 1.014613470499999970e+01
2.922173998824188601e+01 2.130386685500000254e+01 6.345102999999999938e+00
2.886310335824188655e+01 2.171535607999999939e+01 7.483489325000000747e+00
2.984497472824188691e+01 2.060571645000000274e+01 5.821768224999999575e+00
2.901975164824188624e+01 2.001747572000000019e+01 5.995703609999999628e+00
2.875825874824188588e+01 1.919996952500000020e+01 6.673659510000000239e+00
2.817151433824188445e+01 1.934799849499999880e+01 6.050099234999999354e+00
2.896153006824188481e+01 1.894780823500000011e+01 5.824294509999999647e+00
2.905759089324188693e+01 2.089055669000000037e+01 5.145526589999999345e+00
2.955747034324188505e+01 2.183000864999999990e+01 3.156336204999999673e+00
2.930269623324188544e+01 2.136329796000000059e+01 4.035277255000000451e+00
3.088257282824188366e+01 2.015415700500000185e+01 3.619403570000000236e+00
3.042908695324188528e+01 1.997558088999999981e+01 2.626188970000000289e+00
3.028076885824188480e+01 2.104245459999999923e+01 3.386861600000000028e+00
3.032846362824188446e+01 1.902350363499999730e+01 2.157600624999999717e+00
2.956917422824188435e+01 1.949058803500000181e+01 2.160771024999999845e+00
3.132769511824188413e+01 2.071674164499999904e+01 2.832607529999999763e+00
3.298592268824188523e+01 2.118737939000000026e+01 3.737474255000000412e+00
3.278413490324188473e+01 2.206240831999999941e+01 3.578363885000000355e+00
3.240087686824188040e+01 2.128091002000000032e+01 2.934869085000000322e+00
3.435383189324188180e+01 2.132457456999999934e+01 2.395599085000000628e+00
3.352857405324188278e+01 2.169635944999999921e+01 2.937773495000000512e+00
3.402692579324188671e+01 2.216650930000000130e+01 1.840560190000000595e+00
3.361793640824188856e+01 2.212558331500000008e+01 9.100564100000001488e-01
3.460985734324188456e+01 2.223276155499999973e+01 2.900470685000001048e+00
3.565912478824188270e+01 2.237143658000000102e+01 3.568557585000000643e+00
3.611848162824188080e+01 2.163954665500000019e+01 4.137887970000001303e+00
3.730750423824188289e+01 2.292465718162094390e+01 5.051613505000000615e+00
3.656252288824188668e+01 2.260621229662094578e+01 4.344586955000000472e+00
3.715831300324188646e+01 2.370281119824188920e+01 4.448205460000000500e+00
3.786868057824188583e+01 2.412540107324188909e+01 3.786163830000000896e+00
3.710531575324188225e+01 2.449211872324188732e+01 3.673198800000000652e+00
3.640720123324188506e+01 2.329690381324188664e+01 5.373462050000000545e+00
3.553450497824188403e+01 2.336392395824188739e+01 5.669814550000000786e+00
2.530374757824188592e+01 1.100987115500000080e+01 4.999010845000000813e+00
2.595744623324188538e+01 1.032674932500000153e+01 3.164846915000000482e+00
2.835440785324188795e+01 1.098254658000000106e+01 2.949227925000000639e+00
2.693006044324188508e+01 1.169838260999999946e+01 -1.522458778241884580e+00
2.438731617324188505e+01 1.545347369999999998e+01 -2.750225548241885143e+00
2.109742293000000046e+01 1.725699079500000011e+01 1.353978204999999768e+00
2.297501920162094180e+01 2.087717343500000311e+01 1.283135760000000403e+00
2.214932002500000152e+01 2.069572339500000169e+01 1.519856550000000972e+00
2.219259614499999955e+01 2.294699970824188284e+01 2.713752685000000220e+00
2.147135906500000146e+01 1.930799359999999965e+01 4.407026850000000273e+00
2.224301357499999909e+01 1.863023299500000007e+01 7.376284679999999483e+00
2.203722857500000032e+01 1.811069229499999977e+01 6.712288174999999413e+00
2.396355526824188686e+01 2.118473741500000074e+01 7.493091930000000289e+00
2.537072082824188612e+01 2.253183254162094329e+01 5.056334514999999641e+00
2.623900829324188777e+01 2.203577896499999866e+01 8.948291014999998794e+00
2.832610208824188547e+01 2.293070481162094154e+01 1.053753921999999932e+01
2.863315164324188444e+01 2.213133200499999731e+01 1.031776260499999864e+01
2.961059049824188349e+01 2.217291534000000297e+01 6.894411500000000359e+00
2.882810847324188330e+01 2.227512434999999869e+01 6.584790330000000580e+00
3.012045341324188286e+01 2.198398335000000259e+01 3.881150424999999959e+00
3.019973400324188617e+01 1.969561692999999991e+01 1.571586284999999528e+00
3.364801818824188473e+01 2.295642960162094326e+01 1.237975695000000265e+00
3.433641372324188268e+01 2.263650280499999923e+01 8.982660500000010373e-01
3.658819772324188335e+01 2.197128269000000245e+01 3.428204345000001041e+00
3.761037897324188606e+01 2.470103515824188634e+01 4.407272760000001455e+00
6.537025354999999038e+00 -6.148274938241885756e+00 1.736635142499999773e+01
6.957581254999999132e+00 -5.696855088241886911e+00 1.649083578500000158e+01
6.349241659999998788e+00 -6.437870643241885737e+00 1.618707798999999881e+01
5.738084504999998003e+00 -5.855079928241885945e+00 1.804507742500000234e+01
6.732123924999999787e+00 -5.810238888241886279e+00 1.848666609500000035e+01
5.660323664999998172e+00 -7.789144338241887233e+00 1.845923811000000114e+01
5.550505234999999260e+00 -7.284879258241887534e+00 1.924802220499999805e+01
6.060343684999999425e+00 -6.764601048241886794e+00 1.845153615000000258e+01
7.270532154999999719e+00 -4.776265748241887543e+00 1.883578775499999836e+01
7.196620449999999281e+00 -3.911187913241888303e+00 1.826007597499999946e+01
6.757656979999999258e+00 -3.643910603241887536e+00 1.916696896500000236e+01
7.792340119999998649e+00 -3.852063308241887363e+00 1.892053583999999944e+01
5.748771394999998563e+00 -3.363895268241887671e+00 1.933714489500000155e+01
6.215098614999998716e+00 -3.435311113241886538e+00 2.033414444000000287e+01
6.357179284999999069e+00 -2.549830433241887739e+00 1.944098748000000043e+01
6.197377349999999119e+00 -4.148178778241885745e+00 2.118269794500000103e+01
5.778577534999998377e+00 -3.401788113241885902e+00 2.134719299500000034e+01
6.002812219999999144e+00 -1.452924198241887233e+00 1.901262379499999966e+01
5.127815144999999575e+00 -9.845326132418863452e-01 1.910885130500000173e+01
5.275690794999999156e+00 -1.271212453241886031e+00 1.826548744000000113e+01
6.388861750000000228e+00 3.265867600000005311e-01 1.797462389000000016e+01
5.442178789999999822e+00 7.810064150000002314e-01 1.806132177499999969e+01
6.260527995000000345e+00 6.918917399999999773e-01 1.893922315000000012e+01
5.748372859999999918e+00 -3.476735616209429836e-01 1.853346395500000199e+01
4.596953335000000251e+00 1.374756695000000306e+00 1.821072844999999774e+01
4.532044429999999124e+00 9.617672100000005386e-01 1.744398787499999770e+01
7.247918235000000209e+00 1.045648279999999986e+00 1.954907921499999901e+01
8.153779475000000332e+00 1.363697210000000659e+00 1.916201427000000024e+01
8.174426884999999032e+00 5.599328649999995022e-01 1.957044806500000078e+01
8.057603115000000926e+00 2.223326365000000138e+00 2.101882701499999939e+01
9.025850330000000810e+00 1.921011470000000720e+00 2.102008594000000130e+01
8.155702704999999497e+00 1.406875450000000249e+00 2.028552309999999892e+01
8.055623634999999894e+00 1.192413000000001055e+00 2.271883252162094280e+01
8.271735230000000882e+00 4.398563083790580919e-01 2.222897334499999999e+01
8.159139520000000090e+00 1.340403815000001053e+00 2.161935198999999841e+01
9.946005819999999886e+00 2.629611099999999979e+00 2.062890969499999727e+01
1.092418289999999992e+01 3.062677879999999853e+00 2.001231038999999967e+01
1.195594590500000010e+01 3.006630644999999991e+00 2.028171432999999979e+01
1.178934656999999930e+01 2.233433989999999980e+00 1.954279062999999894e+01
1.182170333999999912e+01 3.500979484999999780e+00 1.939961376499999801e+01
1.207135698499999954e+01 1.182594954999999892e+00 1.966379846999999970e+01
1.146193217499999939e+01 1.225244239999999429e+00 1.904961124500000125e+01
1.265666758000000058e+01 4.169355014999999831e+00 1.869695862999999747e+01
1.341019933500000150e+01 5.040543644999999628e+00 1.830154995000000184e+01
1.339017426499999885e+01 4.089634264999999935e+00 1.791793963499999975e+01
1.298058550500000052e+01 5.970165409999999895e+00 1.800292214999999985e+01
1.396463797500000048e+01 5.885518660000000679e+00 1.771507081500000069e+01
1.431084557999999873e+01 6.476095069999999509e+00 1.965987317000000090e+01
1.364315556000000029e+01 6.204819985000000315e+00 1.882690666500000276e+01
1.455394047500000099e+01 6.634208035000000336e+00 1.696127500500000096e+01
1.416542087000000016e+01 7.500359364999999556e+00 1.661256347000000133e+01
1.496256707000000041e+01 7.278312169999999526e+00 1.597167046500000076e+01
1.580477231000000060e+01 7.191427465000000296e+00 1.527743918000000001e+01
1.493923053500000009e+01 6.692773174999999242e+00 1.484469488999999953e+01
1.518302494499999966e+01 7.907470850000000162e+00 1.493527491500000082e+01
1.405981848500000098e+01 6.151251775000000421e+00 1.448875534000000087e+01
1.465126730499999930e+01 6.163324545000000043e+00 1.386256757499999992e+01
1.566293905999999936e+01 8.920998224999999948e+00 1.439359190000000055e+01
1.664252888500000083e+01 9.154919384999999465e+00 1.448039758500000040e+01
1.625799224000000009e+01 1.115473760500000111e+01 1.441818763000000025e+01
1.567433598499999903e+01 1.089781127500000046e+01 1.523198486000000074e+01
1.521086785500000005e+01 1.098818328000000122e+01 1.412104062499999912e+01
1.604849533999999878e+01 1.005229016999999914e+01 1.436058008000000008e+01
1.443120827499999947e+01 1.168705976000000035e+01 1.360460999000000015e+01
1.685788249499999836e+01 1.148479199500000014e+01 1.703846908499999913e+01
1.592144583500000010e+01 1.093066013500000011e+01 1.649488277500000066e+01
1.754267029000000022e+01 1.215819338000000016e+01 1.650807190999999818e+01
1.704444866000000047e+01 1.277165172499999990e+01 1.716334948000000082e+01
1.709146537499999852e+01 1.385348704000000097e+01 1.741669995000000171e+01
1.643811599500000042e+01 1.364669206499999987e+01 1.688088402500000029e+01
1.634844935499999963e+01 1.342810682500000041e+01 1.772129102000000245e+01
1.791288905999999770e+01 1.197436660500000016e+01 1.746289249999999882e+01
1.974733510499999767e+01 1.093202690999999938e+01 1.728386195499999900e+01
1.911575938000000008e+01 1.165966970499999888e+01 1.764196676999999980e+01
2.088546172999999939e+01 1.227450977500000029e+01 1.859660679499999958e+01
2.100394985500000189e+01 1.119192364000000062e+01 1.885419031500000031e+01
2.036130615500000118e+01 1.162887613999999914e+01 1.784752244500000273e+01
2.052472008000000159e+01 1.060832419000000115e+01 1.955462905499999948e+01
2.119869823500000194e+01 1.012523632999999990e+01 1.911573199000000045e+01
2.156178540500000196e+01 1.182108210500000034e+01 1.798374485000000078e+01
2.339945311324188282e+01 1.215725577499999943e+01 1.875935603499999971e+01
2.316977303324188497e+01 1.295097329000000030e+01 1.844006727000000012e+01
2.271473059662094229e+01 1.214376145499999993e+01 1.796914742499999917e+01
2.428257494824188711e+01 1.235630996000000081e+01 1.678994484500000084e+01
2.385967011324188292e+01 1.242039821000000011e+01 1.779849965500000053e+01
2.492592305824188514e+01 1.300296672500000028e+01 1.740116399499999744e+01
2.575755748824188629e+01 1.365437890499999973e+01 1.707067486500000086e+01
2.484503519324188403e+01 1.181835406999999982e+01 1.746382899999999694e+01
2.496144718824188402e+01 1.058884816499999992e+01 1.741745600999999866e+01
2.429127815324188333e+01 9.782027474999999583e+00 1.754073774999999813e+01
2.602085683324188636e+01 9.035688735000000804e+00 1.659439204499999931e+01
2.523611758824188200e+01 9.432990350000000745e+00 1.713403738499999918e+01
2.627289502324188675e+01 8.929970474999999297e+00 1.767000939500000101e+01
2.655771541324188689e+01 8.939970479999999498e+00 1.877449932999999760e+01
2.706772985324188596e+01 8.481328590000000389e+00 1.821011882999999898e+01
2.548646065824188511e+01 8.264469959999999560e+00 1.705162023999999832e+01
2.543554785824188258e+01 7.366836344999999397e+00 1.667753086000000096e+01
6.096176469999999625e+00 -6.737850303241885719e+00 1.526583880000000093e+01
7.290809619999999214e+00 -6.542681403241886962e+00 1.665221116499999710e+01
6.306465639999998984e+00 -7.693609493241887698e+00 1.906081023000000130e+01
6.667014649999998710e+00 -3.365199338241885663e+00 2.136844511500000010e+01
5.098011514999999605e+00 1.584436725000000656e+00 1.749161102499999743e+01
7.458636440000000256e+00 7.757313600000008691e-01 2.224196093999999846e+01
9.891091819999999757e+00 3.218284170000000000e+00 1.975961362500000007e+01
1.017704098000000101e+01 3.650991074999999864e+00 2.047132776000000121e+01
1.232068070500000090e+01 1.549316694999999910e+00 1.892176926500000178e+01
1.372694648000000051e+01 4.119260285000000188e+00 1.874004569499999917e+01
1.347207794499999878e+01 6.583839874999999786e+00 1.988524891000000139e+01
1.392172678500000060e+01 7.128779214999999780e+00 1.931975307500000127e+01
1.492491839000000020e+01 7.596220645000000715e+00 1.700882693500000187e+01
1.473910661500000074e+01 5.607220274999999532e+00 1.456783374499999972e+01
1.642007028500000132e+01 9.151949200000000673e+00 1.368799081999999956e+01
1.451630136500000035e+01 1.088363378000000026e+01 1.323857441000000001e+01
1.416565271500000023e+01 1.098755859499999943e+01 1.404892249499999934e+01
1.664168422000000191e+01 1.038127946999999907e+01 1.705035029500000121e+01
1.604273172999999986e+01 1.091949397000000133e+01 1.751248527499999952e+01
1.983388189000000068e+01 1.167460352499999843e+01 1.688150221499999759e+01
2.131369833000000114e+01 1.068627130500000000e+01 1.985337682499999801e+01
2.513105535324188367e+01 1.403038813999999945e+01 1.766713067499999923e+01
2.575341367324188369e+01 1.351102916500000006e+01 1.792671086500000044e+01
2.442894386324188361e+01 1.002438609500000055e+01 1.673763339999999999e+01
2.717495047324188562e+01 9.288031305000000515e+00 1.827012708999999901e+01
2.403814423824188395e+01 4.123469809999999569e+00 4.952937465000001538e+00
2.413861070324188418e+01 3.142056239999999612e+00 4.390589680000001493e+00
2.315935449162094173e+01 3.403058230000000073e+00 4.440408495000001565e+00
2.470585289824188635e+01 4.745207090000000072e+00 5.523898165000002081e+00
2.374409883324188542e+01 5.233100509999999872e+00 5.495329695000001458e+00
2.468161050324188466e+01 5.549998200000000104e+00 3.486559525000001436e+00
2.544830275824188703e+01 5.463721534999999463e+00 3.938770950000001658e+00
2.460450611324188230e+01 5.261709655000000652e+00 4.571779925000001299e+00
2.341332416824188556e+01 6.176378105000000396e+00 6.188592545000002332e+00
2.406264778324188569e+01 6.990163145000000355e+00 6.304380835000001682e+00
2.303285005162094023e+01 7.274967345000000307e+00 6.584931445000002270e+00
2.373857932824188310e+01 6.610447135000000252e+00 7.082310100000002606e+00
2.201876107999999732e+01 7.525166979999999839e+00 6.760435570000002059e+00
2.262759423662094349e+01 8.346488430000000847e+00 7.128442735000001917e+00
2.240186716499999875e+01 8.033284030000000797e+00 5.937359930000001285e+00
2.245669031662094284e+01 9.333088185000001147e+00 7.627350115000002262e+00
2.330630780324188578e+01 9.130813684999999680e+00 7.618414465000001634e+00
2.191524514000000323e+01 7.882046260000000082e+00 4.831549050000002232e+00
2.107222759000000067e+01 7.290085254999999265e+00 4.739704275000002021e+00
2.175063785000000038e+01 7.063327029999999951e+00 4.184738510000002520e+00
2.052577061000000214e+01 8.020452864999999321e+00 2.887438815000002101e+00
2.018486224499999793e+01 8.798894699999999958e+00 3.514291495000002374e+00
2.121851700999999935e+01 8.783504230000000135e+00 2.907682320000002374e+00
2.111774486499999881e+01 7.924590610000000090e+00 3.822347945000002412e+00
1.941627446500000076e+01 9.540392874999998440e+00 3.393540685000002277e+00
1.974134380499999963e+01 9.552963389999998611e+00 4.206219295000002134e+00
2.218215852999999882e+01 8.897373434999998665e+00 2.181599810000002471e+00
2.286157615162094459e+01 8.126451644999999502e+00 2.028464485000002426e+00
2.315196168162094281e+01 8.854032374999999178e+00 1.842896480000002501e+00
2.234203128000000049e+01 8.835980734999999697e+00 3.813832337905864733e-02
2.166293319000000039e+01 8.067299430000000271e+00 2.072144100000024025e-01
2.249101708499999930e+01 8.462744725000000301e+00 1.039510455000002498e+00
2.328094119324188682e+01 7.245786605000000158e+00 -7.676641332418849828e-01
2.343827646824188804e+01 6.911781330000000168e+00 1.755015337905874162e-02
2.283967728162094346e+01 7.858525990000000405e+00 2.383858337905842006e-02
2.076380406500000220e+01 7.825148949999999992e+00 -5.437929466209414642e-01
1.987586917000000142e+01 7.399314119999999662e+00 -1.238079738241884442e+00
1.893877020499999730e+01 7.013549250000000512e+00 -8.327941232418840656e-01
1.884292377499999915e+01 7.070898715000000223e+00 -1.889943583241883829e+00
1.945157649000000077e+01 6.264065775000000613e+00 -1.228080878241883056e+00
1.870280249500000025e+01 7.075729755000000232e+00 -2.978168988241884918e+00
1.802567910999999867e+01 6.816199710000000245e+00 -2.567723643241883735e+00
1.965635230499999864e+01 5.295384105000000119e+00 -5.411635866209412171e-01
1.965909570999999900e+01 4.236383870000000051e+00 8.399314499999999128e-02
1.922461628499999975e+01 5.212607150000000189e+00 3.597481849999999426e-01
1.984974887499999952e+01 3.291953685000000185e+00 -4.121595916209432886e-01
1.897533581999999797e+01 3.191289864999999892e+00 1.423206999999999667e-01
2.034378348499999944e+01 2.273721715000000199e+00 1.300789974999999821e+00
2.006353192999999990e+01 3.128818490000000008e+00 6.360117949999999354e-01
1.776124595499999970e+01 3.214730115000000055e+00 -1.252514616209428056e-01
1.707347226499999948e+01 3.955969010000000008e+00 -1.967797816209415629e-01
1.666324144000000018e+01 3.017364315000000019e+00 -6.338848932418841287e-01
1.626002957500000079e+01 2.040769314999999917e+00 -6.268979182418839002e-01
1.541799952500000082e+01 2.718257965000000276e+00 -4.405523332418841420e-01
1.595012546500000106e+01 2.483893629999999852e+00 -1.517214383241883624e+00
1.481789377000000130e+01 2.994866505000000068e+00 4.527776133790588631e-01
1.449384020500000148e+01 3.352928180000000147e+00 -3.138934232418844061e-01
1.631349749500000001e+01 2.191505509999999823e+00 -2.718403998241884167e+00
1.735467131000000052e+01 1.994700180000000156e+00 -3.009662283241883785e+00
1.597889143999999995e+01 2.615584595000000068e+00 -4.745869183241884670e+00
1.683858280500000149e+01 2.258983269999999877e+00 -5.143147998241884622e+00
1.680222228000000229e+01 3.373663859999999737e+00 -4.608463048241883797e+00
1.667039315999999971e+01 2.278203705000000134e+00 -3.908798128241883774e+00
1.683494821500000072e+01 4.432021779999999467e+00 -4.209956063241884650e+00
1.696935088000000036e+01 1.738893199999999917e+00 -7.513785608241883907e+00
1.681556220999999951e+01 1.980449639999999789e+00 -6.305626233241884648e+00
1.775658371499999788e+01 1.002610404999999982e+00 -7.879458003241882835e+00
1.702006412500000110e+01 1.130320119999999928e+00 -8.619695743241884145e+00
1.611160504000000060e+01 6.416510699999999900e-01 -8.942875918241885103e+00
1.645854367000000096e+01 1.223278070000000106e+00 -9.533397408241885529e+00
1.666981980999999990e+01 4.064911033790581385e-01 -9.452353573241884632e+00
1.786519357000000241e+01 1.943908095000000058e+00 -8.375526968241883807e+00
1.947135123500000020e+01 3.367328749999999982e+00 -7.918011883241884874e+00
1.881799087000000270e+01 2.654034699999999969e+00 -8.281397248241884057e+00
2.030247501000000199e+01 1.467155325000000010e+00 -8.458965953241882829e+00
2.090383935999999920e+01 2.219406180000000006e+00 -8.869246753241885273e+00
1.995226038500000243e+01 2.386270575000000171e+00 -8.070516053241885146e+00
2.095454198499999876e+01 2.435881505000000224e+00 -9.918784038241884815e+00
2.149884738499999770e+01 3.001322950000000045e+00 -9.452113593241884715e+00
2.096075954500000194e+01 1.847890449999999962e+00 -7.696833823241885142e+00
2.228193163000000254e+01 4.323896099999995357e-01 -6.593884918241884385e+00
2.207127325000000084e+01 1.936996983790573168e-01 -7.391005258241882814e+00
2.163159268500000110e+01 1.087474444999999790e+00 -7.036714713241885022e+00
2.026314430500000086e+01 -1.724893116209420540e-01 -6.438868298241883892e+00
2.130594626999999974e+01 -8.491396620942559537e-03 -6.627135373241883620e+00
2.068168827000000221e+01 -1.102121933241885010e+00 -6.593856068241883861e+00
2.110050473999999809e+01 -2.055723253241885651e+00 -6.807807228241884445e+00
2.084055905000000308e+01 -4.875082482418848784e-01 -5.586429093241884303e+00
2.034641734499999899e+01 -4.719534382418855145e-01 -4.448599348241884854e+00
1.967216214999999835e+01 1.306520833790569824e-01 -3.905114198241884438e+00
2.026701575999999960e+01 -1.625043868241886180e+00 -2.883644278241884962e+00
1.988927974499999962e+01 -7.747931882418859217e-01 -3.398371658241885029e+00
2.046902305999999783e+01 -7.264624382418860549e-01 -2.296387033241884978e+00
2.105519177500000083e+01 -5.687279432418863578e-01 -1.369426098241884660e+00
2.139039992000000012e+01 -1.547860732418859797e-01 -2.075815318241884810e+00
1.939088121500000028e+01 -1.232194578241885274e+00 -2.402553093241884596e+00
1.846774828499999899e+01 -1.507982703241885325e+00 -2.420277948241883692e+00
2.229446286499999630e+01 3.807643265000000277e+00 4.354386990000001845e+00
2.379476414324188482e+01 3.073721724999999960e+00 5.233038250000001668e+00
2.496897489824188554e+01 6.205863905000000180e+00 4.028349755000001586e+00
2.278750507662094549e+01 8.712531545000000932e+00 8.161236115000001234e+00
1.922468844000000132e+01 8.875093480000000312e+00 3.920508010000002486e+00
2.387550313824188919e+01 7.627714390000000400e+00 -2.624819782418850167e-01
2.031940938500000016e+01 8.367135024999999615e+00 -1.355926333241884052e+00
2.085834351999999825e+01 7.807931769999999716e+00 -1.635089853241884938e+00
1.823748390499999772e+01 7.696553895000000090e+00 -2.610657678241883772e+00
2.014334922999999833e+01 5.155317984999999936e+00 3.600436849999999467e-01
2.044128747500000287e+01 3.097979020000000361e+00 1.682787405000000014e+00
2.100952339500000221e+01 2.775660110000000014e+00 1.121324609999999833e+00
1.743712351499999968e+01 3.670524030000000160e+00 -9.575512732418847150e-01
1.437029327499999987e+01 2.512248800000000060e+00 -1.813359682418855812e-01
1.673834090999999802e+01 1.405385230000000041e+00 -3.211269328241883159e+00
1.762431160999999946e+01 4.038060250000000018e+00 -4.533122253241883115e+00
1.699625992500000038e+01 4.367814899999999945e+00 -5.082160398241883925e+00
1.634431782000000055e+01 2.575925054999999908e+00 -7.033271763241884855e+00
1.603827051000000026e+01 1.747267974999999751e+00 -6.909878823241884405e+00
1.929369512000000242e+01 2.844688094999999972e+00 -7.334943513241883650e+00
2.170178240499999944e+01 2.179946919999999899e+00 -9.525304328241883667e+00
2.027936350000000232e+01 -2.015710333241885088e+00 -6.534541263241884224e+00
2.038227109500000012e+01 -1.769617753241885971e+00 -7.357676458241883211e+00
1.932186410999999993e+01 -6.119410582418849387e-01 -4.301594348241884802e+00
2.062178929000000238e+01 1.308952933790576978e-01 -1.663536298241885092e+00
2.312941995000000084e+00 1.382663217000000166e+01 1.362573246999999910e+01
1.565765250000000108e+00 1.461045259000000129e+01 1.355054338000000058e+01
2.523583855000000042e+00 1.498545013500000245e+01 1.363831904499999936e+01
2.245148744999999835e+00 1.277232902000000259e+01 1.364233949500000165e+01
3.250230619999999959e+00 1.306974056000000139e+01 1.370963159000000076e+01
2.310648679999999899e+00 1.307592037000000218e+01 1.172771763000000078e+01
2.900000215000000381e+00 1.243821462500000230e+01 1.190394031499999983e+01
2.686918840000000142e+00 1.304108775500000128e+01 1.271238257499999946e+01
4.104659830000000120e+00 1.231222844000000194e+01 1.406929463500000033e+01
4.283321449999999864e+00 1.135159813000000106e+01 1.370520380500000002e+01
5.031255679999999231e+00 1.165375963500000189e+01 1.444597103499999946e+01
3.995750999999999831e+00 1.136672658500000033e+01 1.454699738500000095e+01
6.058254409999999979e+00 1.188471043000000194e+01 1.428068593499999928e+01
5.862355080000000385e+00 1.211251718500000329e+01 1.536763580499999904e+01
5.948198890000000461e+00 1.098199544000000216e+01 1.486820338000000064e+01
6.514819805000000130e+00 1.259475286000000160e+01 1.612100085999999877e+01
5.798819825000000705e+00 1.230960024500000216e+01 1.643859211499999873e+01
6.403979550000000742e+00 9.898420400000000896e+00 1.448051313499999893e+01
7.256832080000000573e+00 9.473918435000001637e+00 1.397252794499999951e+01
6.559715430000000680e+00 9.760331670000001125e+00 1.345676045499999951e+01
5.458599614999999794e+00 8.222967840000000805e+00 1.404082393999999923e+01
5.970770465000000193e+00 7.845129090000000360e+00 1.312050129500000040e+01
6.357749075000000083e+00 7.671385035000000130e+00 1.427859145000000041e+01
6.324377874999999705e+00 8.824767240000001678e+00 1.389479791499999983e+01
6.468163565000000226e+00 7.358308660000000501e+00 1.228392318499999902e+01
5.891675790000000745e+00 7.934204400000000490e+00 1.202367847000000012e+01
6.521385175000000700e+00 7.089435520000000324e+00 1.535232784000000095e+01
6.056907409999999992e+00 7.417401315000001105e+00 1.621406925499999829e+01
6.778257769999999738e+00 6.979126530000000272e+00 1.630531849000000122e+01
5.569086085000000352e+00 5.288792700000000124e+00 1.574710795000000019e+01
4.728361705000000192e+00 5.851745590000000163e+00 1.586206993000000054e+01
5.844867954999999782e+00 6.327850735000000171e+00 1.603344810999999837e+01
5.727461120000000072e+00 5.036916380000000970e+00 1.775529897499999876e+01
4.910349450000000004e+00 4.680702370000000556e+00 1.756015938000000176e+01
5.309565205000000176e+00 5.403966385000000372e+00 1.680988771499999856e+01
3.841831885000000391e+00 5.721019735000000495e+00 1.501598249499999937e+01
3.498829285000000233e+00 4.648501740000000382e+00 1.453893090500000085e+01
3.738346560000000096e+00 3.703130895000000145e+00 1.506412438999999992e+01
2.669503944999999767e+00 3.744921295000000150e+00 1.494714328999999964e+01
3.513448509999999914e+00 3.448309379999999980e+00 1.413848527500000074e+01
1.910174950000000038e+00 3.722635289999999930e+00 1.575216391500000057e+01
1.603907190000000149e+00 3.969275930000000230e+00 1.497701771499999879e+01
4.334366530000000495e+00 2.988673204999999999e+00 1.327591779499999980e+01
5.434639830000000060e+00 2.458204765000000069e+00 1.338575258499999876e+01
5.293752285000000057e+00 3.422966830000000016e+00 1.297243299999999877e+01
6.097120645000000394e+00 2.176790430000000054e+00 1.425243753499999855e+01
6.396687829999999408e+00 1.738113905000000070e+00 1.338639460999999997e+01
4.590965804999999733e+00 6.185698499999999767e-01 1.435386592999999955e+01
5.489376894999999479e+00 1.270324989999999987e+00 1.400670252499999968e+01
7.499925819999999632e+00 1.198241904999999941e+00 1.332071149999999982e+01
8.052729505000000287e+00 9.840165800000000296e-01 1.422895435999999947e+01
8.713744744999999625e+00 1.063278345000000069e+00 1.330914643999999925e+01
9.771035740000000303e+00 1.002693955000000026e+00 1.328383596999999838e+01
9.394127635000000254e+00 1.037005394999999996e+00 1.221650041999999914e+01
9.490682410000001568e+00 1.982022009999999890e+00 1.296455257499999902e+01
8.998209544999999920e+00 1.058420820000000040e+00 1.119772320499999907e+01
9.892859399999998971e+00 9.486184100000000230e-01 1.127256193000000017e+01
9.738527364999999492e+00 2.995835919999999764e+00 1.362273112000000097e+01
9.562750409999999590e+00 3.056241185000000193e+00 1.467644208000000106e+01
9.239031815000000591e+00 4.882789354999999887e+00 1.394762225000000022e+01
1.026992728500000140e+01 5.101148925000000389e+00 1.391633477999999968e+01
9.640978700000001567e+00 5.111567159999999888e+00 1.493699258499999871e+01
9.793260025000000368e+00 4.032497810000000626e+00 1.425278151499999879e+01
9.147565885000000563e+00 5.210560239999999510e+00 1.588976818000000080e+01
1.061262460000000019e+01 6.328988915000000048e+00 1.205499403500000000e+01
1.077310002000000111e+01 5.488913110000000373e+00 1.288025524000000033e+01
1.002764870000000030e+01 7.244049824999999387e+00 1.216162666500000000e+01
1.110057162000000019e+01 7.476560010000000034e+00 1.226041586999999922e+01
1.218617936500000098e+01 7.663130454999999230e+00 1.235893105999999975e+01
1.165141957500000025e+01 8.384063629999999989e+00 1.246822891500000097e+01
1.174525563999999989e+01 7.811459940000000657e+00 1.311622319499999989e+01
1.048700148500000040e+01 7.279504684999999142e+00 1.124366462500000097e+01
9.103249545000000609e+00 8.541279434999999864e+00 1.046256121500000091e+01
1.005644530000000003e+01 8.060996199999999945e+00 1.042362357500000059e+01
1.013612513500000034e+01 8.845326480000000657e+00 8.605012535000000184e+00
9.183277780000000945e+00 8.358292069999999185e+00 8.457060224999999321e+00
9.629304969999999742e+00 8.770571030000001045e+00 9.552039475000000834e+00
8.838671030000000428e+00 7.814869950000000287e+00 7.573739355000000728e+00
8.896573719999999241e+00 7.317160359999999031e+00 8.240527905000000430e+00
9.318849594999999653e+00 9.574613664999999330e+00 8.678099504999998715e+00
9.085216674999999853e+00 1.053450357000000004e+01 6.969434234999999589e+00
9.748871219999999838e+00 1.101624465999999991e+01 7.293889440000000057e+00
9.108456309999999334e+00 1.056116977000000112e+01 7.962094594999999941e+00
8.515105259999998566e+00 1.250613751000000029e+01 7.674258169999999879e+00
8.704328609999999244e+00 1.148712253000000061e+01 7.402415894999999857e+00
8.017990614999998655e+00 1.234305707999999946e+01 6.713694144999999835e+00
7.706996484999999453e+00 1.212312900000000049e+01 5.691567524999998184e+00
7.581459510000000179e+00 1.204360999000000021e+01 7.815111760000000629e+00
6.497283364999999478e+00 1.146104395999999959e+01 8.017593245000000479e+00
5.740459839999999758e+00 1.112843139499999978e+01 7.436892434999999857e+00
4.632469314999999810e+00 1.120656961999999979e+01 9.038271524999998974e+00
5.529429594999999864e+00 1.087979716000000074e+01 8.462759309999999147e+00
4.669116349999999471e+00 1.010919414000000138e+01 9.064899390000000778e+00
3.935643954999999750e+00 9.360126895000000502e+00 9.435304424999999995e+00
4.160343644999999313e+00 9.265334145000000632e+00 8.513212745000000581e+00
5.359146745000000323e+00 1.088044267999999981e+01 9.682590529999998807e+00
6.113399854999999938e+00 1.116241413500000057e+01 1.010114463500000070e+01
3.399339915000000101e+00 1.530199892500000125e+01 1.370972526499999944e+01
1.910167180000000187e+00 1.453772143500000169e+01 1.431070992000000075e+01
3.170498985000000047e+00 1.325099854000000299e+01 1.178190747000000016e+01
5.726565519999999410e+00 1.300915667000000120e+01 1.596481559999999966e+01
5.600755380000000727e+00 7.132665499999999881e+00 1.238505524500000021e+01
4.981891130000000167e+00 5.435978034999999764e+00 1.789006499499999947e+01
3.217770975000000089e+00 5.663691919999999769e+00 1.415061783999999889e+01
4.058123400000000380e+00 5.469073305000000218e+00 1.408100876499999998e+01
1.785903489999999927e+00 3.087831920000000174e+00 1.512825580499999845e+01
4.970247634999999775e+00 2.829365675000000024e+00 1.244151443999999884e+01
5.352561784999999794e+00 2.782563833790585583e-01 1.462818777000000026e+01
5.159503669999999431e+00 2.470289383790578164e-01 1.379182017499999979e+01
7.990633895000000209e+00 3.381426233790570945e-01 1.358950330000000051e+01
9.358707810000000293e+00 2.808980283790569743e-01 1.149294942499999905e+01
1.036598807500000063e+01 3.109015415000000004e+00 1.445831776500000032e+01
1.001932612000000056e+01 5.347624674999998717e+00 1.594462145500000005e+01
9.512843450000000090e+00 5.944111944999999508e+00 1.556773908999999989e+01
1.031809449000000001e+01 5.247268180000000726e+00 1.194385592499999937e+01
1.119379377499999961e+01 5.432893410000000145e+00 1.189416838500000040e+01
9.824966865000000382e+00 9.088063629999998838e+00 1.056491232000000124e+01
8.202812189999999504e+00 7.892268074999998717e+00 8.219874480000001427e+00
7.373329070000000485e+00 1.292259214500000120e+01 5.955987354999999539e+00
8.182071419999999762e+00 1.284966430499999923e+01 5.729202724999998608e+00
6.267278994999999853e+00 1.046449828499999946e+01 7.744295509999999716e+00
4.662087800000000115e+00 9.017167660000000140e+00 9.192834565000000069e+00
5.509577765000001293e+00 1.953391522000000080e+01 1.424426280499999997e+01
4.784530780000000760e+00 2.012693149999999775e+01 1.475483318000000033e+01
5.685962595000001230e+00 2.006622747499999804e+01 1.529547635499999991e+01
6.098312065000001780e+00 1.883632605500000068e+01 1.367491691999999937e+01
6.347122085000000524e+00 1.980664556500000018e+01 1.339100909999999978e+01
4.462417210000001688e+00 1.863164367499999940e+01 1.263663597500000080e+01
5.156927665000001326e+00 1.880369971500000048e+01 1.206735597000000126e+01
5.352938310000000754e+00 1.914199012999999994e+01 1.304509055499999981e+01
7.511811709999999920e+00 1.999218301999999881e+01 1.302986961000000043e+01
8.386296484999999024e+00 1.998458829999999864e+01 1.251345764999999943e+01
8.593661884999999501e+00 1.959236163499999961e+01 1.351696213499999999e+01
8.147418249999999418e+00 1.916615661999999887e+01 1.265942055000000011e+01
8.781338684999999700e+00 1.916226838500000085e+01 1.450210076999999842e+01
9.727843209999999630e+00 1.926652121000000051e+01 1.399405493999999983e+01
9.019759804999999631e+00 2.019929390500000110e+01 1.446574163000000013e+01
1.074344885500000046e+01 1.943726123500000114e+01 1.371968086500000084e+01
1.047970025999999955e+01 1.868373528500000091e+01 1.337196445000000011e+01
9.058467860000000371e+00 2.089186974000000063e+01 1.551523511499999941e+01
8.759126849999999465e+00 2.053922124500000024e+01 1.649068606499999845e+01
8.927701739999999830e+00 2.141522751499999799e+01 1.647329884500000219e+01
1.070868034500000121e+01 2.012615501500000192e+01 1.657500295499999865e+01
1.105024483500000088e+01 2.114151958000000064e+01 1.645179060999999976e+01
1.059654309000000083e+01 2.071568827499999799e+01 1.744893237999999869e+01
9.829058045000000021e+00 2.076475126999999787e+01 1.649544279999999929e+01
1.179916909499999988e+01 2.147777802000000236e+01 1.573731013000000090e+01
1.192786557500000022e+01 2.180887249500000280e+01 1.654187442499999960e+01
1.098757284000000034e+01 2.027934501000000012e+01 1.852026760999999766e+01
1.185383371500000038e+01 1.973228701000000029e+01 1.867104918999999796e+01
1.106419685000000008e+01 1.925971833500000230e+01 1.873603063499999877e+01
1.144308280499999952e+01 2.062813016999999860e+01 2.041176143499999895e+01
1.172922321000000068e+01 1.966561358500000267e+01 2.068190636499999968e+01
1.130674164999999931e+01 1.993232611999999904e+01 1.963209465499999951e+01
9.831074375000000032e+00 2.011615721000000079e+01 2.152396033499999817e+01
9.692215669999999506e+00 1.944501667500000153e+01 2.096229739500000022e+01
1.055250266000000003e+01 2.004668312500000127e+01 2.068562703999999997e+01
1.268157249500000106e+01 1.951688405000000159e+01 2.140120987999999969e+01
1.363348200000000077e+01 2.028640017499999715e+01 2.145692641999999850e+01
1.384165946999999974e+01 2.123999499499999999e+01 2.099156972000000110e+01
1.470522382000000050e+01 2.094203416999999945e+01 2.150980320499999721e+01
1.434890091499999976e+01 2.043527384000000069e+01 2.048157631000000123e+01
1.515601002500000050e+01 2.118974049999999920e+01 2.246101942162094289e+01
1.571994952500000053e+01 2.072911586000000028e+01 2.192994098999999864e+01
1.489759137999999972e+01 2.054746012000000022e+01 1.937640083499999832e+01
1.560042095500000059e+01 2.053972406500000147e+01 1.832863425000000035e+01
1.562654146500000074e+01 2.123117759499999835e+01 1.917347202500000236e+01
1.568873478000000077e+01 1.968189469000000003e+01 1.763178651500000171e+01
1.657863190999999858e+01 1.982534924499999818e+01 1.810279979500000280e+01
1.612839145499999916e+01 2.119850429000000247e+01 1.627990377999999794e+01
1.626813444000000075e+01 2.055690900500000140e+01 1.717093848500000064e+01
1.711114939499999821e+01 1.897033181999999840e+01 1.888076044499999995e+01
1.679034886499999857e+01 1.852419890000000180e+01 1.979977377999999888e+01
1.778446040500000080e+01 1.827237693000000007e+01 1.961546842499999954e+01
1.877500771000000057e+01 1.859771393000000117e+01 1.996707521500000126e+01
1.856790354500000007e+01 1.775273963000000066e+01 2.055718063999999856e+01
1.885466012999999919e+01 1.774181397000000260e+01 1.939275146499999991e+01
1.846633522999999855e+01 1.769291843999999969e+01 2.159303951000000055e+01
1.826429788499999773e+01 1.695894343500000190e+01 2.120656113500000117e+01
1.984607916999999944e+01 1.757797439499999825e+01 1.861660976499999975e+01
2.045524444499999817e+01 1.837661885500000025e+01 1.819777978999999846e+01
2.140171236500000163e+01 1.719386861499999952e+01 1.686987238999999761e+01
2.050917899000000233e+01 1.712996149499999987e+01 1.641659211500000026e+01
2.101830510499999960e+01 1.623160670500000080e+01 1.703615980500000049e+01
2.068941296499999893e+01 1.741315003000000061e+01 1.767720846499999965e+01
2.068952171499999793e+01 1.521368675999999986e+01 1.722769096500000074e+01
1.831183768500000042e+01 1.688648913000000107e+01 1.532146484999999991e+01
1.940059438500000155e+01 1.707252658999999895e+01 1.590729210499999979e+01
1.788234908500000131e+01 1.742271200999999792e+01 1.443457558000000063e+01
1.832220720000000114e+01 1.650711379999999906e+01 1.411440664499999897e+01
1.832629289500000169e+01 1.604878892500000021e+01 1.318141175499999918e+01
1.910079416499999994e+01 1.643828192999999871e+01 1.338632602000000027e+01
1.891428825499999888e+01 1.564922525499999928e+01 1.374962465499999986e+01
1.730295671500000054e+01 1.654899130999999812e+01 1.468547586000000038e+01
1.576531560000000098e+01 1.642802406999999931e+01 1.617901006499999994e+01
1.618129515000000040e+01 1.644968070499999868e+01 1.521148014499999945e+01
1.417536271000000170e+01 1.591322671000000000e+01 1.509167535999999998e+01
1.377116207999999986e+01 1.656899553499999911e+01 1.577593494999999990e+01
1.498751737000000084e+01 1.655370129499999976e+01 1.547534625499999983e+01
1.344513435500000043e+01 1.710335334500000215e+01 1.664751322000000044e+01
1.280743162999999996e+01 1.693975281499999852e+01 1.612010321500000032e+01
1.408047803000000009e+01 1.685280493999999862e+01 1.467820960499999927e+01
1.463515776999999929e+01 1.652163131500000048e+01 1.282167699000000027e+01
1.498977792999999892e+01 1.732347700500000087e+01 1.280089511999999985e+01
1.420113771499999977e+01 1.717423735999999934e+01 1.348140633999999949e+01
1.383797672500000076e+01 1.719483969999999928e+01 1.110228070999999872e+01
1.402913736000000000e+01 1.717958794500000153e+01 1.221938475500000010e+01
1.289084017500000101e+01 1.684242538999999894e+01 1.154733906499999918e+01
1.201300564499999979e+01 1.632488547500000209e+01 1.201412447999999955e+01
1.333955411500000032e+01 1.797861612500000206e+01 1.158562334500000013e+01
1.365974157000000133e+01 1.913572416499999918e+01 1.142362847500000100e+01
1.465028825999999995e+01 1.943422251500000186e+01 1.148248551500000048e+01
1.431924010000000003e+01 2.120220899999999986e+01 1.193308486000000102e+01
1.402649932499999963e+01 2.024674928499999993e+01 1.163150856500000074e+01
1.323009522499999946e+01 2.123601175499999982e+01 1.172137530000000005e+01
1.209766781499999944e+01 2.135746514000000218e+01 1.160423889499999994e+01
1.267054642999999992e+01 2.211267703500000081e+01 1.163235084000000086e+01
1.381269301999999932e+01 2.079023802500000073e+01 1.271331311000000142e+01
1.354535287499999896e+01 2.025827573499999801e+01 1.345862556500000018e+01
6.561826225000000790e+00 2.049204677000000174e+01 1.537728556999999974e+01
4.910627625000001828e+00 1.934730263000000150e+01 1.510192321499999935e+01
4.574883599999999717e+00 1.945729114999999965e+01 1.241048208000000130e+01
1.066467924999999894e+01 1.866836015999999887e+01 1.420439260000000026e+01
1.130708162000000172e+01 2.212697475000000225e+01 1.597386741500000085e+01
9.505595474999999794e+00 2.027044183499999974e+01 2.070349450000000147e+01
1.288542032500000012e+01 2.009833978999999715e+01 2.223481994999999856e+01
1.346219619500000064e+01 1.940379991999999731e+01 2.205028473000000133e+01
1.550765841500000164e+01 2.161175489000000027e+01 2.178422705500000234e+01
1.489432010500000025e+01 2.136619329999999906e+01 1.863598576500000092e+01
1.680644352499999883e+01 2.071304641500000088e+01 1.620665084999999905e+01
1.685437534500000112e+01 2.145807218499999891e+01 1.669264284500000173e+01
1.682866596499999901e+01 1.796372244999999879e+01 1.911242838500000119e+01
1.914366992000000067e+01 1.716119329500000035e+01 2.136949484499999841e+01
2.085919690000000060e+01 1.769618409999999997e+01 1.875898351000000019e+01
2.129618049999999840e+01 1.529965046999999956e+01 1.658413386499999831e+01
2.154693721499999981e+01 1.539029152999999894e+01 1.742314487499999842e+01
1.842604327000000097e+01 1.726738525500000065e+01 1.621721037500000051e+01
1.853665851499999917e+01 1.637886256499999860e+01 1.616280294499999926e+01
1.577063745000000061e+01 1.722946866499999885e+01 1.580263696000000095e+01
1.315503410999999900e+01 1.626168310499999947e+01 1.662430462500000061e+01
1.182608807999999989e+01 1.661673367499999898e+01 1.121646597000000156e+01
1.238233419500000032e+01 1.593280140999999972e+01 1.124042657500000075e+01
1.421394003500000025e+01 1.971546080000000245e+01 1.073520015999999977e+01
1.254503068500000040e+01 2.162587689000000069e+01 1.088557089000000033e+01
