Run semi-empirical minimization
 &qmmm
  qm_theory='AM1', grms_tol=0.05, scfconv=1.d-10, ndiis_attempts=700,   qmcharge=0,
 /
   8     O       11.2160      -16.1430       16.4860 
   6     C       10.6410      -15.8270       17.7440 
   6    C1       10.7820      -14.3300       17.9820 
   6    C2       10.0480      -14.0680       19.3190 
   8    O1       12.1290      -13.8290       18.0470 
   6    C3       13.1930      -14.3160       17.1730 
   6    C4       13.2280      -13.8710       15.6640 
   6    C5       13.0370      -12.3460       15.6110 
   8    O2       14.4580      -14.0170       14.9120 
   6    C6       15.1570      -15.2330       14.6390 
   6    C7       14.5100      -16.2890       13.7450 
   6    C8       14.4970      -15.8320       12.2070 
   8    O3       15.2720      -17.4660       13.6090 
   6    C9       15.3520      -18.3340       14.7240 
   6   C10       14.0050      -18.8930       15.2700 
   6   C11       13.4680      -19.7330       14.0540 
   8    O4       14.4000      -19.5190       16.5090 
   6   C12       13.6350      -19.8390       17.7080 
   6   C13       13.0290      -18.7660       18.7640 
   6   C14       12.0270      -19.1140       19.9360 
   8    O5       14.1780      -18.1850       19.3750 
   6   C15       14.2350      -18.0800       20.7980 
   6   C16       15.5970      -17.6010       21.2110 
   6   C17       16.1400      -16.6750       20.1020 
   8    O6       15.4190      -16.9690       22.5030 
   6   C18       16.4160      -15.9720       22.8280 
   6   C19       16.0390      -15.1990       24.1640 
   6   C20       17.3500      -14.3200       24.2950 
   8    O7       14.9630      -14.2480       24.3580 
   6   C21       13.5790      -14.2020       23.9090 
   6   C22       12.3190      -14.7290       24.8370 
   6   C23       12.5550      -14.4050       26.3310 
   8    O8       10.8960      -14.8090       24.3110 
   6   C24        9.7440      -13.8740       24.1390 
   6   C25        8.4250      -14.5480       23.1870 
   6   C26        8.1210      -15.9050       23.8660 
   8    O9        7.1550      -13.7040       23.0520 
   6   C27        6.1770      -13.7130       21.8140 
   6   C28        5.0370      -12.3430       21.7660 
   6   C29        6.0920      -11.2550       22.1280 
   8   O10        4.2980      -11.6470       20.6590 
   6   C30        3.1290      -11.4560       19.7150 
   6   C31        1.3830      -11.3270       19.8310 
   6   C32        1.1350      -10.3630       21.0390 
   8   O11        0.3590      -10.7930       18.8260 
   6   C33       -0.2750      -10.6710       17.4580 
   6   C34       -1.1610      -11.7900       16.4600 
   6   C35       -2.1480      -12.4560       17.4770 
   8   O12       -2.0870      -11.5510       15.2750 
   6   C36       -2.4790      -11.0660       13.8900 
   6   C37       -1.8010      -11.2830       12.2890 
   6   C38       -1.5560      -12.8280       12.2500 
   8   O13       -2.3760      -11.0590       10.8930 
   6   C39       -2.9960      -10.2820        9.7520 
   6   C40       -2.5260       -8.8890        8.7660 
   6   C41       -1.0070       -9.0410        8.6000 
   8   O14       -2.9620       -8.6710        7.2450 
   6   C42       -4.0610       -7.7750        6.7030 
   6   C43       -4.0140       -6.9510        5.1120 
   6   C44       -2.7460       -7.2010        4.3180 
   8   O15       -5.2150       -7.2160        4.2110 
   6   C45       -5.2490       -6.7730        2.7640 
   6   C46       -6.3920       -7.5680        1.8570 
   6   C47       -7.7380       -7.0150        2.3900 
   8   O16       -6.1760       -7.4300        0.3950 
   6   C48       -6.7410       -8.2850       -0.7030 
   6   C49       -6.1210       -9.7860       -1.0510 
   6   C50       -7.2120      -10.8060       -0.6890 
   8   O17       -5.5780      -10.0140       -2.4340 
   6   C51       -5.1430      -11.3790       -2.8290 
   6   C52       -3.6620      -11.7220       -3.5040 
   6   C53       -3.7430      -11.0650       -4.9250 
   8   O18       -2.3430      -11.4020       -2.8830 
   6   C54       -1.5280      -12.3930       -2.0350 
   6   C55        0.1900      -12.1250       -1.9540 
   6   C56        0.4240      -10.6390       -2.2890 
   8   O19        1.3010      -12.8880       -1.1970 
   6   C57        1.8310      -13.0550        0.2300 
   6   C58        3.0420      -14.3490        0.4180 
   6   C59        4.1690      -13.8980       -0.5900 
   8   O20        3.8800      -14.8420        1.5630 
   6   C60        4.1350      -15.3600        2.9470 
   6   C61        3.6230      -16.7750        3.8090 
   6   C62        3.8720      -17.9240        2.7880 
   8   O21        4.1470      -17.4240        5.0710 
   6   C63        4.5790      -17.5010        6.5100 
   6   C64        3.8060      -17.1640        8.0100 
   6   C65        2.4250      -17.8750        7.8610 
   8   O22        4.1680      -17.5990        9.4160 
   6   C66        5.0480      -17.6460       10.6340 
   6   C67        5.7840      -16.4420       11.5590 
   6   C68        4.6630      -15.3860       11.8130 
   8   O23        6.4390      -16.4700       12.9180 
   6   C69        7.2040      -17.1780       13.9610 
   6   C70        8.8570      -17.4410       14.0670 
   6   C71        9.5990      -16.0750       13.8860 
   8   O24        9.3600      -18.6020       14.9880 
   6   C72       10.0310      -18.7750       16.3500 
   6   C73       10.2740      -20.4560       16.9330 
   6   C74       11.1030      -21.1570       15.8760 
   8   O25       10.6580      -20.7740       18.3980 
   6   C75       11.6130      -21.7390       19.1440 
   6   C76       11.2550      -22.0480       20.8870 
   6   C77       10.5850      -23.4140       20.7270 
   8   O26       12.4410      -22.0560       21.8170 
   6   C78       12.6920      -21.8530       23.3170 
   6   C79       12.3950      -20.5790       24.3640 
   6   C80       11.0410      -20.7260       25.0900 
   8   O27       13.5600      -20.0870       25.2040 
   6   C81       13.9440      -20.4010       26.5860 
   6   C82       15.1870      -19.4840       27.2130 
   6   C83       15.4980      -19.7620       28.7300 
   8   O28       16.3160      -19.0690       26.3960 
   6   C84       17.4440      -19.8180       25.8330 
   6   C85       18.1890      -18.8110       24.7580 
   6   C86       18.6640      -17.6050       25.6490 
   8   O29       19.3650      -19.0340       23.9320 
   6   C87       19.9050      -19.8060       22.8200 
   6   C88       19.3690      -20.0780       21.2790 
   6   C89       18.9260      -18.7770       20.6500 
   8   O30       20.4140      -20.5960       20.3520 
   6   C90       20.1490      -21.4570       19.1600 
   6   C91       19.3600      -20.9770       17.8460 
   6   C92       20.1000      -19.8120       17.1940 
   8   O31       19.2040      -21.8150       16.6680 
   6   C93       18.8000      -23.1710       16.5130 
   6   C94       17.3090      -23.5870       16.6110 
   6   C95       16.4130      -22.8680       15.5790 
   8   O32       16.9770      -24.9670       16.3280 
   6   C96       17.7810      -26.0410       16.7970 
   6   C97       17.6880      -26.3560       18.3040 
   6   C98       16.2540      -26.6800       18.7370 
   8   O33       18.4410      -27.5150       18.7130 
   6   C99       19.8010      -27.6220       18.3020 
   6  C100       20.7310      -26.5850       18.9470 
   6  C101       22.1920      -26.9250       18.6760 
   8   O34       20.4490      -25.3000       18.4010 
   1     H       21.2550      -24.7580       18.4220 
   1    H1       10.4760      -16.3940       15.9190 
   1    H2        9.5860      -16.1130       17.7270 
   1    H3       11.1420      -16.4060       18.5150 
   1    H4       10.2610      -13.7860       17.1790 
   1    H5       10.5620      -14.5260       20.1560 
   1    H6        9.9390      -12.9990       19.5250 
   1    H7        9.0220      -14.4800       19.2830 
   1    H8       14.1030      -13.9200       17.6360 
   1    H9       13.2970      -15.4010       17.2730 
   1   H10       12.4180      -14.3390       15.0990 
   1   H11       13.8520      -11.8430       16.1510 
   1   H12       13.0970      -11.9840       14.5760 
   1   H13       12.0870      -12.0280       16.0400 
   1   H14       16.0890      -14.9040       14.1510 
   1   H15       15.4890      -15.6810       15.5780 
   1   H16       13.5010      -16.4890       13.9890 
   1   H17       15.2460      -16.3690       11.6010 
   1   H18       13.5310      -16.1000       11.7610 
   1   H19       14.6540      -14.7630       12.0640 
   1   H20       15.9480      -19.2180       14.3910 
   1   H21       15.9540      -17.9000       15.5220 
   1   H22       13.3060      -18.0790       15.4660 
   1   H23       13.8400      -20.7620       14.0180 
   1   H24       12.3780      -19.7430       13.9950 
   1   H25       13.7400      -19.2740       13.0860 
   1   H26       12.9520      -20.6200       17.4360 
   1   H27       14.4100      -20.3650       18.2870 
   1   H28       12.5370      -18.0020       18.1670 
   1   H29       12.4270      -19.8710       20.6230 
   1   H30       11.8430      -18.2460       20.5950 
   1   H31       10.9980      -19.3440       19.6930 
   1   H32       13.4930      -17.3670       21.1810 
   1   H33       14.0840      -19.0440       21.3120 
   1   H34       16.2270      -18.4900       21.3030 
   1   H35       15.6020      -15.7250       20.1120 
   1   H36       17.2050      -16.4840       20.2360 
   1   H37       16.0490      -17.1140       19.1000 
   1   H38       17.3540      -16.5280       22.9640 
   1   H39       16.4810      -15.2630       22.0330 
   1   H40       16.0230      -15.9180       24.9870 
   1   H41       17.4940      -13.7440       23.3810 
   1   H42       17.2530      -13.6110       25.1350 
   1   H43       18.2230      -14.9640       24.4660 
   1   H44       13.4210      -13.1230       23.9060 
   1   H45       13.5010      -14.5440       22.8850 
   1   H46       12.5260      -15.8040       24.8310 
   1   H47       12.6100      -13.3340       26.5470 
   1   H48       11.8020      -14.8570       26.9840 
   1   H49       13.5290      -14.8220       26.6430 
   1   H50        9.2860      -13.6110       25.1070 
   1   H51       10.0750      -12.9490       23.6590 
   1   H52        8.8290      -14.7310       22.1860 
   1   H53        7.5750      -15.7690       24.8060 
   1   H54        7.5240      -16.5670       23.2330 
   1   H55        9.0440      -16.4530       24.1090 
   1   H56        6.7900      -13.7040       20.9120 
   1   H57        5.5920      -14.6420       21.8650 
   1   H58        4.3560      -12.4640       22.6210 
   1   H59        6.8270      -11.1920       21.3100 
   1   H60        5.6480      -10.2680       22.2490 
   1   H61        6.6400      -11.4910       23.0430 
   1   H62        3.3390      -10.4160       19.4090 
   1   H63        3.3410      -12.0470       18.8260 
   1   H64        1.0180      -12.3120       20.1300 
   1   H65        1.3930       -9.3260       20.7720 
   1   H66        0.0700      -10.3260       21.3170 
   1   H67        1.7070      -10.6330       21.9290 
   1   H68       -1.0980       -9.9720       17.7060 
   1   H69        0.3800      -10.0710       16.8230 
   1   H70       -0.4430      -12.5530       16.1490 
   1   H71       -2.9710      -11.7710       17.7310 
   1   H72       -2.6280      -13.3450       17.0490 
   1   H73       -1.6620      -12.7490       18.4140 
   1   H74       -3.4250      -11.6280       13.7680 
   1   H75       -2.8030      -10.0300       13.9830 
   1   H76       -0.8280      -10.7890       12.3060 
   1   H77       -2.5050      -13.3690       12.1100 
   1   H78       -0.9240      -13.1110       11.4010 
   1   H79       -1.0920      -13.2090       13.1660 
   1   H80       -2.9370      -11.0520        8.9610 
   1   H81       -4.0700      -10.2040        9.9430 
   1   H82       -2.7610       -7.9730        9.3190 
   1   H83       -0.7900       -9.7850        7.8210 
   1   H84       -0.5540       -8.1040        8.2580 
   1   H85       -0.5130       -9.3540        9.5230 
   1   H86       -4.9340       -8.4230        6.6120 
   1   H87       -4.2720       -6.9900        7.4400 
   1   H88       -4.0620       -5.8720        5.3550 
   1   H89       -2.8280       -8.1410        3.7660 
   1   H90       -2.5940       -6.4030        3.5700 
   1   H91       -1.8600       -7.2140        4.9490 
   1   H92       -5.4700       -5.6890        2.7180 
   1   H93       -4.2850       -6.9150        2.2700 
   1   H94       -6.3140       -8.6280        2.1020 
   1   H95       -7.9730       -6.0170        1.9900 
   1   H96       -8.5910       -7.6630        2.1800 
   1   H97       -7.6980       -6.9020        3.4850 
   1   H98       -7.8400       -8.3260       -0.6070 
   1   H99       -6.5840       -7.6850       -1.6120 
   1  H100       -5.2930       -9.9450       -0.3690 
   1  H101       -8.1290      -10.6110       -1.2380 
   1  H102       -6.9330      -11.8420       -0.8920 
   1  H103       -7.4220      -10.7280        0.3860 
   1  H104       -5.3350      -12.1100       -2.0500 
   1  H105       -5.8730      -11.6500       -3.6290 
   1  H106       -3.6650      -12.7990       -3.7300 
   1  H107       -3.8940       -9.9840       -4.8370 
   1  H108       -2.8300      -11.1980       -5.5100 
   1  H109       -4.5730      -11.4640       -5.5370 
   1  H110       -1.9180      -12.2650       -1.0310 
   1  H111       -1.7090      -13.4160       -2.3900 
   1  H112        0.4400      -12.5770       -2.9280 
   1  H113       -0.0870       -9.9920       -1.5710 
   1  H114        1.4760      -10.3600       -2.3480 
   1  H115       -0.0270      -10.4070       -3.2740 
   1  H116        2.3300      -12.1360        0.5790 
   1  H117        0.9850      -13.2870        0.8720 
   1  H118        2.5760      -15.2310       -0.0350 
   1  H119        4.7490      -13.0630       -0.1710 
   1  H120        4.8970      -14.6990       -0.7770 
   1  H121        3.7840      -13.5720       -1.5630 
   1  H122        5.2160      -15.5820        2.8630 
   1  H123        4.0990      -14.5120        3.6300 
   1  H124        2.5450      -16.6690        3.9360 
   1  H125        4.9380      -18.1880        2.7220 
   1  H126        3.3580      -18.8500        3.0910 
   1  H127        3.5270      -17.6820        1.7720 
   1  H128        4.6960      -18.6020        6.6020 
   1  H129        5.6140      -17.1480        6.5660 
   1  H130        3.6370      -16.0890        8.0420 
   1  H131        2.5330      -18.9640        7.9680 
   1  H132        1.7280      -17.5690        8.6470 
   1  H133        1.9520      -17.6840        6.8880 
   1  H134        4.3330      -18.0490       11.3740 
   1  H135        5.7580      -18.4630       10.5010 
   1  H136        6.5310      -15.9830       10.9090 
   1  H137        3.9850      -15.7410       12.5970 
   1  H138        5.0950      -14.4500       12.2010 
   1  H139        4.0880      -15.1640       10.9220 
   1  H140        7.1130      -16.4330       14.7740 
   1  H141        6.6500      -18.0520       14.3380 
   1  H142        9.0530      -17.9100       13.0960 
   1  H143        9.4330      -15.3430       14.6910 
   1  H144       10.6860      -16.1830       13.7430 
   1  H145        9.2320      -15.5650       12.9750 
   1  H146       11.0450      -18.3620       16.2910 
   1  H147        9.4420      -18.2800       17.1190 
   1  H148        9.2910      -20.7840       16.8920 
   1  H149       12.1460      -20.8260       15.8110 
   1  H150       11.1390      -22.2400       16.0020 
   1  H151       10.6880      -20.9440       14.8520 
   1  H152       11.7320      -22.6860       18.5940 
   1  H153       12.6340      -21.3520       19.2100 
   1  H154       10.5550      -21.2870       21.2250 
   1  H155       11.3260      -24.1970       20.4970 
   1  H156        9.9950      -23.7290       21.5730 
   1  H157        9.9090      -23.3860       19.8430 
   1  H158       12.5150      -22.7810       23.8820 
   1  H159       13.7900      -21.7910       23.2830 
   1  H160       12.2550      -19.7170       23.7060 
   1  H161       10.9530      -21.6480       25.6770 
   1  H162       10.8160      -19.8910       25.7680 
   1  H163       10.2350      -20.7530       24.3420 
   1  H164       13.0940      -20.2170       27.2670 
   1  H165       14.2180      -21.4560       26.6800 
   1  H166       14.6950      -18.5030       27.3120 
   1  H167       15.6850      -20.8160       28.9580 
   1  H168       16.3520      -19.1850       29.1180 
   1  H169       14.6390      -19.4670       29.3590 
   1  H170       18.1400      -20.0920       26.6410 
   1  H171       17.0830      -20.7130       25.3350 
   1  H172       17.4000      -18.4400       24.1080 
   1  H173       19.4400      -17.9120       26.3660 
   1  H174       19.1270      -16.8180       25.0440 
   1  H175       17.8550      -17.1490       26.2300 
   1  H176       20.8560      -19.2690       22.6490 
   1  H177       20.2220      -20.7680       23.2230 
   1  H178       18.5700      -20.8170       21.3420 
   1  H179       19.7820      -18.1100       20.5080 
   1  H180       18.4940      -18.9400       19.6570 
   1  H181       18.2100      -18.2770       21.2880 
   1  H182       21.1660      -21.6990       18.8080 
   1  H183       19.7430      -22.4060       19.5190 
   1  H184       18.3660      -20.6410       18.1440 
   1  H185       21.0340      -20.1720       16.6920 
   1  H186       19.4990      -19.3690       16.3790 
   1  H187       20.3840      -19.0200       17.8770 
   1  H188       19.1080      -23.4290       15.4860 
   1  H189       19.4240      -23.7870       17.1420 
   1  H190       16.9310      -23.3420       17.6120 
   1  H191       16.6220      -23.2210       14.5560 
   1  H192       15.3600      -23.1350       15.7530 
   1  H193       16.5040      -21.7790       15.6050 
   1  H194       17.4460      -26.9340       16.2500 
   1  H195       18.8080      -25.8860       16.4620 
   1  H196       18.0140      -25.4840       18.8800 
   1  H197       16.0260      -27.7460       18.6000 
   1  H198       16.1460      -26.4890       19.8120 
   1  H199       15.5000      -26.0890       18.2120 
   1  H200       20.1250      -28.6250       18.6030 
   1  H201       19.8630      -27.5940       17.2080 
   1  H202       20.5430      -26.5270       20.0240 
   1  H203       22.8360      -26.0430       18.7550 
   1  H204       22.3190      -27.3190       17.6610 
   1  H205       22.5500      -27.6810       19.3800 

