2.281228496324188626e+01 1.191325490999999914e+01 2.764461334324188613e+01
2.223809358000000103e+01 1.309158112000000074e+01 2.800251852324188562e+01
2.179055981999999858e+01 1.383034016000000044e+01 2.675975902324188382e+01
2.302389468324188471e+01 1.404223295000000071e+01 2.588283200324188726e+01
2.100457910000000084e+01 1.289972453000000030e+01 2.599875203324188533e+01
1.953842964000000038e+01 1.299836003999999967e+01 2.606981225324188500e+01
1.896001708000000008e+01 1.360354288999999994e+01 2.469960772324188625e+01
1.926929240000000121e+01 1.268508914000000054e+01 2.354578425324188373e+01
1.751963632000000004e+01 1.367986989999999992e+01 2.483085736324188630e+01
1.680067615000000103e+01 1.460726028000000021e+01 2.399663721324188614e+01
1.537623394000000054e+01 1.421033977999999998e+01 2.388737320324188573e+01
1.459906130999999974e+01 1.413455459999999952e+01 2.521291090324188389e+01
1.468132336000000038e+01 1.516082961000000040e+01 2.297614388324188539e+01
1.379209458000000055e+01 1.461590786999999914e+01 2.195523582999999945e+01
1.333002879999999912e+01 1.574465059999999994e+01 2.102553594999999831e+01
1.442529230999999967e+01 1.623797954000000132e+01 2.012046125999999902e+01
1.219760557999999939e+01 1.521009856000000049e+01 2.024018832000000145e+01
1.089039971999999956e+01 1.581799378000000011e+01 2.045688773999999910e+01
9.809732629999999176e+00 1.490638153000000088e+01 1.998985127999999989e+01
1.020539407000000054e+01 1.401293921999999981e+01 1.874009978999999859e+01
9.682038209999999978e+00 1.398123709000000048e+01 2.109928332000000140e+01
8.681846789999999814e+00 1.295183302000000047e+01 2.102329137999999986e+01
8.952580570000000293e+00 1.199343761000000086e+01 2.229940956000000085e+01
7.727381369999999805e+00 1.117702992000000073e+01 2.261767182999999903e+01
9.986774970000000806e+00 1.104027516000000020e+01 2.194476785999999890e+01
1.133316327000000001e+01 1.148474855999999988e+01 2.200104315999999827e+01
1.231130034000000073e+01 1.050167597000000086e+01 2.126581321999999830e+01
1.283584133999999999e+01 1.102733547000000058e+01 1.992791172000000088e+01
1.349005013000000019e+01 1.031964793000000036e+01 2.210502866999999938e+01
1.362068662999999979e+01 9.168450059999999624e+00 2.299679146324188750e+01
1.513452644000000014e+01 9.012441009999999864e+00 2.357100368324188722e+01
1.581916511000000014e+01 1.038382780000000061e+01 2.395962131324188604e+01
1.522869773999999943e+01 8.258997280000000885e+00 2.476284375324188858e+01
1.619056555999999958e+01 7.132270229999999600e+00 2.459748438324188768e+01
1.590002497999999953e+01 6.058908569999999827e+00 2.564281680324188883e+01
1.447169451999999978e+01 5.454827289999999884e+00 2.556394177324188632e+01
1.672748471999999964e+01 4.970924310000000013e+00 2.540260890324188736e+01
1.799860585000000057e+01 4.899366849999999829e+00 2.600643734324188827e+01
1.789981339999999932e+01 4.515580139999999965e+00 2.755809954324188737e+01
1.871507366999999888e+01 3.199477690000000152e+00 2.789555346324188889e+01
1.845981968999999978e+01 5.633009949999999932e+00 2.836665602324188740e+01
1.761900059999999968e+01 6.064613620000000260e+00 2.941539390324188830e+01
1.849426473999999843e+01 6.794752510000000356e+00 3.048999150324188889e+01
1.871073709999999934e+01 8.279708980000000551e+00 3.003910355324188686e+01
1.795047698999999852e+01 6.649592320000000001e+00 3.182026156324188548e+01
1.871424637999999874e+01 7.020620609999999928e+00 3.294159331324188855e+01
1.797323323999999900e+01 6.860237869999999738e+00 3.427798771324188465e+01
1.759626314000000136e+01 5.383392869999999775e+00 3.465307926324188514e+01
1.853818507000000082e+01 7.572081419999999952e+00 3.535081051324188905e+01
1.947947193999999982e+01 7.263372790000000023e+00 3.544461342324188990e+01
2.229037712999999954e+01 1.143905059999999985e+01 2.694734772324188654e+01
2.135304892999999993e+01 1.279951514000000046e+01 2.866489477324188684e+01
2.293117232324188492e+01 1.366851815999999964e+01 2.863750351324188514e+01
2.129236037000000081e+01 1.477726786000000025e+01 2.687799354324188528e+01
2.326568710324188416e+01 1.317254757999999981e+01 2.531413795324188598e+01
2.274613460000000131e+01 1.470680751000000086e+01 2.505807140324188609e+01
2.382701621324188324e+01 1.460665765000000071e+01 2.639117112324188597e+01
1.904196513000000124e+01 1.196233181000000023e+01 2.620823017324188697e+01
1.933219246999999896e+01 1.372165206000000026e+01 2.682773853324188451e+01
1.942173805999999914e+01 1.457369888999999930e+01 2.452849404324188498e+01
2.028910699000000051e+01 1.233351481999999955e+01 2.362146643324188489e+01
1.853641847000000098e+01 1.186071442999999981e+01 2.362566436324188501e+01
1.917895078999999825e+01 1.323556289999999969e+01 2.259333056999999556e+01
1.687776072999999855e+01 1.565303205000000020e+01 2.441236798324188584e+01
1.720118989999999926e+01 1.444212513000000087e+01 2.290574447324188512e+01
1.522850202999999958e+01 1.321467183000000034e+01 2.345777366324188407e+01
1.466987838999999916e+01 1.505959595999999934e+01 2.574793479324188539e+01
1.354990328999999960e+01 1.382849605000000004e+01 2.507551456324188521e+01
1.508129064000000064e+01 1.344623686999999990e+01 2.579225740324188365e+01
1.427220411000000055e+01 1.380093961000000036e+01 2.134347487000000143e+01
1.284980436999999931e+01 1.415791570999999927e+01 2.240231896999999961e+01
1.307309751999999925e+01 1.658281592999999887e+01 2.161037533000000010e+01
1.401824822999999931e+01 1.699706211000000167e+01 1.936458938000000174e+01
1.526347346000000016e+01 1.679420641999999830e+01 2.058627899000000028e+01
1.477774151000000025e+01 1.538008862999999948e+01 1.955513816999999932e+01
1.081262551999999921e+01 1.602667450999999943e+01 2.149196939000000128e+01
1.074301174000000003e+01 1.676433203999999932e+01 1.995610983999999988e+01
8.898775320000000377e+00 1.548955897999999998e+01 1.966040265000000176e+01
9.341298319999999933e+00 1.350367546999999924e+01 1.831947560000000053e+01
1.072855683999999954e+01 1.463739026000000010e+01 1.803764308999999955e+01
1.093078659000000030e+01 1.323041847000000004e+01 1.900706376000000120e+01
7.687487660000000389e+00 1.340414278999999986e+01 2.121074614999999852e+01
8.682845090000000710e+00 1.238398699000000036e+01 2.005230789999999885e+01
9.250478590000000167e+00 1.262868465999999934e+01 2.319912515324188718e+01
7.625607620000000253e+00 1.035670370000000062e+01 2.196018826999999973e+01
7.805136130000000172e+00 1.084670604000000083e+01 2.364023778324188640e+01
6.837074180000000112e+00 1.179492235999999927e+01 2.261353404000000111e+01
1.150047713000000016e+01 1.249670610000000082e+01 2.157626936000000129e+01
1.160130161000000015e+01 1.150811857000000060e+01 2.306488866324188436e+01
1.181313974000000044e+01 9.485618949999999217e+00 2.115648570000000106e+01
1.201237358999999927e+01 1.151311472000000080e+01 1.938841053000000159e+01
1.358212332000000089e+01 1.172845985999999918e+01 2.009878258000000173e+01
1.328675025000000076e+01 1.020717362999999978e+01 1.937489714999999890e+01
1.287648564999999934e+01 9.318499140000000125e+00 2.385619607324188607e+01
1.335946341000000004e+01 8.289190830000000787e+00 2.241303858999999932e+01
1.572389500000000062e+01 8.549286840000000609e+00 2.279092469324188741e+01
1.682343983999999892e+01 1.015509154999999986e+01 2.444151948324188695e+01
1.593441641000000075e+01 1.103502222999999915e+01 2.300455081324188811e+01
1.523452134000000058e+01 1.102283423999999989e+01 2.461860730324188751e+01
1.717482954000000106e+01 7.632114969999999943e+00 2.485104535324188646e+01
1.611692216000000144e+01 6.725691219999999859e+00 2.360206788324188665e+01
1.613691104000000109e+01 6.390995939999999820e+00 2.665862226324188811e+01
1.419443094000000016e+01 5.072570790000000329e+00 2.459549334324188763e+01
1.421200999000000031e+01 4.678950959999999881e+00 2.632652966324188881e+01
1.368563248999999971e+01 6.227857110000000418e+00 2.582262240324188696e+01
1.862161417000000085e+01 4.161157840000000441e+00 2.552153140324188740e+01
1.856219868999999889e+01 5.843629380000000317e+00 2.578886233324188737e+01
1.681189393000000010e+01 4.389542030000000317e+00 2.771331157324188865e+01
1.830269172999999938e+01 2.378843339999999529e+00 2.744497684324188924e+01
1.969380591999999908e+01 3.175761409999999785e+00 2.756946052324188656e+01
1.866352110000000053e+01 3.028509930000000239e+00 2.905585207324188701e+01
1.684978381000000169e+01 6.722927959999999814e+00 2.904356811324188925e+01
1.711610712999999961e+01 5.114152980000000071e+00 2.979877184324188732e+01
1.939128907999999996e+01 6.335767309999999597e+00 3.046608477324188868e+01
1.960372703000000172e+01 8.737485760000000212e+00 3.058625767324188871e+01
1.896956765999999917e+01 8.391021869999999439e+00 2.895637857324188857e+01
1.788361490999999859e+01 9.017216839999999678e+00 3.020312268324188665e+01
1.972933907000000175e+01 6.420573359999999674e+00 3.299457635324188942e+01
1.898302582000000172e+01 8.096549639999999215e+00 3.290379241324188797e+01
1.705974926000000025e+01 7.465892900000000054e+00 3.413665269324188500e+01
1.692510125000000087e+01 5.007887760000000021e+00 3.384614875324189143e+01
1.850532202999999853e+01 4.806935580000000208e+00 3.469796351324188777e+01
1.715109036000000131e+01 5.317568940000000133e+00 3.566924998324189033e+01
1.263071638000000085e+01 1.410468206000000002e+01 6.100662350000000345e+00
1.167276543999999916e+01 1.378308196999999957e+01 5.119915579999999800e+00
1.172334535999999972e+01 1.236945386999999918e+01 4.622664229999999819e+00
1.066230329000000054e+01 1.215773773999999996e+01 3.499956590000000034e+00
1.298708324999999952e+01 1.204415498000000007e+01 4.144823920000000328e+00
1.334921117000000024e+01 1.070505458000000054e+01 4.219598949999999959e+00
1.426272490000000026e+01 1.036068522000000058e+01 5.509779690000000230e+00
1.583912684999999954e+01 1.032234902999999981e+01 5.235936210000000202e+00
1.417275180999999940e+01 1.138343092000000034e+01 6.490347990000000067e+00
1.324512089000000081e+01 1.114729744999999994e+01 7.593990040000000441e+00
1.381043281000000000e+01 1.011325940000000045e+01 8.639767400000000208e+00
1.323862968000000073e+01 1.022876145999999942e+01 1.004814803000000012e+01
1.365002344000000001e+01 8.759409520000000171e+00 8.152405549999999224e+00
1.451675834000000087e+01 7.775279430000001213e+00 8.739169829999999806e+00
1.394570318999999969e+01 6.341223580000000304e+00 8.231387299999999740e+00
1.391102711999999997e+01 6.193426119999999813e+00 6.707671239999999813e+00
1.479059013000000000e+01 5.387229510000000055e+00 8.831666009999999289e+00
1.431074908999999984e+01 4.864460839999999564e+00 1.014371069000000070e+01
1.348243710000000029e+01 3.592110120000000073e+00 9.990919079999999397e+00
1.326424156999999937e+01 2.937754809999999939e+00 1.146484590999999931e+01
1.223872109000000030e+01 3.862701180000000178e+00 9.311774659999999315e+00
1.193063397999999964e+01 2.923548680000000122e+00 8.237460269999999696e+00
1.072737058000000054e+01 3.425195940000000050e+00 7.346164850000000079e+00
1.089863704000000055e+01 2.739737199999999984e+00 5.922972080000000084e+00
9.499895049999999230e+00 2.898328069999999812e+00 7.904654189999999581e+00
9.080363370000000600e+00 3.641745069999999806e+00 9.063789480000000509e+00
7.533893250000000208e+00 3.862862620000000025e+00 9.162052989999999397e+00
7.198388900000000312e+00 4.354079190000000210e+00 1.060731018000000070e+01
7.100768580000000441e+00 4.917199169999999953e+00 8.269753229999999178e+00
6.981862360000000045e+00 4.666297160000000055e+00 6.839773580000000130e+00
5.823796080000000153e+00 3.653952859999999969e+00 6.613872999999999891e+00
4.551666629999999714e+00 3.971286629999999818e+00 7.428636019999999895e+00
5.387729079999999726e+00 3.653007399999999905e+00 5.218526009999999715e+00
5.192191120000000382e+00 2.376631680000000024e+00 4.611193850000000261e+00
5.440010609999999858e+00 2.460060939999999974e+00 3.148214190000000023e+00
6.944806970000000135e+00 2.645031949999999910e+00 2.722612160000000170e+00
4.996922910000000329e+00 1.250295139999999972e+00 2.544061210000000184e+00
3.613994459999999798e+00 1.084298790000000068e+00 1.996444659999999871e+00
3.629397369999999512e+00 -9.957617324188738905e-02 1.052437359999999877e+00
3.623576639999999571e+00 -1.471865033241888998e+00 1.843352959999999818e+00
2.591572499999999835e+00 -3.834225324188800244e-02 5.325968000000003144e-02
2.967303470000000054e+00 -6.124575732418886531e-01 -1.196495793241886929e+00
1.767503650000000093e+00 -5.817425432418890097e-01 -2.129577633241887646e+00
1.445049900000000775e+00 9.013987899999964526e-01 -2.570373313241888447e+00
2.120772159999999573e+00 -1.321704753241887520e+00 -3.362465193241885864e+00
1.032508719999999158e+00 -1.729503823241886895e+00 -4.134326733241885599e+00
1.424963499999998717e+00 -3.181186333241888153e+00 -4.738511243241885218e+00
2.140310059999999126e+00 -3.015480133241889238e+00 -6.150284323241888451e+00
2.274447029999999259e+00 -3.803875453241888582e+00 -3.792341103241885669e+00
2.629144819999998717e+00 -3.100574313241887925e+00 -3.241067393241885419e+00
1.335091105000000056e+01 1.345371944000000042e+01 5.965102439999999895e+00
1.065524738999999954e+01 1.379755491000000056e+01 5.605625510000000311e+00
1.156922604000000021e+01 1.448085239000000080e+01 4.346456339999999585e+00
1.145400142000000088e+01 1.168039487000000065e+01 5.502704849999999759e+00
1.085408293000000057e+01 1.134664530000000049e+01 2.798580110000000065e+00
9.663908420000000277e+00 1.185256326000000016e+01 3.968145929999999932e+00
1.049186966000000076e+01 1.310376690000000011e+01 2.947037439999999897e+00
1.247869524999999946e+01 1.008180341999999996e+01 4.254913969999999601e+00
1.377866807000000016e+01 1.052535615999999941e+01 3.233485729999999947e+00
1.394820643999999987e+01 9.336417580000000882e+00 5.853800579999999698e+00
1.646602217999999951e+01 1.024976818999999928e+01 6.170422649999999898e+00
1.618147278000000000e+01 9.466786830000000208e+00 4.685748300000000199e+00
1.626970707999999988e+01 1.125702227000000022e+01 4.746891090000000091e+00
1.322385062999999938e+01 1.210108735000000024e+01 8.168222229999999584e+00
1.230627467999999958e+01 1.079154632000000014e+01 7.128360149999999784e+00
1.481084030999999968e+01 1.035077889000000084e+01 8.727051129999999546e+00
1.219051443999999940e+01 1.021847327999999955e+01 9.863968939999999463e+00
1.349564194999999955e+01 9.496798200000000634e+00 1.077360312999999969e+01
1.362272886000000049e+01 1.126128274000000218e+01 1.031879651000000031e+01
1.552263291999999950e+01 7.899361179999999649e+00 8.424719559999999774e+00
1.454149606000000006e+01 7.778832510000000866e+00 9.873677940000000319e+00
1.292902832000000046e+01 6.154494889999999607e+00 8.603074200000000005e+00
1.429287354000000043e+01 5.209495910000000229e+00 6.359146370000000381e+00
1.294894898000000083e+01 6.255530229999999747e+00 6.267844550000000403e+00
1.454276040999999964e+01 6.959035140000001007e+00 6.159171309999999622e+00
1.511882295000000020e+01 4.387783729999999771e+00 1.071543119000000033e+01
1.387822127999999999e+01 5.635701069999999646e+00 1.078214015000000003e+01
1.406501188000000013e+01 2.842783970000000160e+00 9.435053200000000473e+00
1.238464081000000050e+01 2.298899260000000222e+00 1.153076669000000010e+01
1.425795169999999956e+01 2.411991420000000108e+00 1.183776862999999935e+01
1.305321655000000014e+01 3.743479849999999942e+00 1.216245404999999913e+01
1.275553998000000000e+01 2.753376470000000076e+00 7.561924880000000293e+00
1.169574459000000033e+01 1.970308549999999936e+00 8.712357029999999725e+00
1.062077612999999943e+01 4.520010019999999962e+00 7.163092980000000054e+00
1.079120512000000076e+01 1.686285959999999973e+00 6.150309339999999736e+00
1.007734529999999928e+01 3.078405089999999955e+00 5.290622720000000001e+00
1.187492787999999955e+01 3.057613229999999849e+00 5.421438539999999584e+00
9.488573080000000104e+00 3.114781900000000103e+00 9.973356940000000392e+00
9.468354950000000159e+00 4.642577209999999788e+00 9.028446499999999375e+00
7.012555410000000045e+00 2.859065689999999993e+00 8.936980260000000342e+00
6.227353449999999846e+00 4.852446679999999901e+00 1.041658980999999962e+01
6.977185190000000148e+00 3.565441429999999912e+00 1.129065201999999957e+01
8.058602430000000538e+00 4.960385160000000404e+00 1.087212184999999920e+01
6.722009299999999854e+00 5.667712049999999557e+00 6.296520310000000009e+00
7.902598379999999700e+00 4.306074859999999838e+00 6.394486719999999735e+00
6.119821820000000301e+00 2.598459660000000060e+00 6.943219260000000226e+00
4.719971339999999849e+00 3.866490730000000209e+00 8.529298230000000203e+00
4.385438200000000286e+00 5.043641000000000041e+00 7.418494449999999851e+00
3.669028799999999535e+00 3.508924449999999862e+00 7.058132490000000203e+00
4.179261699999999635e+00 2.037218520000000144e+00 4.787586440000000110e+00
5.917707899999999910e+00 1.658438359999999889e+00 5.021009020000000156e+00
4.757528449999999687e+00 3.248917469999999863e+00 2.751647279999999807e+00
7.510325459999999786e+00 3.220394250000000014e+00 3.486339430000000128e+00
7.494338710000000070e+00 1.738903829999999928e+00 2.818650159999999794e+00
7.110529650000000146e+00 2.957953750000000159e+00 1.745583439999999875e+00
2.863083039999999357e+00 8.059541299999999353e-01 2.735597949999999834e+00
3.197498219999999947e+00 2.012286580000000047e+00 1.477140369999999869e+00
4.602850260000000304e+00 -5.306623241887464815e-03 6.101003000000000398e-01
2.712897939999999508e+00 -1.797637043241886889e+00 2.307191200000000109e+00
3.717400089999999935e+00 -2.312380953241886861e+00 1.156563610000000075e+00
4.442591029999999108e+00 -1.421397463241886872e+00 2.530221529999999497e+00
3.835659760000000418e+00 -1.755404532418882724e-01 -1.653808023241886360e+00
3.267223469999999352e+00 -1.658453093241887277e+00 -1.086045933241887695e+00
9.719902400000002274e-01 -9.905941732418863666e-01 -1.485779453241886650e+00
9.909226699999997834e-01 1.482216699999996390e+00 -1.788849313241887451e+00
2.413593970000000866e+00 1.397299299999996469e+00 -2.856553403241886890e+00
7.017847499999998462e-01 1.038207849999996490e+00 -3.378659433241886667e+00
1.423324299999997322e-01 -1.930042513241888802e+00 -3.571903903241886447e+00
7.173929999999995033e-01 -1.015942673241886585e+00 -4.945150483241886441e+00
5.674165199999983145e-01 -3.804096123241889504e+00 -4.939703623241887165e+00
3.002899989999999519e+00 -2.265478463241889617e+00 -6.117751583241887836e+00
2.569818609999998671e+00 -4.042935563241888630e+00 -6.366127593241885485e+00
1.306239569999998906e+00 -2.749725283241888807e+00 -6.863816413241885961e+00
1.009874136999999905e+01 1.937772692000000063e+01 1.019288097999999998e+01
9.525284839999997644e+00 1.937333630999999912e+01 8.930501680000000775e+00
1.040122873999999875e+01 2.018541214000000039e+01 7.922173579999999937e+00
1.035733918999999759e+01 2.171373638000000028e+01 8.064830609999999567e+00
1.180838451999999883e+01 1.977600157999999908e+01 8.091976100000000116e+00
1.284610758999999902e+01 2.013391972999999879e+01 7.136624549999999623e+00
1.331667991999999856e+01 1.892897866999999934e+01 6.199846230000000347e+00
1.344202809999999815e+01 1.755434126999999833e+01 7.004998719999999679e+00
1.236285944999999842e+01 1.875688351000000154e+01 5.131600070000000180e+00
1.281306342999999792e+01 1.794585576000000060e+01 4.034110169999999940e+00
1.155351170999999866e+01 1.780082488000000041e+01 3.089313810000000160e+00
1.195145250999999753e+01 1.737806770999999983e+01 1.600771509999999953e+00
1.066766548999999920e+01 1.677127228999999886e+01 3.593985149999999962e+00
9.863984329999999190e+00 1.720500116999999918e+01 4.746473650000000433e+00
8.741194800000000598e+00 1.613813730000000035e+01 4.999032930000000263e+00
8.245218149999999468e+00 1.619845361000000139e+01 6.535290269999999957e+00
7.618235789999999952e+00 1.634074053999999876e+01 4.065485960000000176e+00
7.736795169999998834e+00 1.573681028000000026e+01 2.729615449999999832e+00
6.468826889999999885e+00 1.607410001999999949e+01 1.927217830000000021e+00
6.777739900000000262e+00 1.605380948000000174e+01 4.488031999999999577e-01
5.405449319999999780e+00 1.505093210000000070e+01 2.121693200000000168e+00
4.075174510000000083e+00 1.554456412000000043e+01 2.285677160000000097e+00
3.857911200000000207e+00 1.628101660000000095e+01 3.632564680000000212e+00
2.933537879999999820e+00 1.747238739000000152e+01 3.458573030000000159e+00
3.316059420000000202e+00 1.537797085999999958e+01 4.600351709999999983e+00
3.901840990000000176e+00 1.532467890000000033e+01 5.893214229999999887e+00
2.781770030000000116e+00 1.499874102000000065e+01 6.963237979999999716e+00
2.657934210000000075e+00 1.351454979000000023e+01 7.263588600000000284e+00
3.118946269999999910e+00 1.563786074999999975e+01 8.220024999999999693e+00
2.030112610000000206e+00 1.613826056999999992e+01 9.052107530000000679e+00
2.474881190000000064e+00 1.746276178000000101e+01 9.667072389999999515e+00
2.877472379999999941e+00 1.845631168999999971e+01 8.560426270000000670e+00
1.460995189999999999e+00 1.811503095999999857e+01 1.047116581000000046e+01
1.235426209999999969e+00 1.759842816000000099e+01 1.176122928000000023e+01
3.079253400000001584e-01 1.853973991999999882e+01 1.250772004999999965e+01
2.527322700000000921e-01 1.805399205999999879e+01 1.392910610999999932e+01
7.772556600000002369e-01 1.990218913000000001e+01 1.256582767999999994e+01
5.242844500000001240e-01 2.075973463000000052e+01 1.147334247000000040e+01
7.313917500000002292e-01 2.223426753000000033e+01 1.188432038000000013e+01
2.075016670000000119e+00 2.229831066999999933e+01 1.258697289999999924e+01
8.548299100000003037e-01 2.311242684324188446e+01 1.080068351999999976e+01
-3.188354932418837606e-01 2.337947668324188299e+01 9.995831479999999658e+00
-1.029928732418836645e-01 2.460639556324188248e+01 9.109510820000000564e+00
-1.292690713241885003e+00 2.478818405324188490e+01 8.126321969999999340e+00
-2.395502324188480969e-02 2.582926220324188193e+01 9.807862809999999598e+00
1.432706369999999119e+00 2.618501642324188339e+01 1.009940553999999935e+01
1.425072559999999156e+00 2.764106996324188259e+01 1.064809763000000054e+01
2.880481689999998984e+00 2.828319846324188092e+01 1.061750430999999928e+01
5.166485599999992573e-01 2.845965247324188141e+01 9.903403869999999998e+00
-2.554832132418853874e-01 2.784809113324187990e+01 9.740188050000000430e+00
1.103420413999999816e+01 1.911389601999999854e+01 9.947884480000000806e+00
9.400309879999998230e+00 1.837024871999999931e+01 8.485432729999999424e+00
8.522072489999997558e+00 1.981938359999999832e+01 8.953011489999999739e+00
1.015567782999999835e+01 1.987733808000000124e+01 6.858881600000000134e+00
1.093692876999999797e+01 2.226578810999999902e+01 7.353267559999999925e+00
9.346906419999998050e+00 2.210503561999999889e+01 8.115446529999999825e+00
1.069907383999999873e+01 2.204020982000000117e+01 9.060226769999999874e+00
1.245917577999999892e+01 2.101770262999999872e+01 6.564257709999999690e+00
1.383180748999999743e+01 2.050115191000000081e+01 7.585346109999999697e+00
1.430356708999999782e+01 1.916076671000000076e+01 5.762540519999999944e+00
1.453418586999999818e+01 1.737259153000000111e+01 7.296673629999999910e+00
1.287012788999999735e+01 1.739865521999999842e+01 7.922454509999999672e+00
1.320473902999999893e+01 1.673564568000000108e+01 6.366188659999999722e+00
1.364778498999999812e+01 1.834939998999999844e+01 3.493603989999999992e+00
1.286580582999999756e+01 1.688917264999999901e+01 4.424421439999999706e+00
1.112299316999999910e+01 1.879052169999999933e+01 3.054742309999999961e+00
1.262887191999999814e+01 1.645612115999999858e+01 1.567394390000000026e+00
1.098983703999999761e+01 1.720213135999999921e+01 1.139736660000000068e+00
1.227748024999999821e+01 1.824394679999999980e+01 1.051289549999999906e+00
1.050982776999999935e+01 1.714905930999999839e+01 5.709061460000000032e+00
9.262040069999999403e+00 1.815030875000000066e+01 4.642202100000000442e+00
9.199409140000000207e+00 1.512382457000000002e+01 4.775495629999999991e+00
7.359069090000000202e+00 1.547202457000000031e+01 6.568278120000000442e+00
9.118554480000000240e+00 1.608002730999999841e+01 7.240276729999999716e+00
7.678562630000000055e+00 1.711446815000000043e+01 6.711211500000000107e+00
8.678805199999999331e+00 1.608216230000000024e+01 2.249929380000000201e+00
7.804921840000000444e+00 1.466860158000000069e+01 2.959476159999999911e+00
6.087608829999999749e+00 1.706471097000000015e+01 2.228808949999999900e+00
7.018170220000000015e+00 1.506716263999999939e+01 8.681278999999975099e-02
5.852845369999999825e+00 1.632426653999999999e+01 -8.778213324188799405e-02
7.574152299999999727e+00 1.672227177999999981e+01 1.365410799999997593e-01
3.757001189999999990e+00 1.632486557000000005e+01 1.519666629999999907e+00
3.371731280000000108e+00 1.472907033999999982e+01 2.093366420000000172e+00
4.828903610000000235e+00 1.666892220000000080e+01 3.975650030000000168e+00
3.184650500000000051e+00 1.813701797999999954e+01 2.619222049999999857e+00
1.903686200000000106e+00 1.713699250000000163e+01 3.329265830000000204e+00
2.984839430000000071e+00 1.811569242999999929e+01 4.341051809999999733e+00
4.572697309999999682e+00 1.447705453000000020e+01 5.896829259999999628e+00
4.376558860000000273e+00 1.626559235999999942e+01 6.075284879999999887e+00
1.759940850000000001e+00 1.530198155000000071e+01 6.693716809999999739e+00
3.609446249999999967e+00 1.298119020000000035e+01 7.176571749999999916e+00
2.253243669999999810e+00 1.325661470999999914e+01 8.297233650000000793e+00
1.995692929999999921e+00 1.305208307999999917e+01 6.542371659999999700e+00
1.140599139999999956e+00 1.646242729000000082e+01 8.488449770000000782e+00
1.771608660000000057e+00 1.537132474999999943e+01 9.838181840000000733e+00
3.401676970000000022e+00 1.731431295000000148e+01 1.025945472999999986e+01
3.739784000000000219e+00 1.810924818000000158e+01 8.012056219999999840e+00
2.039534360000000213e+00 1.864161494000000019e+01 7.921691599999999944e+00
3.098013190000000083e+00 1.938143176999999895e+01 9.002669819999999490e+00
2.196000540000000001e+00 1.751509129000000087e+01 1.232110729999999954e+01
7.877700199999999597e-01 1.658473857999999979e+01 1.164197303999999988e+01
-6.688896532418877605e-01 1.859559163999999853e+01 1.204695247000000080e+01
1.271969020000000228e+00 1.810443798000000015e+01 1.433356385999999993e+01
-3.910828932418857207e-01 1.865123361999999929e+01 1.455619927999999952e+01
-3.627192324188666106e-02 1.704061567999999838e+01 1.409879577000000062e+01
1.252096400000000109e+00 2.058697524000000101e+01 1.068235677000000017e+01
-5.050399332418851195e-01 2.075562234999999944e+01 1.119541373000000029e+01
-7.665511324188756248e-02 2.252746830999999972e+01 1.259015656999999955e+01
2.872660600000000564e+00 2.190416962999999839e+01 1.201410015000000087e+01
2.335660310000000628e+00 2.330280165324188602e+01 1.276077792000000066e+01
2.035855330000000407e+00 2.171030232000000026e+01 1.354962588000000068e+01
-4.126918432418866800e-01 2.241769534999999536e+01 9.363219170000000702e+00
-1.233468373241886962e+00 2.365424874324188664e+01 1.059159323000000086e+01
7.016238100000018463e-01 2.445044287324188304e+01 8.409521559999999951e+00
-2.203201713241884629e+00 2.482950672324188446e+01 8.642393039999999971e+00
-1.135242523241884793e+00 2.563698303324188288e+01 7.436237199999999881e+00
-1.349901823241885790e+00 2.386754016324188399e+01 7.494195219999999935e+00
1.748768429999999041e+00 2.549436324324188519e+01 1.082828566000000059e+01
1.966752689999999193e+00 2.623293619324188342e+01 9.141790849999999580e+00
1.079477339999999064e+00 2.763420887324188158e+01 1.170190262000000025e+01
2.917539309999999109e+00 2.923411988324188115e+01 1.113220354999999984e+01
3.565599569999998941e+00 2.753928608324188332e+01 1.093626663000000043e+01
3.104130079999999126e+00 2.855310413324188090e+01 9.587940469999999493e+00
7.364352760000000053e+00 1.598374457999999976e+01 -9.567062813241888009e+00
6.428351590000000115e+00 1.505656729999999754e+01 -1.021538356324188790e+01
6.984493520000000011e+00 1.454552860000000081e+01 -1.153518117324188808e+01
7.023931499999999772e+00 1.572284932999999896e+01 -1.253188469324188858e+01
8.348194129999999546e+00 1.403774589000000006e+01 -1.138075861324188764e+01
8.517209340000000850e+00 1.257589738000000068e+01 -1.142077414324188744e+01
9.834140780000000248e+00 1.223960551999999957e+01 -1.064671004324188708e+01
1.108545786000000000e+01 1.264666128000000000e+01 -1.135225783324188775e+01
9.732248170000000087e+00 1.300227877999999926e+01 -9.431136833241888340e+00
9.428522830000000354e+00 1.220715477999999976e+01 -8.199334203241887664e+00
1.057960648000000070e+01 1.155937607999999983e+01 -7.498998353241886683e+00
1.167280002000000039e+01 1.257140127000000085e+01 -7.274369433241886007e+00
1.021506079999999983e+01 1.112627859000000008e+01 -6.240730803241885560e+00
9.851251369999999952e+00 9.782830289999999707e+00 -6.149464733241885916e+00
9.386220460000000543e+00 9.476155549999999650e+00 -4.713652983241886751e+00
8.005930660000000643e+00 9.999129149999999910e+00 -4.398631403241886950e+00
9.319707899999999157e+00 8.017331670000000798e+00 -4.690679103241888193e+00
1.000562814999999972e+01 7.369507650000000076e+00 -3.613115243241887153e+00
9.035046449999999396e+00 7.270592019999999600e+00 -2.435951063241888814e+00
7.839326520000000187e+00 6.321854550000000295e+00 -2.835995423241887803e+00
9.700331260000000455e+00 6.590232710000000438e+00 -1.322812943241886696e+00
1.050006667999999976e+01 7.424726320000000435e+00 -4.883121932418864608e-01
1.054589379999999998e+01 6.668917269999999675e+00 8.917628300000000063e-01
1.128881538999999989e+01 5.399925009999999581e+00 6.989369399999999510e-01
1.125176330999999941e+01 7.489802710000000197e+00 1.792196779999999823e+00
1.042820994999999940e+01 8.244440069999999565e+00 2.723914549999999490e+00
9.697673130000000086e+00 7.391241189999999683e+00 3.769788389999999545e+00
1.055919918999999929e+01 6.752268820000000282e+00 4.919897830000000027e+00
8.832585379999999375e+00 8.331180390000000102e+00 4.485231180000000428e+00
7.633640409999999932e+00 8.797068389999999738e+00 3.912922589999999534e+00
6.476449299999999631e+00 7.733351990000000065e+00 4.095833769999999596e+00
5.790132919999999572e+00 8.068817389999999534e+00 5.465681100000000292e+00
5.488098779999999621e+00 7.770577199999999962e+00 3.030391679999999699e+00
5.697274320000000003e+00 6.829880850000000336e+00 1.939538649999999809e+00
4.897014790000000062e+00 7.101366340000000221e+00 5.981214099999995204e-01
5.717851740000000405e+00 8.156891579999999919e+00 -2.565612232418864602e-01
4.846791040000000272e+00 5.827470120000000087e+00 -8.244818324188829539e-02
3.933120989999999928e+00 5.773167220000000377e+00 -1.242457313241887018e+00
3.835949830000000560e+00 4.296754909999999761e+00 -1.873923573241886853e+00
4.131072200000000194e+00 3.128065959999999812e+00 -9.271845132418879976e-01
2.415239729999999696e+00 3.964456109999999978e+00 -2.328527753241887321e+00
1.757963889999999196e+00 4.924389249999999940e+00 -3.247641753241887752e+00
4.620370099999995261e-01 4.445671309999999821e+00 -3.781002033241887883e+00
-6.198244432418853478e-01 4.405070920000000001e+00 -2.659016913241886382e+00
1.944290699999999816e-01 5.354869729999999883e+00 -4.862448093241888536e+00
-8.442591232418887870e-01 4.962484639999999558e+00 -5.817712263241888060e+00
-1.046715383241886954e+00 6.110764920000000266e+00 -6.876898693241886740e+00
-1.860721743241887438e+00 7.347057959999999888e+00 -6.368769123241887264e+00
2.128171099999978111e-01 6.540929130000000313e+00 -7.351649783241886560e+00
8.363073999999972585e-01 6.556506459999999592e+00 -6.636314213241885973e+00
8.201410920000000715e+00 1.550465528999999876e+01 -9.760368783241887058e+00
6.366876650000000026e+00 1.429407559999999933e+01 -9.481871163241887501e+00
5.462773059999999958e+00 1.550736097999999785e+01 -1.041697573324188753e+01
6.352371360000000244e+00 1.378412403999999825e+01 -1.197975983324188753e+01
7.909781200000000290e+00 1.633810539999999989e+01 -1.230605857324188790e+01
7.063630550000000063e+00 1.533659386999999796e+01 -1.356014806324188804e+01
6.133086010000000421e+00 1.626045578000000091e+01 -1.233991083324188764e+01
7.691313329999999837e+00 1.214509774000000064e+01 -1.083066838324188730e+01
8.596389999999999532e+00 1.229905712000000051e+01 -1.243921714324188699e+01
9.866292959999999113e+00 1.119117439000000047e+01 -1.043215399324188830e+01
1.189548341999999970e+01 1.212950518999999971e+01 -1.087277569324188775e+01
1.107765870999999969e+01 1.236252044000000083e+01 -1.237482094324188786e+01
1.126928226999999971e+01 1.375754777999999945e+01 -1.133972672324188835e+01
8.907967449999999232e+00 1.289809319000000087e+01 -7.502531883241887023e+00
8.708547749999999255e+00 1.146788377000000025e+01 -8.456891403241888483e+00
1.099676606999999962e+01 1.075768146999999963e+01 -8.029556783241888596e+00
1.199280474000000041e+01 1.317302321000000020e+01 -8.095847873241888593e+00
1.130473373000000059e+01 1.328818227999999912e+01 -6.549202273241886196e+00
1.250674223000000040e+01 1.212499782999999987e+01 -6.838708213241887712e+00
8.958565639999999775e+00 9.446856099999999756e+00 -6.854193243241886613e+00
1.068312652000000007e+01 9.097728659999999579e+00 -6.431197383241888055e+00
9.944701430000000286e+00 9.945196080000000549e+00 -3.894529723241885844e+00
7.217532900000000140e+00 9.533974889999999647e+00 -4.999521863241885633e+00
7.668880770000000346e+00 9.774665430000000654e+00 -3.346074493241887549e+00
8.015276829999999464e+00 1.105240251000000029e+01 -4.628712803241886498e+00
1.026953188000000061e+01 6.310281769999999568e+00 -3.869404323241885546e+00
1.089001060999999915e+01 7.903379890000000074e+00 -3.297350473241885904e+00
8.766440499999999858e+00 8.283298390000000566e+00 -2.085624633241886183e+00
7.859759949999999940e+00 6.019054279999999757e+00 -3.859250693241887742e+00
7.913532820000000356e+00 5.352413910000000108e+00 -2.401317473241886713e+00
6.849920319999999840e+00 6.667511809999999706e+00 -2.542090933241888617e+00
1.151614690000000074e+01 7.586718730000000299e+00 -9.501368032418872067e-01
1.010262059000000079e+01 8.450499320000000480e+00 -3.048930032418878389e-01
9.526888160000000383e+00 6.411370609999999637e+00 1.320928220000000097e+00
1.143928127000000039e+01 4.878299570000000251e+00 1.640713719999999931e+00
1.074617697999999955e+01 4.652517539999999840e+00 5.911991000000005325e-02
1.234639759000000048e+01 5.510395489999999619e+00 3.313633799999999852e-01
1.110446255999999998e+01 8.903869889999999288e+00 3.237141629999999548e+00
9.779833959999999493e+00 8.941518079999999813e+00 2.259299939999999562e+00
9.077670660000000780e+00 6.626652729999999991e+00 3.329458269999999498e+00
9.959412659999999917e+00 6.087647760000000297e+00 5.546312910000000151e+00
1.140156578000000032e+01 6.152337829999999563e+00 4.391256239999999700e+00
1.109178503000000049e+01 7.556672429999999885e+00 5.626746630000000415e+00
7.333949450000000425e+00 9.751810680000000175e+00 4.376750709999999600e+00
7.735164410000000323e+00 8.837330409999999858e+00 2.846424289999999413e+00
6.982811009999999818e+00 6.718145230000000190e+00 4.167999339999999719e+00
4.905413290000000259e+00 7.479046369999999833e+00 5.579472329999999758e+00
6.494955990000000234e+00 7.920708910000000103e+00 6.276818360000000041e+00
5.611285299999999587e+00 9.107696250000000049e+00 5.452308819999999834e+00
5.320889730000000206e+00 5.891021600000000191e+00 2.377685819999999506e+00
6.791893919999999696e+00 6.665043050000000413e+00 1.693389809999999773e+00
3.916998259999999732e+00 7.428606699999999563e+00 7.507372399999995283e-01
5.485409070000000220e+00 9.153907489999999925e+00 2.055163999999990443e-01
6.807291929999999880e+00 7.864977429999999714e+00 -2.921588032418874770e-01
5.317441889999999560e+00 8.217697319999999195e+00 -1.307565873241885779e+00
3.002432280000000731e+00 6.153943729999999945e+00 -8.230808132418886425e-01
4.080950190000000255e+00 6.679253949999999662e+00 -1.972157043241887120e+00
4.443643210000001176e+00 4.269299550000000387e+00 -2.798482653241888496e+00
5.178792589999999585e+00 3.204275729999999989e+00 -5.798561332418875613e-01
3.399361889999999775e+00 3.124556119999999826e+00 -6.107068324188824615e-02
3.940640240000000460e+00 2.208354910000000171e+00 -1.432332433241886971e+00
1.712651829999998654e+00 5.981214330000000245e+00 -2.865100523241886687e+00
2.500006689999999310e+00 4.977001989999999765e+00 -4.081571713241886279e+00
5.797511999999986898e-01 3.482214669999999845e+00 -4.220738873241885791e+00
-1.408602513241884679e+00 5.174938720000000103e+00 -2.848613013241885650e+00
-1.112565483241887421e+00 3.448080759999999856e+00 -2.597365323241886070e+00
-9.682920324188515337e-02 4.561325150000000050e+00 -1.687960763241887374e+00
-5.537057032418868374e-01 4.102909010000000301e+00 -6.408131123241887828e+00
-1.729533873241889452e+00 4.737963139999999740e+00 -5.236298723241888275e+00
-1.594082283241887055e+00 5.664719850000000001e+00 -7.713298003241887635e+00
-2.001434383241887716e+00 8.076903879999999702e+00 -7.213221443241887521e+00
-2.828113933241889200e+00 6.974590929999999744e+00 -5.917733773241885764e+00
-1.260833393241886924e+00 7.832789700000000188e+00 -5.659188033241886906e+00
2.141953293999999985e+01 7.057901219999997977e+00 1.280242514999999948e+01
2.235761048000000173e+01 7.693854349999998732e+00 1.191407030000000056e+01
2.271340182000000141e+01 9.039467990000000341e+00 1.253212888999999919e+01
2.395921288324188581e+01 9.557599079999999248e+00 1.190955388000000070e+01
2.165457578999999910e+01 1.002203495999999916e+01 1.221943575999999965e+01
2.084705170999999879e+01 1.036727124999999994e+01 1.339645565000000005e+01
2.011172292999999911e+01 1.170512193000000067e+01 1.317706483999999989e+01
2.110470657000000116e+01 1.290084496999999963e+01 1.331966242000000022e+01
1.958095488000000017e+01 1.168656593000000044e+01 1.184751514000000050e+01
1.828665855999999934e+01 1.236249882000000078e+01 1.156471598000000078e+01
1.771821119999999894e+01 1.180137545999999915e+01 1.026512321000000050e+01
1.695746829000000133e+01 1.043708357000000042e+01 1.037761242000000017e+01
1.692996564999999975e+01 1.280159626000000017e+01 9.706330219999999898e+00
1.684745058000000029e+01 1.273212967000000084e+01 8.267911630000000400e+00
1.597852613000000055e+01 1.387471870000000074e+01 7.724062140000000909e+00
1.496419561000000087e+01 1.438218593000000034e+01 8.708361310000000799e+00
1.675166846000000120e+01 1.497111553000000050e+01 7.227747380000000277e+00
1.659040630000000149e+01 1.520213981000000025e+01 5.870475680000000196e+00
1.721692885999999945e+01 1.660672930999999863e+01 5.437157840000000242e+00
1.873676432999999975e+01 1.669691856000000030e+01 5.504590099999999708e+00
1.695238030000000151e+01 1.683083175000000153e+01 4.088064769999999903e+00
1.667901288999999920e+01 1.820405372000000099e+01 3.816196960000000082e+00
1.687296634999999867e+01 1.842498781999999835e+01 2.305522380000000204e+00
1.562386286999999996e+01 1.806338914000000173e+01 1.448612610000000078e+00
1.701406319999999894e+01 1.983299742000000165e+01 2.102595149999999968e+00
1.831882609999999900e+01 2.037741633999999991e+01 2.261658010000000107e+00
1.828214660000000080e+01 2.182308580999999847e+01 2.812896090000000182e+00
1.752074003999999974e+01 2.275600788999999935e+01 1.854704160000000046e+00
1.770091847000000129e+01 2.193563634999999934e+01 4.120340829999999954e+00
1.852375827999999913e+01 2.193839936999999907e+01 5.262005130000000364e+00
1.768742894000000021e+01 2.199749930000000120e+01 6.521285920000000402e+00
1.701980331000000035e+01 2.058317130000000006e+01 6.730894060000000678e+00
1.842327022999999997e+01 2.241893045000000129e+01 7.714507329999999996e+00
1.770988249999999908e+01 2.350155824324188458e+01 8.376482620000000878e+00
1.833075472000000161e+01 2.362570166324188392e+01 9.831934349999999156e+00
1.809205329999999989e+01 2.502009205324188557e+01 1.042531068999999988e+01
1.760847747000000041e+01 2.259497883999999601e+01 1.066174466000000010e+01
1.782815672999999990e+01 2.117124370999999527e+01 1.049432331999999946e+01
1.924505677999999875e+01 2.069885062999999548e+01 1.095235450999999927e+01
1.972132836999999839e+01 2.138356844999999495e+01 1.226641575999999922e+01
1.926072393000000105e+01 1.929601307999999804e+01 1.105470900999999984e+01
1.978765071000000120e+01 1.855948524999999805e+01 9.910827740000000219e+00
1.909187706999999889e+01 1.717521729999999636e+01 9.914447020000000776e+00
1.760614083999999835e+01 1.710570245999999628e+01 9.576553139999999686e+00
1.977304570000000083e+01 1.625689090999999564e+01 9.072187700000000632e+00
2.071270378999999906e+01 1.528971175999999588e+01 9.713372400000000795e+00
2.134756971999999919e+01 1.442863354999999714e+01 8.590317159999999674e+00
2.201712588999999909e+01 1.317184395999999680e+01 9.139522510000000821e+00
2.026732741000000004e+01 1.406445664999999678e+01 7.778387920000000122e+00
1.948539389000000099e+01 1.457575185999999690e+01 7.973511240000000555e+00
2.183568844999999925e+01 6.853769749999997885e+00 1.370918567000000010e+01
2.324720256324188483e+01 7.063987779999997940e+00 1.191315254000000046e+01
2.197571882000000087e+01 7.905254700000000412e+00 1.090501584999999984e+01
2.273729858000000092e+01 8.908646089999999518e+00 1.359424762000000086e+01
2.487040200324188532e+01 9.117897830000000425e+00 1.215310099000000044e+01
2.372742581324188649e+01 9.591263299999999603e+00 1.086102846000000000e+01
2.410599644324188517e+01 1.060214977000000047e+01 1.219482870000000041e+01
2.014295509000000095e+01 9.610629069999999885e+00 1.361387857999999973e+01
2.143458744999999865e+01 1.049136964000000027e+01 1.432264166000000039e+01
1.931185098999999994e+01 1.181346877000000006e+01 1.393723536999999979e+01
2.070251791000000097e+01 1.376857698999999968e+01 1.276692051000000028e+01
2.126120272000000000e+01 1.330043397000000027e+01 1.436707473000000057e+01
2.208494428999999926e+01 1.265099479999999943e+01 1.290014371000000004e+01
1.757707408999999998e+01 1.219353875999999914e+01 1.237882528999999998e+01
1.834027737999999985e+01 1.344057027999999931e+01 1.151297044999999919e+01
1.864180458999999956e+01 1.166671964000000017e+01 9.588958390000000165e+00
1.595313827999999923e+01 1.044379787999999998e+01 1.056719209999999975e+01
1.707142904000000172e+01 9.935290170000000032e+00 9.428927690000000084e+00
1.738112947000000119e+01 9.847360679999999533e+00 1.120991206000000062e+01
1.778564139999999938e+01 1.284178591000000047e+01 7.833782260000001330e+00
1.647557434999999870e+01 1.165455932999999966e+01 8.022863859999999292e+00
1.539135622000000048e+01 1.341463126999999922e+01 6.932149270000000030e+00
1.411681828999999944e+01 1.485617058000000057e+01 8.170680859999999157e+00
1.451395300000000077e+01 1.350057580000000002e+01 9.254631099999999222e+00
1.541391038000000080e+01 1.511853123999999937e+01 9.332648830000000117e+00
1.698950173000000063e+01 1.438788186999999930e+01 5.231061249999999774e+00
1.551686671000000040e+01 1.516759189000000063e+01 5.499398610000000076e+00
1.670452188000000149e+01 1.731235983999999917e+01 6.076788879999998727e+00
1.916057212000000121e+01 1.688791683999999904e+01 6.541705840000000549e+00
1.914729441000000065e+01 1.570668663000000009e+01 5.141719890000000959e+00
1.912378100999999830e+01 1.735683962999999963e+01 4.766341820000000951e+00
1.564116706999999984e+01 1.846461726000000070e+01 4.171405889999999950e+00
1.734572213999999946e+01 1.883699043000000017e+01 4.347663780000000422e+00
1.772725627000000159e+01 1.785863974999999826e+01 1.928613050000000051e+00
1.521590508999999969e+01 1.711034412000000060e+01 1.846302220000000105e+00
1.479895437999999963e+01 1.874106147000000178e+01 1.621654900000000010e+00
1.576807471999999954e+01 1.802196191000000169e+01 3.204398999999999997e-01
1.889087715999999872e+01 1.977303088000000031e+01 2.899004820000000038e+00
1.880651926999999901e+01 2.038921786999999952e+01 1.296480180000000093e+00
1.933365901000000164e+01 2.205022556999999850e+01 2.777552309999999913e+00
1.768814925999999943e+01 2.377845887324188467e+01 2.112048689999999951e+00
1.792724079999999987e+01 2.264396092000000138e+01 7.682356500000000477e-01
1.634217033999999913e+01 2.267945820999999995e+01 1.900487299999999991e+00
1.922414437000000120e+01 2.108542047999999980e+01 5.293447659999999999e+00
1.903738258999999999e+01 2.293661739324188531e+01 5.173679860000000019e+00
1.689154943999999858e+01 2.275149126999999893e+01 6.328679610000000011e+00
1.618438495999999915e+01 2.079676252999999875e+01 7.402276910000001209e+00
1.661224965999999981e+01 2.017425662000000131e+01 5.808523819999999560e+00
1.774790892000000042e+01 1.989629010999999892e+01 7.148262790000000422e+00
1.667421367000000032e+01 2.321849506324188539e+01 8.476603600000000682e+00
1.779407249999999863e+01 2.444639903324188523e+01 7.794254070000000922e+00
1.945133591999999823e+01 2.338081867324188323e+01 9.815612500000000296e+00
1.704535311000000064e+01 2.516463197324188528e+01 1.047416536999999970e+01
1.847989129000000119e+01 2.504934769324188437e+01 1.146373393000000007e+01
1.858019058000000001e+01 2.579852487324188459e+01 9.837332520000000358e+00
1.710300821999999954e+01 2.070489032999999779e+01 1.113254902000000079e+01
1.767414776000000032e+01 2.093226705999999737e+01 9.469365249999999179e+00
1.992099904999999893e+01 2.100382855999999521e+01 1.013716175000000064e+01
1.895556758000000031e+01 2.116562724999999645e+01 1.304446410000000078e+01
2.071747144000000063e+01 2.106933908999999616e+01 1.261191975999999926e+01
1.969362192999999905e+01 2.249927012999999576e+01 1.212240034000000044e+01
1.956552983999999995e+01 1.915617676999999475e+01 8.997394079999999406e+00
2.087097552999999905e+01 1.842296414999999499e+01 1.004710646000000018e+01
1.927388348999999934e+01 1.683800474999999608e+01 1.094957806999999939e+01
1.745547449000000029e+01 1.747498951999999761e+01 8.573291570000000306e+00
1.726381268000000091e+01 1.609425627999999620e+01 9.597465400000000812e+00
1.689504549000000111e+01 1.764255264999999540e+01 1.032974897999999975e+01
2.145940802999999875e+01 1.584065252999999629e+01 1.029950005999999973e+01
2.012752757999999886e+01 1.468021831999999804e+01 1.037823715999999941e+01
2.209969665999999933e+01 1.513162093999999769e+01 8.111150029999999234e+00
2.141978707000000171e+01 1.262944518999999843e+01 9.920981910000000070e+00
2.227510095999999962e+01 1.246862252999999754e+01 8.360712519999999870e+00
2.300357308324188566e+01 1.345318495999999797e+01 9.687939399999999424e+00
2.572312141324188417e+01 1.084692423000000083e+01 4.816520970000000901e+00
2.573926534324188609e+01 1.080539717000000088e+01 3.364090000000000469e+00
2.676143092324188544e+01 1.177286239000000023e+01 2.734530270000000485e+00
2.814096910324188627e+01 1.146627417000000015e+01 3.132212110000000660e+00
2.670518008324188486e+01 1.168244546000000028e+01 1.282673620000000625e+00
2.542570202324188600e+01 1.194653523000000028e+01 6.843814900000007029e-01
2.561391992324188749e+01 1.266992611999999951e+01 -6.536794632418851947e-01
2.638453995324188384e+01 1.176238535000000063e+01 -1.640292463241883603e+00
2.437613048324188725e+01 1.301421453000000028e+01 -1.337815363241886324e+00
2.345123752324188615e+01 1.393187065000000047e+01 -7.127950832418861182e-01
2.393349986324188450e+01 1.535923533999999968e+01 -1.062899453241886505e+00
2.394925598324188343e+01 1.562344449000000068e+01 -2.501075073241884716e+00
2.302153434324188552e+01 1.629086969999999823e+01 -4.705658032418860159e-01
2.354794912324188516e+01 1.736010423999999830e+01 4.360076900000002809e-01
2.248251438000000135e+01 1.831326362000000074e+01 8.294676000000000826e-01
2.132372430999999935e+01 1.770899907000000084e+01 1.595151399999999775e+00
2.306914939324188651e+01 1.918486857999999984e+01 1.761619010000000429e+00
2.265761803999999913e+01 2.061222069000000090e+01 1.682698120000000408e+00
2.283926060324188612e+01 2.131292982000000080e+01 3.034212890000000051e+00
2.266292213999999916e+01 2.283921824324188421e+01 2.988901499999999878e+00
2.183403231000000133e+01 2.091846351999999953e+01 3.844461560000000055e+00
2.192963203000000050e+01 1.960669769000000073e+01 4.519183230000000329e+00
2.218458594999999889e+01 1.981300956999999840e+01 6.012088920000000059e+00
2.189949628999999831e+01 1.857308618000000067e+01 6.919254259999999768e+00
2.358874615324188539e+01 2.012183583999999925e+01 6.150940030000000114e+00
2.400568551324188604e+01 2.128282001999999906e+01 6.972228460000000183e+00
2.545176786324188356e+01 2.173303835000000106e+01 6.657596410000000020e+00
2.569599385324188745e+01 2.212153084999999919e+01 5.251467759999999707e+00
2.578222614324188555e+01 2.283843729324188487e+01 7.478272500000000100e+00
2.638023215324188442e+01 2.249085585999999992e+01 8.727572099999999722e+00
2.796387623324188354e+01 2.260769250999999969e+01 8.727392449999999968e+00
2.859973860324188522e+01 2.263021877999999987e+01 1.013825186999999950e+01
2.860499818324188581e+01 2.152072559000000140e+01 8.110948470000000299e+00
2.912120853324188374e+01 2.190998657000000094e+01 6.856030180000000307e+00
2.932227144324188473e+01 2.069774714000000060e+01 5.834175819999999568e+00
2.871723185324188421e+01 1.933720429999999979e+01 6.157231399999999688e+00
2.879291034324188558e+01 2.108336624000000015e+01 4.456877360000000010e+00
2.981248212324188529e+01 2.164322968000000103e+01 3.613677150000000005e+00
3.074905559324188431e+01 2.044167952000000099e+01 3.160046050000000051e+00
3.010911831324188626e+01 1.950948225999999863e+01 2.092331889999999639e+00
3.190633464324188395e+01 2.099180377000000064e+01 2.505169010000000362e+00
3.289541909324188396e+01 2.157001626999999999e+01 3.364569160000000281e+00
3.416172901324188160e+01 2.182270262999999844e+01 2.510977830000000743e+00
3.389212257324188471e+01 2.251031597000000062e+01 1.170142550000000448e+00
3.505798567324188753e+01 2.264282048000000103e+01 3.289963540000000908e+00
3.626026390324188498e+01 2.210005268000000100e+01 3.847151630000000821e+00
3.686478187324188127e+01 2.311237191324188700e+01 4.842022280000001011e+00
3.745184413324188455e+01 2.429325048324188785e+01 4.054388640000000876e+00
3.594962059324188175e+01 2.348143571324188628e+01 5.904901820000000967e+00
3.511938936324188631e+01 2.324641220324188851e+01 5.434727280000000604e+00
2.488437374324188411e+01 1.117281808000000076e+01 5.181500720000000726e+00
2.617562712324188468e+01 9.848101480000000407e+00 2.965603830000000496e+00
2.467899488324188439e+01 1.102492956999999940e+01 2.973112490000000552e+00
2.645011828324188485e+01 1.282512653000000036e+01 3.046117960000000568e+00
2.887110094324188481e+01 1.215483693999999915e+01 2.759393120000000366e+00
2.823652860324188651e+01 1.148633590000000027e+01 4.208568720000000596e+00
2.856784660324188607e+01 1.049881899000000018e+01 2.766243740000001061e+00
2.483561726324188612e+01 1.108321888000000044e+01 6.467410000000004544e-01
2.490191857324188618e+01 1.262314173000000039e+01 1.378394550000000329e+00
2.613560945324188367e+01 1.364983082000000003e+01 -4.232062532418856549e-01
2.586464039324188491e+01 1.083092942000000036e+01 -1.485813383241885610e+00
2.638212820324188357e+01 1.204794519000000008e+01 -2.703465053241884242e+00
2.747558093324188633e+01 1.163437987000000007e+01 -1.404625093241885558e+00
2.240374458000000146e+01 1.376497353999999973e+01 -1.062433433241885439e+00
2.345270034324188657e+01 1.375385061000000064e+01 3.688484100000017918e-01
2.493350047324188523e+01 1.551741123000000044e+01 -6.774394432418873180e-01
2.375224079324188509e+01 1.663298683000000011e+01 -2.671405253241885269e+00
2.482537636324188668e+01 1.528350290999999928e+01 -2.999376023241885569e+00
2.305566356324188604e+01 1.514156887999999945e+01 -2.936456423241884828e+00
2.386425363324188709e+01 1.695263394999999917e+01 1.402119390000000188e+00
2.441323869324188678e+01 1.793918833000000035e+01 8.465702000000074889e-02
2.220599362000000099e+01 1.879889655999999931e+01 -8.048412324188536360e-02
2.044687977999999973e+01 1.844706710000000172e+01 1.709831589999999402e+00
2.087112155000000158e+01 1.680498251999999937e+01 1.112805009999999761e+00
2.158798059000000080e+01 1.730213210000000146e+01 2.585092259999999698e+00
2.329242036324188447e+01 2.114212618000000177e+01 8.835734000000003974e-01
2.164102201000000036e+01 2.077922609999999892e+01 1.357014980000000648e+00
2.381398531324188639e+01 2.107670106000000132e+01 3.399838990000000116e+00
2.271375167000000062e+01 2.326836958324188487e+01 3.956592790000000193e+00
2.346531006324188695e+01 2.335573222324188336e+01 2.421813339999999926e+00
2.172227014999999994e+01 2.305478117324188503e+01 2.438603870000000562e+00
2.101308609999999888e+01 1.900928950999999856e+01 4.294870470000000218e+00
2.281549862324188638e+01 1.904110358000000147e+01 4.101293280000000152e+00
2.155617378000000173e+01 2.065137358999999861e+01 6.288659479999999746e+00
2.258653085999999988e+01 1.868737980999999948e+01 7.833315100000000086e+00
2.084469886999999844e+01 1.854162870000000041e+01 7.277220930000000365e+00
2.217496085999999877e+01 1.764829840999999888e+01 6.505322089999999946e+00
2.338498274324188486e+01 2.218474383999999944e+01 6.897656320000000285e+00
2.392142502324188413e+01 2.108665480999999886e+01 8.013955400000000395e+00
2.618324593324188498e+01 2.097996374999999958e+01 6.791808640000000175e+00
2.554584835324188674e+01 2.128944059999999894e+01 4.622521719999999945e+00
2.504544780324188480e+01 2.294213423324188739e+01 4.861201269999999575e+00
2.669378256324188570e+01 2.255281619000000148e+01 5.254650879999999802e+00
2.603965775324188314e+01 2.321651957324188587e+01 9.486304300000000467e+00
2.609778443324188402e+01 2.158070207000000096e+01 9.169009929999999642e+00
2.810507187324188294e+01 2.360283786324188426e+01 8.290900300000000556e+00
2.805246557324188572e+01 2.323119084324188677e+01 1.093682656999999914e+01
2.866656468324188722e+01 2.163244522999999830e+01 1.049727333999999956e+01
2.963126095324188469e+01 2.299471710324188578e+01 1.015401753999999990e+01
3.009997246324188325e+01 2.243584411000000145e+01 6.932792820000000411e+00
2.853500841324188286e+01 2.264026212999999998e+01 6.313550479999999965e+00
3.036767801324188554e+01 2.051368576000000132e+01 5.809360629999999581e+00
2.920582828324188540e+01 1.855841217000000043e+01 5.491357619999999606e+00
2.879928564324188400e+01 1.906273475000000062e+01 7.190087619999999902e+00
2.762579682324188468e+01 1.935879269000000136e+01 5.942967069999999907e+00
2.930245856324188480e+01 2.201678761999999878e+01 2.698995259999999341e+00
3.042842470324188398e+01 2.232473702000000060e+01 4.148623699999999914e+00
3.101609006324188300e+01 1.986663448999999915e+01 4.078761090000000422e+00
3.029034969324188609e+01 1.988175160000000119e+01 1.050840679999999416e+00
3.054780894324188267e+01 1.853752500999999953e+01 2.222869359999999794e+00
2.902923014324188244e+01 1.947169381000000143e+01 2.229210160000000052e+00
3.267285071324188550e+01 2.255480036999999882e+01 3.792158610000000429e+00
3.307642628324188649e+01 2.080474251000000052e+01 4.110379350000000542e+00
3.454593477324188200e+01 2.082644651000000025e+01 2.280220340000000512e+00
3.340391380324188475e+01 2.340254323324188590e+01 1.305808840000000082e+00
3.478070487324188775e+01 2.276268964000000139e+01 6.263895500000007388e-01
3.334375024324188530e+01 2.174085065999999955e+01 6.499702700000007383e-01
3.597669935324188373e+01 2.117904062999999937e+01 4.428624310000000897e+00
3.691613154324188173e+01 2.184251270000000034e+01 3.009257060000000816e+00
3.775022660324188450e+01 2.273694245000000080e+01 5.261204730000001106e+00
3.675878737324188705e+01 2.469098696324188680e+01 3.292008960000000872e+00
3.776891381324188046e+01 2.510881983324188838e+01 4.760156880000001145e+00
3.828551702324188000e+01 2.395755166324188679e+01 3.517939020000000916e+00
5.860920069999998816e+00 -6.692566843241885444e+00 1.571750637000000062e+01
6.837563249999998760e+00 -6.183174443241886031e+00 1.665664960999999877e+01
6.236487459999999317e+00 -6.113375433241885482e+00 1.807605324000000024e+01
5.884199909999999534e+00 -7.415826663241886330e+00 1.882701906000000136e+01
7.227760389999999369e+00 -5.507102343241887077e+00 1.889727895000000046e+01
7.313303919999999181e+00 -4.045429153241888010e+00 1.877429655999999980e+01
6.202010039999999336e+00 -3.242392053241887062e+00 1.955964137000000136e+01
6.228187189999998985e+00 -3.628230173241886014e+00 2.110864751000000084e+01
6.512348529999998803e+00 -1.857268813241888417e+00 1.932233358999999950e+01
5.493275909999999485e+00 -1.048579583241886048e+00 1.870291399999999982e+01
6.003469810000000351e+00 3.532324600000000814e-01 1.836401391000000061e+01
4.880887769999999293e+00 1.208780370000000381e+00 1.775862963999999877e+01
6.517586180000000340e+00 1.030551019999999873e+00 1.951443238999999963e+01
7.978250290000000078e+00 1.060745540000000098e+00 1.958372603999999839e+01
8.333155120000000693e+00 1.753005360000000401e+00 2.098732015999999945e+01
7.985123920000000375e+00 9.278022700000008172e-01 2.225138382000000092e+01
9.718545539999999150e+00 2.089017580000000152e+00 2.105285171999999960e+01
1.017346610000000062e+01 3.170204619999999807e+00 2.020496766999999849e+01
1.167489969999999921e+01 2.955151139999999899e+00 1.981965311000000085e+01
1.190379343999999939e+01 1.511716840000000062e+00 1.926592815000000058e+01
1.196850698000000079e+01 4.046807829999999662e+00 1.897957441999999872e+01
1.334482818000000037e+01 4.291902200000000001e+00 1.841434283999999977e+01
1.347557049000000085e+01 5.789185090000000145e+00 1.818875706000000037e+01
1.381074062999999974e+01 6.620454879999999598e+00 1.946505627000000160e+01
1.445370546000000012e+01 5.981852230000000326e+00 1.724138457000000102e+01
1.465417549000000008e+01 7.286563840000000347e+00 1.668116544000000090e+01
1.527095865000000074e+01 7.270060499999999593e+00 1.526217549000000062e+01
1.460750241999999943e+01 6.115485849999999779e+00 1.442721429000000022e+01
1.509509124000000035e+01 8.544881200000000732e+00 1.460837433999999924e+01
1.623078688000000014e+01 9.297115249999999165e+00 1.417880946000000009e+01
1.586620379999999919e+01 1.080746509000000088e+01 1.454235070000000007e+01
1.455553190999999913e+01 1.116890146999999978e+01 1.369973054999999995e+01
1.548246817000000064e+01 1.098815746000000004e+01 1.592161901999999962e+01
1.636042349999999956e+01 1.087316281000000018e+01 1.706814652999999993e+01
1.735534149000000070e+01 1.209642118000000011e+01 1.700879163999999832e+01
1.673355583000000024e+01 1.344688226999999969e+01 1.731790731999999977e+01
1.847043662999999825e+01 1.185231203000000022e+01 1.791699335999999931e+01
1.976108212999999836e+01 1.146702737999999933e+01 1.736694018000000028e+01
2.096153018000000046e+01 1.179072490000000073e+01 1.832810471000000163e+01
2.104636952999999977e+01 1.059312238000000050e+01 1.938027591999999899e+01
2.216204062999999991e+01 1.185143930999999995e+01 1.763938498999999993e+01
2.326742056324188468e+01 1.243608359999999990e+01 1.829890985999999842e+01
2.445191966324188471e+01 1.240471282000000031e+01 1.729808944999999909e+01
2.539992645324188203e+01 1.360122063000000026e+01 1.750423853999999935e+01
2.523815072324188691e+01 1.123199531999999934e+01 1.762956854999999834e+01
2.468474365324188469e+01 9.945701010000000508e+00 1.720534346999999897e+01
2.578749152324188287e+01 8.920279689999999206e+00 1.706273129999999938e+01
2.675829852324188352e+01 8.939661259999999388e+00 1.827728748999999908e+01
2.518542979324188735e+01 7.608660229999999913e+00 1.704050918000000081e+01
2.568566592324188491e+01 7.125012459999999770e+00 1.631455254000000110e+01
6.331432869999999546e+00 -6.783133763241885994e+00 1.481417122999999947e+01
7.744055989999998779e+00 -6.902188363241886115e+00 1.664777271999999897e+01
7.077599259999999504e+00 -5.210535733241887790e+00 1.632502196000000083e+01
5.239681549999998467e+00 -5.596784423241886408e+00 1.801410161000000087e+01
5.216810559999998986e+00 -7.153931853241886962e+00 1.966902534999999830e+01
5.436447419999998587e+00 -8.162462013241885472e+00 1.809145716000000093e+01
6.728731369999999323e+00 -7.971392323241887290e+00 1.929460140000000123e+01
8.271376319999998117e+00 -3.658697463241886716e+00 1.906677511999999908e+01
7.079936979999999380e+00 -3.776946673241888597e+00 1.774585538999999912e+01
5.295532749999997790e+00 -3.485398483241888279e+00 1.911464842000000175e+01
5.328967879999998658e+00 -3.175346053241885791e+00 2.158573847999999984e+01
6.166567509999999253e+00 -4.668127383241885475e+00 2.125674838000000122e+01
7.105842109999999323e+00 -3.102168503241885311e+00 2.162824271999999937e+01
5.058105679999998827e+00 -1.493845323241886014e+00 1.782806087999999889e+01
4.762354379999999665e+00 -9.204856432418866419e-01 1.951478861000000009e+01
6.774253690000000105e+00 2.999410600000000926e-01 1.758523386999999971e+01
4.313018899999999434e+00 1.540733020000000231e+00 1.866282726000000025e+01
5.315135259999999917e+00 1.960093080000000931e+00 1.722459240999999963e+01
4.183201089999998956e+00 7.147540500000006958e-01 1.712934611000000018e+01
8.370603479999999763e+00 5.912018999999979485e-02 1.955717008999999962e+01
8.329308660000000586e+00 1.666648880000000332e+00 1.874030249999999853e+01
7.782051110000000271e+00 2.693647370000000318e+00 2.105033386999999934e+01
8.126123350000000300e+00 1.457023730000000405e+00 2.318628122324188467e+01
6.932148960000000137e+00 6.236604500000009210e-01 2.223253805999999955e+01
8.558346540000000502e+00 -4.808965324188463342e-02 2.220656286999999907e+01
9.608717540000000668e+00 3.266363720000000193e+00 1.931425958000000165e+01
1.018061585999999963e+01 4.131777529999999921e+00 2.073768785000000037e+01
1.223699210999999920e+01 3.058110150000000083e+00 2.074377554999999873e+01
1.223892052999999969e+01 8.534730699999997228e-01 2.006166878999999881e+01
1.102007090999999939e+01 9.387716399999996852e-01 1.883329433999999836e+01
1.273756797000000063e+01 1.586916549999999759e+00 1.857761037999999942e+01
1.410906478000000064e+01 3.946618369999999931e+00 1.906574854999999857e+01
1.343552034999999911e+01 3.887366329999999870e+00 1.742153642999999974e+01
1.248560052000000020e+01 6.151145729999999645e+00 1.781708723999999933e+01
1.313341525999999959e+01 6.547224869999999974e+00 2.030544155000000117e+01
1.481095052999999950e+01 6.331735260000000309e+00 1.985469007000000019e+01
1.403271293999999969e+01 7.637103549999999963e+00 1.917444988000000095e+01
1.367666625000000025e+01 7.714154889999999654e+00 1.654396150000000176e+01
1.519566129000000032e+01 7.905877450000000195e+00 1.733648842999999928e+01
1.633858597000000046e+01 7.112794430000000112e+00 1.529270286999999939e+01
1.469503218999999916e+01 6.211163240000000307e+00 1.329792085999999962e+01
1.487071081000000028e+01 5.098954700000000173e+00 1.470845319999999923e+01
1.351213455000000074e+01 6.187017700000000175e+00 1.455029638999999975e+01
1.705427089000000151e+01 9.012723519999999766e+00 1.478198571000000072e+01
1.660935368999999895e+01 9.006783150000000404e+00 1.319717218000000081e+01
1.664978067999999922e+01 1.150201011999999956e+01 1.429402456000000043e+01
1.447707081999999978e+01 1.059836609000000074e+01 1.277741827000000008e+01
1.377577351999999955e+01 1.080621572000000086e+01 1.439811444000000051e+01
1.430688463999999982e+01 1.220521804999999915e+01 1.350948943000000035e+01
1.692294494000000071e+01 9.889396129999999729e+00 1.703255405999999894e+01
1.572503996000000015e+01 1.096582513000000070e+01 1.795682401999999911e+01
1.772999908999999974e+01 1.221996558000000022e+01 1.600735218000000160e+01
1.596334288000000079e+01 1.340933137999999936e+01 1.812467472000000157e+01
1.744937492000000034e+01 1.426009181000000048e+01 1.751549258000000009e+01
1.614267616000000061e+01 1.384650186000000005e+01 1.644386073000000081e+01
1.973358808000000053e+01 1.039702643999999943e+01 1.720078373000000127e+01
1.990668164999999945e+01 1.188217966999999931e+01 1.639606424999999845e+01
2.080939327999999833e+01 1.275829464999999985e+01 1.886510888000000108e+01
2.158102712999999895e+01 1.077942022999999949e+01 2.032647773000000058e+01
2.000307062999999985e+01 1.062352600000000002e+01 1.972898218999999997e+01
2.135102694000000056e+01 9.657350279999999287e+00 1.885118805999999836e+01
2.307212550324188527e+01 1.346586298000000070e+01 1.858122467999999827e+01
2.353148566324188451e+01 1.187842795000000073e+01 1.921980221000000100e+01
2.411323023324188597e+01 1.230790709999999955e+01 1.628180023999999904e+01
2.486218425324188530e+01 1.445955565000000043e+01 1.783002280999999911e+01
2.610690089324188534e+01 1.342083769999999987e+01 1.834918319000000153e+01
2.611518852324188344e+01 1.370753717999999921e+01 1.663711118999999883e+01
2.389781265324188553e+01 9.618353940000000435e+00 1.787613203000000084e+01
2.417314407324188608e+01 1.010307118000000060e+01 1.626992333000000102e+01
2.625422214324188275e+01 9.151097780000000625e+00 1.612605278999999925e+01
2.737716118324188486e+01 8.022995919999999614e+00 1.814295016999999888e+01
2.759160242324188772e+01 9.636401349999999866e+00 1.826296668999999895e+01
2.635713230324188316e+01 8.940279699999999607e+00 1.927171116999999967e+01
2.251456605999999638e+01 3.428808099999999914e+00 4.144185540000001389e+00
2.380414292324188352e+01 3.377308359999999787e+00 4.736631450000001742e+00
2.427214555324188439e+01 4.869631260000000239e+00 5.169243480000001334e+00
2.493686667324188377e+01 5.653788050000000176e+00 3.974316370000001708e+00
2.321605211324188645e+01 5.596569760000000393e+00 5.821415910000001581e+00
2.361059622324188467e+01 6.756186450000000399e+00 6.555769180000002194e+00
2.245510387999999935e+01 7.793748240000000216e+00 6.614093710000001458e+00
2.280008459324188763e+01 8.899228620000000589e+00 7.642791760000001489e+00
2.234863045000000170e+01 8.272819820000000490e+00 5.260626150000001999e+00
2.148185983000000121e+01 7.491272699999999674e+00 4.402471950000002465e+00
2.075362989999999996e+01 8.357908520000000507e+00 3.242223940000002358e+00
1.961609458999999944e+01 9.239880879999999408e+00 3.786359050000002391e+00
2.168340411999999873e+01 9.209099939999999762e+00 2.573140700000002390e+00
2.268091293999999891e+01 8.585646929999999344e+00 1.790058920000002551e+00
2.230112122999999968e+01 8.339842519999999482e+00 2.889619900000023334e-01
2.337823333324188724e+01 7.377209460000000441e+00 -2.412848232418856043e-01
2.102474515000000110e+01 7.794756340000000172e+00 1.254668300000023606e-01
2.050286297999999974e+01 7.855541559999999812e+00 -1.213052723241885289e+00
1.924887535999999955e+01 6.943086680000000399e+00 -1.263106753241883595e+00
1.843697218999999876e+01 7.198710750000000047e+00 -2.516780413241884062e+00
1.965427761999999845e+01 5.585044869999999939e+00 -1.193055003241882517e+00
1.965842698999999882e+01 5.005723340000000299e+00 1.107278299999998605e-01
1.965976442999999918e+01 3.467044399999999804e+00 5.725845999999989999e-02
2.046729943000000063e+01 2.790592580000000211e+00 1.214765129999999971e+00
1.829090721000000030e+01 2.915535329999999981e+00 2.273829399999999223e-01
1.723158469999999909e+01 3.513924900000000129e+00 -4.778858632418856445e-01
1.609489818000000128e+01 2.520803729999999909e+00 -7.898839232418826128e-01
1.474110087000000036e+01 2.915712200000000198e+00 -9.122074324188567118e-02
1.580535275000000084e+01 2.446983529999999796e+00 -2.244544843241884635e+00
1.682164223999999919e+01 1.936027490000000073e+00 -3.192263153241883700e+00
1.651914408000000023e+01 2.620379919999999974e+00 -4.625333103241883848e+00
1.708530048000000079e+01 4.126947799999999944e+00 -4.591592993241883747e+00
1.715802152999999919e+01 1.897586620000000002e+00 -5.660962893241885396e+00
1.647310288999999983e+01 2.063312659999999799e+00 -6.950289573241883900e+00
1.746559887000000089e+01 1.414473740000000035e+00 -8.077281643241883913e+00
1.657452938000000131e+01 8.461665000000000436e-01 -9.162109843241884377e+00
1.826478827000000038e+01 2.473342450000000081e+00 -8.673772293241883702e+00
1.937119347000000147e+01 2.834726949999999857e+00 -7.889022203241884412e+00
2.053332729999999984e+01 1.937814200000000042e+00 -8.252009903241884103e+00
2.127435141999999857e+01 2.500998159999999970e+00 -9.486483603241884666e+00
2.138819179000000048e+01 1.757966700000000104e+00 -7.141657743241884404e+00
2.187499358000000171e+01 4.169821899999996972e-01 -6.931771683241883864e+00
2.073689896000000132e+01 -4.339649832418848163e-01 -6.322499063241883377e+00
2.062647757999999953e+01 -1.770278883241885204e+00 -6.865213073241884345e+00
2.094421914000000129e+01 -5.410515132418849404e-01 -4.850359123241885229e+00
1.974861555000000024e+01 -4.028553632418860886e-01 -4.046839573241884480e+00
2.002994393999999900e+01 -1.146731013241885755e+00 -2.749903743241885579e+00
2.090810218000000020e+01 -3.061938632418863548e-01 -1.842870323241884378e+00
1.875181849000000156e+01 -1.317658143241884794e+00 -2.055202443241883614e+00
1.818367807999999997e+01 -1.698307263241885856e+00 -2.785353453241883770e+00
2.207435966999999621e+01 4.186478430000000195e+00 4.564588440000001412e+00
2.378538536324188613e+01 2.770135090000000133e+00 5.729445050000001594e+00
2.447307848324188484e+01 2.906804119999999880e+00 4.044547910000002133e+00
2.513956024324188476e+01 4.620782919999999905e+00 5.878552850000001939e+00
2.595973884324188674e+01 5.273655019999999638e+00 3.903225530000001608e+00
2.442635433324188554e+01 5.446208350000000031e+00 2.998802680000001608e+00
2.500108312324188375e+01 6.757939760000000184e+00 4.082383140000001909e+00
2.386656243324188509e+01 6.464707820000000105e+00 7.608851020000002130e+00
2.451469934324188671e+01 7.224139840000000312e+00 6.052992490000002057e+00
2.158241827999999884e+01 7.256585720000000350e+00 6.906777430000001772e+00
2.381253101324188748e+01 9.362398750000000547e+00 7.594037170000001780e+00
2.211329604000000160e+01 9.766947749999999928e+00 7.611908470000002147e+00
2.277492555999999979e+01 8.525834469999999499e+00 8.679680470000000980e+00
2.201941586999999956e+01 6.635381360000000228e+00 3.967005070000002132e+00
2.066259535000000014e+01 7.088897809999999744e+00 5.076936600000001576e+00
2.029791132000000076e+01 7.682997209999999910e+00 2.532653690000002289e+00
1.921645433999999852e+01 9.840904869999999249e+00 3.000722320000002163e+00
1.883328228999999965e+01 8.510306079999999440e+00 4.054656970000001692e+00
1.986659301999999983e+01 9.866045899999999591e+00 4.626079540000002766e+00
2.362301042324188671e+01 9.122417820000000788e+00 1.895734040000002452e+00
2.304223936324188671e+01 7.667256359999999660e+00 2.266870050000002301e+00
2.238294133000000130e+01 9.332118949999999913e+00 -2.126853432418851497e-01
2.318364905324188641e+01 7.114363749999999875e+00 -1.294043443241884361e+00
2.437277294324188759e+01 7.878219320000000359e+00 -2.836791332418844291e-01
2.349831960324188884e+01 6.446353199999999894e+00 2.763851300000030875e-01
2.013595579000000058e+01 8.878728490000000306e+00 -1.498799943241882815e+00
2.121382406000000032e+01 7.760321979999999620e+00 -2.057126983241884588e+00
1.862866504999999862e+01 7.084011819999999737e+00 -4.024814932418845359e-01
1.896863280000000174e+01 6.952748760000000416e+00 -3.439557563241885774e+00
1.761438602999999858e+01 6.433688670000000442e+00 -2.618666873241883408e+00
1.803799562000000023e+01 8.194397040000000132e+00 -2.704534943241883482e+00
2.062827147000000139e+01 5.304912629999999574e+00 6.093595399999999218e-01
1.879080558000000067e+01 5.419490960000000079e+00 6.087685399999999136e-01
2.003973331999999985e+01 3.116862970000000121e+00 -8.815776432418864772e-01
2.041527552000000156e+01 3.405365460000000066e+00 2.150809680000000057e+00
2.022026753999999826e+01 1.756850849999999964e+00 1.386814819999999893e+00
2.155174736000000024e+01 2.760727639999999816e+00 1.027884089999999917e+00
1.691535982999999987e+01 4.398013119999999887e+00 8.432630000000251869e-02
1.764266233000000028e+01 3.827123160000000190e+00 -1.437216683241883786e+00
1.642516097000000030e+01 1.560734899999999925e+00 -4.639119132418851876e-01
1.424657954000000082e+01 3.790144160000000095e+00 -5.365661032418831411e-01
1.399948567999999938e+01 2.108785399999999921e+00 -2.714511932418854911e-01
1.489468667000000046e+01 3.074020809999999937e+00 9.967759700000033973e-01
1.788770037999999829e+01 2.053372870000000017e+00 -2.827061413241883869e+00
1.665503958000000040e+01 8.747429700000000086e-01 -3.230275503241882618e+00
1.543863879999999966e+01 2.610789270000000162e+00 -4.866405263241885493e+00
1.816332274000000169e+01 3.949172700000000091e+00 -4.474651513241882483e+00
1.690721936999999997e+01 4.608681999999999945e+00 -5.572727803241884104e+00
1.658459595000000064e+01 4.737095759999999878e+00 -3.828319133241885552e+00
1.621553275000000127e+01 3.088537450000000018e+00 -7.116253953241884034e+00
1.560343813000000068e+01 1.431223289999999926e+00 -6.869468073241884909e+00
1.804756855999999843e+01 5.907470699999999297e-01 -7.681634363241883534e+00
1.676511023999999850e+01 -3.318429324188354457e-02 -9.742597303241884887e+00
1.564868069999999989e+01 4.371356400000001585e-01 -8.723641993241884052e+00
1.634255796000000061e+01 1.600389639999999947e+00 -9.904684973241884904e+00
1.957150899999999893e+01 3.899930550000000107e+00 -7.947001563241883559e+00
1.921619676999999982e+01 2.854649240000000088e+00 -6.780864823241882888e+00
2.007162272000000058e+01 9.964964499999999781e-01 -8.665922003241883331e+00
2.212921339000000032e+01 1.858895680000000050e+00 -9.564125053241884444e+00
2.063473254999999895e+01 2.370764850000000035e+00 -1.035108447324188496e+01
2.172334335000000038e+01 3.501647740000000120e+00 -9.417743583241884764e+00
2.226755291999999997e+01 -2.958279324188506365e-02 -7.850238833241883540e+00
2.268886967999999982e+01 4.477970299999998183e-01 -6.255998153241884907e+00
1.978938965000000039e+01 8.898636000000070823e-02 -6.555237533241884407e+00
1.993224942000000155e+01 -2.261141783241884973e+00 -6.203869453241884102e+00
2.013806461000000070e+01 -1.768956623241886739e+00 -7.850139843241883852e+00
2.157453190000000021e+01 -2.341167623241886098e+00 -6.750401383241884545e+00
1.959570875000000001e+01 6.641595300000000535e-01 -3.763388823241884396e+00
1.889511266999999961e+01 -8.210267532418837888e-01 -4.556349123241885124e+00
2.050408758000000020e+01 -2.103356723241886606e+00 -3.017384813241884345e+00
2.187269766000000004e+01 -3.378283241885604582e-03 -2.308760313241885243e+00
2.033547640000000101e+01 5.679844500000017504e-01 -1.484202273241885806e+00
2.120228137000000146e+01 -8.312620232418863608e-01 -8.959818732418849407e-01
3.010243720000000067e+00 1.546117686000000191e+01 1.348199705999999942e+01
2.036923990000000018e+00 1.450972341000000121e+01 1.379464102999999930e+01
2.588960000000000150e+00 1.314354093000000212e+01 1.345682391000000067e+01
2.784877680000000133e+00 1.293863458000000222e+01 1.196794124000000004e+01
3.911501240000000212e+00 1.299594019000000245e+01 1.396243927000000085e+01
4.297818419999999584e+00 1.162851669000000143e+01 1.417614999999999981e+01
5.764692939999999766e+00 1.167900258000000235e+01 1.471579206999999911e+01
5.960017220000000115e+00 1.254603179000000246e+01 1.601947953999999896e+01
6.131704840000000267e+00 1.028498830000000197e+01 1.502061469000000038e+01
6.676254260000000329e+00 9.511852500000001598e+00 1.394041157999999925e+01
5.972501489999999968e+00 8.137681979999999982e+00 1.384918425000000042e+01
5.969039440000000418e+00 7.552576200000000739e+00 1.239181834000000038e+01
6.742996660000000197e+00 7.205088090000000278e+00 1.470799865000000040e+01
6.299773690000000315e+00 6.973782950000000369e+00 1.599665702999999972e+01
5.389962220000000137e+00 5.681918519999999972e+00 1.607023918999999879e+01
5.229168190000000216e+00 5.126014250000000771e+00 1.754953623999999834e+01
4.066761190000000248e+00 6.021572660000000354e+00 1.565390067000000052e+01
3.616902580000000089e+00 5.420466810000000635e+00 1.437806432000000001e+01
3.380755989999999933e+00 3.876536670000000129e+00 1.469979748999999991e+01
1.958251900000000045e+00 3.613305920000000171e+00 1.519448908999999936e+01
3.646141029999999894e+00 3.020082089999999830e+00 1.357717305999999979e+01
5.022592030000000207e+00 2.957264320000000168e+00 1.297466252999999980e+01
5.846687629999999913e+00 1.959145209999999970e+00 1.379684263999999949e+01
5.132066159999999932e+00 5.815047700000000042e-01 1.421656240999999987e+01
6.946688029999999792e+00 1.517082599999999948e+00 1.297594658000000045e+01
8.053163610000000361e+00 8.794012100000000443e-01 1.366547641999999918e+01
9.374325880000000666e+00 1.247155479999999983e+00 1.295281645999999931e+01
9.413929389999999842e+00 8.268553100000000100e-01 1.148018438000000074e+01
9.607038940000000693e+00 2.716888539999999796e+00 1.297628869000000051e+01
9.870015790000000067e+00 3.274783300000000175e+00 1.426917354999999965e+01
9.716504260000000670e+00 4.790212320000000190e+00 1.423638947999999971e+01
9.565453140000000687e+00 5.432921999999999585e+00 1.563759568999999949e+01
1.082335031000000036e+01 5.412085529999998812e+00 1.359628007999999966e+01
1.072284973000000008e+01 5.565740690000000157e+00 1.216423039999999922e+01
1.050239947000000029e+01 7.092237139999999940e+00 1.194575767000000077e+01
1.169874377000000010e+01 7.860882880000000128e+00 1.257507406999999944e+01
1.047160350000000051e+01 7.466772230000000121e+00 1.054157157999999939e+01
9.641287099999999555e+00 8.655220169999999769e+00 1.030567557000000001e+01
9.617322839999999928e+00 8.885921890000000545e+00 8.798403379999999885e+00
8.749232720000000185e+00 7.830662249999999602e+00 8.115717070000000533e+00
9.020376349999999377e+00 1.026330543999999989e+01 8.557795629999999321e+00
9.196536269999999291e+00 1.085903410000000058e+01 7.366393559999999674e+00
8.212120949999999198e+00 1.211521096000000064e+01 7.438438230000000040e+00
7.823860279999999889e+00 1.257090320000000006e+01 5.988950059999998743e+00
6.950798070000000273e+00 1.197200901999999978e+01 8.191785290000000330e+00
6.043768659999999571e+00 1.095007889999999939e+01 7.843401199999999740e+00
5.015090530000000157e+00 1.080951542000000032e+01 9.082117419999999441e+00
4.323142169999999673e+00 9.408872860000000671e+00 9.047681360000000339e+00
5.703202959999999599e+00 1.095136993999999930e+01 1.028306363999999995e+01
6.523596750000000277e+00 1.137345833000000006e+01 9.919225629999999683e+00
3.788436110000000134e+00 1.514282099000000237e+01 1.393745346999999946e+01
1.783410369999999912e+00 1.456571946000000217e+01 1.482677881000000042e+01
1.094606510000000199e+00 1.471118177000000138e+01 1.330644573000000008e+01
1.901337489999999963e+00 1.240111711000000128e+01 1.382785508000000085e+01
3.015122750000000185e+00 1.193779467000000238e+01 1.183993938999999962e+01
1.836419680000000110e+00 1.321320616000000214e+01 1.148749401999999975e+01
3.556120289999999962e+00 1.356336250000000199e+01 1.159587370000000028e+01
3.693683580000000077e+00 1.110493648000000100e+01 1.491784477000000031e+01
4.268824480000000143e+00 1.107467957000000247e+01 1.323425761000000023e+01
6.351815880000000192e+00 1.209041828000000152e+01 1.384557979999999944e+01
5.637622430000000406e+00 1.207316870000000186e+01 1.685770468999999849e+01
7.069622390000000145e+00 1.264347393000000253e+01 1.622252217999999857e+01
5.493113819999999592e+00 1.347228155000000172e+01 1.591015166000000036e+01
6.443176600000000143e+00 1.000881084000000243e+01 1.297310932999999977e+01
7.837409899999999929e+00 9.435984370000001675e+00 1.400464430999999976e+01
4.944697739999999619e+00 8.308253699999999853e+00 1.423246362999999981e+01
6.967287690000000033e+00 7.164041120000000262e+00 1.217602802999999945e+01
5.232471320000000148e+00 6.712754800000000799e+00 1.237829215000000005e+01
5.814312140000000184e+00 8.315832600000000241e+00 1.165553859999999986e+01
7.256741850000000049e+00 6.984470110000000176e+00 1.661397995000000094e+01
5.814041129999999669e+00 7.861019680000000065e+00 1.643148147999999864e+01
5.748209949999999679e+00 4.895666880000000276e+00 1.542397670999999981e+01
6.225754049999999928e+00 4.947818510000001169e+00 1.796106170999999918e+01
4.734614070000000119e+00 5.745941820000000533e+00 1.823059375000000060e+01
4.591530709999999793e+00 4.235390490000000341e+00 1.757078252000000163e+01
2.818639370000000088e+00 5.906917030000000679e+00 1.392317135999999955e+01
4.499344220000000227e+00 5.517679799999999801e+00 1.378395320999999996e+01
4.095937130000000259e+00 3.529725120000000160e+00 1.542845128999999993e+01
1.862098000000000031e+00 3.831964660000000134e+00 1.630983874000000000e+01
1.249562479999999809e+00 4.325245940000000289e+00 1.475954633999999999e+01
1.613555080000000252e+00 2.562357920000000178e+00 1.506202251999999930e+01
4.917903240000000231e+00 2.701467029999999880e+00 1.190836634999999966e+01
5.564912539999999908e+00 3.888669339999999863e+00 1.297020346999999951e+01
6.347553659999999986e+00 2.394435650000000138e+00 1.470803242999999938e+01
5.573057409999999656e+00 -2.499200324188288747e-02 1.503981313000000064e+01
4.049865450000000422e+00 6.556349299999999491e-01 1.449116944999999923e+01
5.186941179999999818e+00 -8.744689324188437141e-02 1.336707793999999971e+01
8.052295400000000214e+00 1.088631949999999904e+00 1.479243229999999976e+01
7.928104180000000056e+00 -2.031159632418858552e-01 1.351353018000000006e+01
1.016774559999999994e+01 7.582324299999999573e-01 1.361485547999999923e+01
1.037178940999999988e+01 1.070381510000000036e+00 1.106493947999999961e+01
9.303486230000000745e+00 -2.650592532418860614e-01 1.150571446999999914e+01
8.582489699999999999e+00 1.289986330000000070e+00 1.091526202999999917e+01
9.255485029999999114e+00 2.837699070000000212e+00 1.508371061000000068e+01
1.086196035999999943e+01 2.943247529999999834e+00 1.464746197999999922e+01
8.761559370000000513e+00 4.975366389999999583e+00 1.365885502000000074e+01
1.047319910000000043e+01 5.262327349999999626e+00 1.625164721999999884e+01
9.460233759999999492e+00 6.455301889999999432e+00 1.549788249000000029e+01
8.729678630000000439e+00 4.988198479999999435e+00 1.614194067000000032e+01
9.913339249999999936e+00 4.928795669999999518e+00 1.172348144999999953e+01
1.166473781999999915e+01 5.300046130000000133e+00 1.162410636999999980e+01
9.552897930000000315e+00 7.395862509999998835e+00 1.237749565999999923e+01
1.179176750999999967e+01 7.762036999999999409e+00 1.365737232000000034e+01
1.267361496000000010e+01 7.465378030000000109e+00 1.214278805000000006e+01
1.160409538000000040e+01 8.907244379999999850e+00 1.236138376000000072e+01
8.565211989999999886e+00 8.427338699999999960e+00 1.061944686000000004e+01
1.000864662999999943e+01 9.520907089999999684e+00 1.082414907000000071e+01
1.065492743000000075e+01 8.804731070000000770e+00 8.411621690000000484e+00
7.656391659999999710e+00 7.953873899999999608e+00 8.324031890000000544e+00
8.928109340000000671e+00 7.799077649999999196e+00 7.031761640000000035e+00
9.043914720000000074e+00 6.803658470000000236e+00 8.365338740000000328e+00
1.030120617000000038e+01 1.117345521999999924e+01 7.221385320000000441e+00
8.973897080000000415e+00 1.020997303999999950e+01 6.572474910000000392e+00
8.818089569999999711e+00 1.289706405999999994e+01 7.910078109999999718e+00
6.922797860000000192e+00 1.327428109000000056e+01 5.923024650000000335e+00
8.540282559999999634e+00 1.312842541000000018e+01 5.469455389999998474e+00
7.590132689999999904e+00 1.167535479999999914e+01 5.394184989999999402e+00
5.437151019999999946e+00 1.130678389000000017e+01 7.030383669999999974e+00
6.490789330000000135e+00 9.978917669999999518e+00 7.645189819999999692e+00
4.249848100000000350e+00 1.160362381999999926e+01 8.994425630000000282e+00
3.997545119999999841e+00 9.121795430000000593e+00 7.978744129999999934e+00
5.001033429999999669e+00 8.625462459999999609e+00 9.337987769999999799e+00
3.548145739999999826e+00 9.311380930000000333e+00 9.822927489999999651e+00
6.200134670000000625e+00 2.035414770999999945e+01 1.569947595999999912e+01
5.171790520000001834e+00 1.977830724000000018e+01 1.489147675000000071e+01
5.847365010000000751e+00 1.928952320000000142e+01 1.359704885999999924e+01
4.858511610000000758e+00 1.899445705999999845e+01 1.249313225000000038e+01
6.846879160000000297e+00 2.032376792999999893e+01 1.318496934000000032e+01
8.176744259999999542e+00 1.966059810999999868e+01 1.287476988000000055e+01
9.010579509999999459e+00 1.952412516000000053e+01 1.415915438999999942e+01
1.044510690999999980e+01 1.900891726000000048e+01 1.382895549000000024e+01
9.028940099999999802e+00 2.087446265000000167e+01 1.477232887000000083e+01
9.087995619999999164e+00 2.090927682999999959e+01 1.625814135999999976e+01
1.057012047000000088e+01 2.062022570999999971e+01 1.673274423999999883e+01
1.153036920000000087e+01 2.166281345000000158e+01 1.617083698000000069e+01
1.062296571000000078e+01 2.081115083999999982e+01 1.816512051999999855e+01
1.135217996999999990e+01 1.974753918000000041e+01 1.887541470000000032e+01
1.126130333000000050e+01 2.011711306000000121e+01 2.038877460999999869e+01
9.843701989999999569e+00 1.997625319000000133e+01 2.098247947000000124e+01
1.219714309000000085e+01 1.921411411000000058e+01 2.097503812000000067e+01
1.316600189999999948e+01 1.981965398999999906e+01 2.182738163999999870e+01
1.410096210000000028e+01 2.075314635999999879e+01 2.108647119999999830e+01
1.530948554000000073e+01 2.113092198000000010e+01 2.193313520999999966e+01
1.459683972999999924e+01 2.011740131999999903e+01 1.987668142000000060e+01
1.519834303000000020e+01 2.097751892000000140e+01 1.887612024999999960e+01
1.600249888000000098e+01 2.010192921000000155e+01 1.778114825000000110e+01
1.653377000000000052e+01 2.101188880000000125e+01 1.656072872000000018e+01
1.715476493999999974e+01 1.954876927999999836e+01 1.842445134000000095e+01
1.706753385000000023e+01 1.839189435999999844e+01 1.933706954999999894e+01
1.850138696000000138e+01 1.815285950000000170e+01 1.989386730000000014e+01
1.863442012999999875e+01 1.735261975999999962e+01 2.122049398000000053e+01
1.920793330000000054e+01 1.733076843999999994e+01 1.889163562999999968e+01
2.048422503999999833e+01 1.782518035000000012e+01 1.834158389999999983e+01
2.089460088999999954e+01 1.700111971000000111e+01 1.701283302999999947e+01
2.114200931999999966e+01 1.546209370000000050e+01 1.705948658000000151e+01
2.012375709000000157e+01 1.725880327999999864e+01 1.582035119999999928e+01
1.867743168000000153e+01 1.688624989999999926e+01 1.599423301000000031e+01
1.794624368999999930e+01 1.688672835999999933e+01 1.464869668999999952e+01
1.869817070999999942e+01 1.612749923999999879e+01 1.358011660000000020e+01
1.665966973999999823e+01 1.621125426000000047e+01 1.472225502999999946e+01
1.570292056000000080e+01 1.668810715000000044e+01 1.570070525999999944e+01
1.427211418000000087e+01 1.641929543999999908e+01 1.524998725000000022e+01
1.327020998000000063e+01 1.671869562999999914e+01 1.630188264999999959e+01
1.388884187999999931e+01 1.728631444000000172e+01 1.410643196000000010e+01
1.451343355000000024e+01 1.706216028000000051e+01 1.285638072000000065e+01
1.354484116999999976e+01 1.729701560999999899e+01 1.158238878999999955e+01
1.223683918000000048e+01 1.638783516999999890e+01 1.151228934000000059e+01
1.313426706000000088e+01 1.866021664000000158e+01 1.158885790000000071e+01
1.418521608000000001e+01 1.961123169000000033e+01 1.125839904999999952e+01
1.386778256999999925e+01 2.088226687999999953e+01 1.200461808000000019e+01
1.259240787999999966e+01 2.158975663000000011e+01 1.143813251999999991e+01
1.375760346999999939e+01 2.069820916999999838e+01 1.342200814000000086e+01
1.333310228000000031e+01 1.981834230000000119e+01 1.349524298999999949e+01
6.923517780000000954e+00 2.062994583000000048e+01 1.505509518000000035e+01
4.649464730000001822e+00 1.891629801999999927e+01 1.531236967999999976e+01
4.397271040000001463e+00 2.047555575999999888e+01 1.461818960999999994e+01
6.349259120000001033e+00 1.838312890999999993e+01 1.375278497999999949e+01
5.455343720000001895e+00 1.861294236999999896e+01 1.164157969000000037e+01
4.066322810000000842e+00 1.826883029000000036e+01 1.278013969999999944e+01
4.291255590000000453e+00 1.992012524000000084e+01 1.232783191000000045e+01
8.118092239999999293e+00 1.867171512999999905e+01 1.244407121999999966e+01
8.595848710000000281e+00 2.030857848999999860e+01 1.215214542000000009e+01
8.552097859999999940e+00 1.880041161000000116e+01 1.484504714999999919e+01
1.051429360999999929e+01 1.835855331000000135e+01 1.291497340999999999e+01
1.104179079999999935e+01 1.986560520999999824e+01 1.361040623999999966e+01
1.088425158999999987e+01 1.832780306000000081e+01 1.457982971000000028e+01
8.767407860000000497e+00 2.192117819999999995e+01 1.668845633000000106e+01
8.430258079999999765e+00 2.016916566000000088e+01 1.672323077000000069e+01
1.084724021999999977e+01 1.963208432000000059e+01 1.641726166999999847e+01
1.206796899000000067e+01 2.129274258999999958e+01 1.530378327999999932e+01
1.108379404000000079e+01 2.259113604999999936e+01 1.577689784999999922e+01
1.232536194999999957e+01 2.195493154000000047e+01 1.691291186999999852e+01
1.077621373000000027e+01 1.877189749000000063e+01 1.859664657000000076e+01
1.235548746000000087e+01 1.971703484000000017e+01 1.846668367999999916e+01
1.162486228000000033e+01 2.113914727999999954e+01 2.043474825999999922e+01
9.818446760000000495e+00 2.025606123000000025e+01 2.206544119999999864e+01
9.167488960000000020e+00 2.056463048000000171e+01 2.042450953000000169e+01
9.540729349999999442e+00 1.891378016000000173e+01 2.094211531999999920e+01
1.260483875000000076e+01 2.037702558999999880e+01 2.264225825999999842e+01
1.375839049000000003e+01 1.898794584999999913e+01 2.227318782000000041e+01
1.358235683999999921e+01 2.172684363000000118e+01 2.089666824000000034e+01
1.500253451000000027e+01 2.124855901999999830e+01 2.298890363324188613e+01
1.613041351000000034e+01 2.032730974000000046e+01 2.192674677000000116e+01
1.570583129000000078e+01 2.209258780000000044e+01 2.163531890000000146e+01
1.459029718000000031e+01 2.175486768000000026e+01 1.839585127999999870e+01
1.605473990000000128e+01 2.148483626999999885e+01 1.947082380000000157e+01
1.537497068000000056e+01 1.926186016999999850e+01 1.748242477999999878e+01
1.707911705000000069e+01 2.041420403000000050e+01 1.585257297999999970e+01
1.572301290999999956e+01 2.138511978000000013e+01 1.599907883999999925e+01
1.717498069000000172e+01 2.190425557000000012e+01 1.682455696999999972e+01
1.651316388000000046e+01 1.865650344000000160e+01 2.026247800999999882e+01
1.658979808000000133e+01 1.753555053999999913e+01 1.888778721999999988e+01
1.904862845999999976e+01 1.904256836000000064e+01 2.004028312999999883e+01
1.789417564000000027e+01 1.656526711000000063e+01 2.119262828999999826e+01
1.965291970999999904e+01 1.696976683000000108e+01 2.151849570999999983e+01
1.829825032999999834e+01 1.803321711999999977e+01 2.196558504000000056e+01
2.042626385000000155e+01 1.892805736000000039e+01 1.805397568000000064e+01
2.123416875999999931e+01 1.756718784999999983e+01 1.917638312000000056e+01
2.190882384000000016e+01 1.738661752000000149e+01 1.672691174999999930e+01
2.145035168000000070e+01 1.513720724000000040e+01 1.610878114999999866e+01
2.195186510999999996e+01 1.531848935999999917e+01 1.778680316999999889e+01
2.023703410999999974e+01 1.496527981999999923e+01 1.739589534999999998e+01
1.817465486000000041e+01 1.764852060999999850e+01 1.644018773999999894e+01
1.839588535000000036e+01 1.587147522999999971e+01 1.633137287999999998e+01
1.781845447999999976e+01 1.795869566000000006e+01 1.422045446999999996e+01
1.913040579999999835e+01 1.517095126999999977e+01 1.391913270999999952e+01
1.795441508000000042e+01 1.597007860999999984e+01 1.278270690999999992e+01
1.950341762000000045e+01 1.674906461999999863e+01 1.319253544000000034e+01
1.582771063999999939e+01 1.616794099000000173e+01 1.665731487000000044e+01
1.583835434000000042e+01 1.777083018000000081e+01 1.590456866000000069e+01
1.407861124000000075e+01 1.540715797999999914e+01 1.493336346999999975e+01
1.303985823999999916e+01 1.580467057999999980e+01 1.694672660000000164e+01
1.362005873000000022e+01 1.748801106000000161e+01 1.699314379000000130e+01
1.234465327999999928e+01 1.716081000000000145e+01 1.593832377999999927e+01
1.546612230999999937e+01 1.758479373000000123e+01 1.274540952000000082e+01
1.475688199000000012e+01 1.598110235000000046e+01 1.278697325999999990e+01
1.413111227999999997e+01 1.709266378999999958e+01 1.062217262999999967e+01
1.141533697999999930e+01 1.684563217999999907e+01 1.092064260000000075e+01
1.252782921000000016e+01 1.547776765000000054e+01 1.096856380999999914e+01
1.178917211000000087e+01 1.626193578000000173e+01 1.251595962000000029e+01
1.511536043999999990e+01 1.925721333999999985e+01 1.170657197999999966e+01
1.424266399000000050e+01 1.981968991000000102e+01 1.021200127000000002e+01
1.477069763000000080e+01 2.152215112000000019e+01 1.186155164000000006e+01
1.274868498000000017e+01 2.263559744000000151e+01 1.182656916000000002e+01
1.249765348999999937e+01 2.166199715000000126e+01 1.033300926000000075e+01
1.160292774999999921e+01 2.112517365000000069e+01 1.177034526999999997e+01
