0.0 nan nan
1.0 nan nan
2.0 nan nan
3.0 nan nan
0.0 nan nan
1.0 nan nan
2.0 nan nan
3.0 nan nan
0.0 nan nan
1.0 nan nan
2.0 nan nan
3.0 nan nan
0.0 nan nan
1.0 nan nan
2.0 nan nan
3.0 nan nan
0.0 nan nan
1.0 nan nan
2.0 nan nan
3.0 nan nan
0.0 0.17397625382831652 0.24257336961510473
1.0 0.019223355093605017 0.13749599451780983
2.0 0.015411398323132224 0.12319801106565624
3.0 0.014330316591180494 0.11873828919412406
0.0 0.17397625382831652 0.24257336961510473
1.0 0.019223355093605017 0.13749599451780983
2.0 0.015411398323132224 0.12319801106565624
3.0 0.014330316591180494 0.11873828919412406
