9.531192390000001069e+00 1.835542725499999861e+01 1.529365176499999990e+01
7.809611955000000272e+00 1.778111432000000036e+01 1.491623831500000108e+01
8.559257389999999077e+00 1.707208123499999886e+01 1.454517852000000033e+01
8.749287134999999438e+00 1.820705489499999885e+01 1.480223613000000071e+01
8.474931335000000843e+00 1.599647825999999995e+01 1.450999071500000071e+01
9.278234829999998823e+00 1.630213802499999787e+01 1.511512064500000108e+01
1.009451221500000173e+01 1.579838957000000121e+01 1.329583495500000012e+01
9.302307035000000113e+00 1.629001577999999739e+01 1.388789917999999979e+01
1.000747471000000033e+01 1.667787348000000236e+01 1.314855743500000074e+01
9.312115455000000708e+00 1.605592113499999840e+01 1.631482748499999857e+01
9.283725499999999187e+00 1.613613614500000182e+01 1.755911606000000091e+01
9.547213540000001331e+00 1.600375826000000146e+01 1.858526008999999846e+01
1.038145291000000014e+01 1.652963443000000154e+01 1.813180882500000024e+01
9.291091095000000522e+00 1.698858142999999998e+01 1.842554494000000176e+01
1.137785621000000091e+01 1.677128884500000083e+01 1.855729384500000023e+01
8.046980510000000919e+00 1.792642189499999716e+01 1.406300617000000130e+01
9.411317350000000914e+00 1.612242563000000217e+01 1.283181515000000061e+01
8.437681070000000005e+00 1.610856283500000075e+01 1.690340273999999710e+01
8.875037389999999249e+00 1.533483669499999991e+01 1.693930934499999807e+01
1.122164271499999977e+01 1.707757963499999931e+01 1.772436543999999969e+01
1.139586736500000086e+01 1.621392755000000108e+01 1.786299551999999835e+01
9.272741650000000391e+00 1.797128762500000221e+01 1.860875734500000078e+01
1.671579100000000206e-01 3.422149080000000065e+00 1.220834859500000036e+01
4.234215899999997923e-01 1.797112714999999916e+00 1.135755800499999957e+01
1.415943964999999860e+00 2.243069880000000182e+00 1.147269305000000017e+01
3.473922949999999066e-01 2.821220540000000110e+00 1.147537725000000108e+01
2.369344420000000007e+00 1.764443079999999942e+00 1.157859514000000090e+01
2.136788509999999697e+00 2.303865645000000129e+00 1.245547364000000101e+01
3.526714085000000054e+00 3.322561669999999800e+00 1.134116176999999936e+01
2.568646119999999922e+00 2.807833334999999764e+00 1.145372924000000125e+01
2.790747409999999817e+00 3.870864195000000230e+00 1.133926702000000120e+01
1.799159964999999861e+00 1.856631420000000032e+00 1.356292473499999929e+01
1.759098190000000006e+00 1.326676260000000163e+00 1.466381879000000055e+01
1.762614349999999774e+00 9.371148649999998526e-01 1.566043164499999918e+01
2.782977770000000017e+00 1.104603529999999889e+00 1.540876970000000057e+01
1.988751794999999767e+00 1.950402394999999789e+00 1.568906867000000105e+01
3.679044430000000254e+00 8.228044249999999504e-01 1.594502579499999939e+01
6.890927250000000726e-01 2.259506575000000073e+00 1.066217099500000032e+01
2.990413409999999939e+00 3.357149390000000011e+00 1.063721893499999993e+01
9.304620450000000709e-01 1.429672200000000171e+00 1.396276729999999944e+01
1.542605369999999976e+00 8.451028899999999400e-01 1.370626800000000145e+01
3.845503869999999935e+00 1.270937094999999850e+00 1.520746499999999912e+01
3.602552390000000049e+00 4.274387016747005497e-01 1.515237989999999968e+01
1.865584619999999916e+00 2.911222709999999658e+00 1.563653450500000019e+01
6.311886424999999967e+00 3.909351169999999875e+00 7.606454714999999922e+00
7.823523019999999661e+00 2.904220725000000058e+00 6.744977415000000143e+00
6.878352955000000435e+00 2.494260269999999835e+00 6.382048610000000011e+00
7.051009909999999437e+00 3.392542569999999813e+00 7.216346684999999539e+00
6.726380179999999598e+00 1.877628665000000030e+00 5.495686689999999430e+00
6.159493460000000198e+00 2.724638810000000078e+00 5.415310569999999935e+00
4.941079699999999519e+00 1.221671685000000007e+00 5.925523045000000266e+00
5.837124494999999413e+00 1.799404795000000057e+00 6.084047710000000109e+00
4.912296104999999358e+00 1.720607975000000067e+00 6.662854539999999659e+00
6.369321939999999849e+00 3.668154864999999987e+00 4.665585424999999731e+00
6.453372100000000167e+00 4.601964974999999569e+00 3.905878255000000188e+00
6.345877854999999457e+00 5.576863420000000460e+00 3.418962094999999923e+00
5.883877370000000440e+00 4.828819270000000330e+00 2.805739454999999882e+00
5.456241920000000079e+00 5.251925740000000786e+00 3.841177225000000028e+00
5.299886759999999697e+00 4.827254285000000422e+00 1.881042725000000360e+00
7.383491429999999411e+00 2.429752614999999949e+00 7.336100650000000556e+00
5.406765564999999718e+00 9.705487700000001716e-01 6.651133064999999789e+00
7.160908465000000334e+00 4.371804709999999261e+00 4.673473100000000713e+00
7.151229110000000055e+00 3.780547314999999742e+00 3.990662775000000106e+00
5.586088489999999851e+00 4.016657130000000464e+00 2.150782065000000021e+00
6.155108204999999444e+00 4.579442950000000678e+00 1.794355555000000102e+00
4.796302284999999443e+00 4.985325150000000427e+00 4.460177180000000519e+00
1.117127308499999927e+01 1.862397949999999724e+01 3.660540785000000241e+00
9.795443345000000690e+00 1.813049456999999975e+01 2.559551620000000138e+00
9.948389245000001324e+00 1.721168103000000116e+01 3.111668700000000065e+00
1.076527117999999916e+01 1.811873903000000041e+01 2.943528595000000081e+00
9.213497095000001025e+00 1.646624654500000062e+01 3.368559454999999758e+00
9.622673445000000214e+00 1.685858302000000108e+01 4.239836604999999814e+00
1.038683366000000063e+01 1.499922924499999866e+01 3.809729315000000227e+00
1.016394740000000141e+01 1.603224481000000168e+01 3.573990905000000051e+00
1.109375491500000166e+01 1.553790384499999888e+01 3.882648064999999704e+00
9.018668399999999252e+00 1.755047383499999825e+01 5.048931149999999590e+00
8.483369445000001008e+00 1.816353314999999924e+01 5.941998679999999311e+00
8.154359545000000153e+00 1.875571275832529849e+01 6.786923919999999555e+00
8.231238855000000854e+00 1.772840408000000068e+01 7.136584104999999845e+00
9.155473125000000323e+00 1.844354443499999974e+01 6.877811030000000159e+00
8.065019565000000057e+00 1.727989831000000009e+01 8.114956695000000053e+00
1.034196683500000091e+01 1.757199583999999959e+01 2.171754329999999733e+00
1.077942932999999925e+01 1.529303582000000006e+01 3.084870294999999984e+00
8.551305315000000462e+00 1.848150677499999972e+01 4.918555979999999828e+00
7.988691704999999921e+00 1.779824490499999712e+01 5.038234284999999701e+00
8.254456080000000640e+00 1.670426175000000057e+01 7.466468185000000091e+00
7.456272320000000065e+00 1.706274325500000089e+01 7.498099814999999779e+00
1.007626446500000128e+01 1.832410851499999893e+01 6.730841330000000511e+00
-4.227889716505968121e-01 1.480915137000000037e+01 4.173166834999999963e+00
-4.746176466505962477e-01 1.369828332999999887e+01 2.650850090000000048e+00
5.455025366747021653e-01 1.406356172499999957e+01 2.723045835000000192e+00
-4.519502866505964445e-01 1.456497446999999923e+01 3.221875245000000110e+00
1.481753635000000013e+00 1.374457728999999873e+01 2.311206560000000021e+00
1.452769704999999911e+00 1.349374591499999987e+01 3.321083035000000017e+00
2.598842174999999699e+00 1.517890803999999960e+01 3.051668120000000428e+00
1.678380059999999840e+00 1.460242921500000080e+01 2.921098510000000203e+00
1.942106180000000126e+00 1.545737577000000051e+01 3.574205844999999826e+00
1.489747410000000105e+00 1.234134363000000079e+01 3.709914289999999948e+00
1.476523044999999978e+00 1.121705014499999997e+01 4.206442485000000175e+00
1.234140000000000015e+00 1.035009224999999944e+01 4.825991540000000413e+00
2.287300300000000064e+00 1.055818147000000096e+01 4.957400200000000368e+00
1.390899725000000142e+00 1.119618793000000068e+01 5.421236589999999467e+00
3.035853484999999630e+00 1.001725750499999990e+01 5.502352435000000597e+00
-3.374068766505951000e-01 1.443963755500000090e+01 2.201315919999999871e+00
1.913734955000000015e+00 1.564367922499999963e+01 2.704277795000000317e+00
8.927446850000000378e-01 1.155602802499999981e+01 3.353855884999999759e+00
1.738228904999999935e+00 1.146135856000000075e+01 3.160376574999999910e+00
3.338350825000000022e+00 1.074573092500000016e+01 5.105668805000000532e+00
3.179057454999999699e+00 1.002141144999999867e+01 4.616766164999999589e+00
1.253952299999999909e+00 1.204546288499999918e+01 5.818531659999999661e+00
3.755481894999999959e+00 1.833394771000000034e+01 8.742519264999998541e+00
5.184258175000000080e+00 1.759829239500000142e+01 9.700459685000000221e+00
4.301850229999999442e+00 1.743371275999999881e+01 1.030108901999999915e+01
4.448184174999999740e+00 1.827575965999999852e+01 9.432546594999999812e+00
4.085373640000000250e+00 1.656473745000000264e+01 1.091269060499999988e+01
3.354523374999999863e+00 1.667802402000000228e+01 1.017805815500000044e+01
2.672943775000000244e+00 1.733273146999999881e+01 1.198759677500000009e+01
3.369617029999999680e+00 1.733531123000000207e+01 1.117141975499999873e+01
2.562357385000000320e+00 1.800891735500000124e+01 1.142723328499999980e+01
3.178418820000000089e+00 1.588375245499999977e+01 9.259319500000000147e+00
2.917145364999999657e+00 1.520350114500000061e+01 8.293275565000000071e+00
2.605550045000000203e+00 1.469607209499999989e+01 7.375325284999999731e+00
1.768473885000000134e+00 1.466332015000000055e+01 8.037689849999999581e+00
2.153484054999999842e+00 1.563556177999999974e+01 7.457292640000000361e+00
7.821963699999998632e-01 1.421680658500000050e+01 7.932478745000000053e+00
5.045225115000000038e+00 1.825491375500000046e+01 1.029969148500000031e+01
3.236779010000000234e+00 1.802164859999999891e+01 1.199621360999999986e+01
3.890616050000000214e+00 1.554135535500000032e+01 8.559821920000000972e+00
3.567038669999999634e+00 1.491070034999999905e+01 9.124299799999999294e+00
9.209218649999999506e-01 1.458890829999999994e+01 8.730979115000000235e+00
1.291430029999999896e+00 1.380769021000000052e+01 8.522613975000000508e+00
1.692756225000000114e+00 1.647114955500000022e+01 7.500949484999999584e+00
1.770659491500000016e+01 6.355174240000000196e+00 1.865639716747020671e-01
1.576393095999999971e+01 6.819337755000000278e+00 -1.355992033252992890e-01
1.604427643500000045e+01 7.066321795000000350e+00 8.947701249999999717e-01
1.675304997499999971e+01 6.534707900000000791e+00 3.646527667470200740e-02
1.548090384500000027e+01 7.569591005000000372e+00 1.694043079999999923e+00
1.628172793499999926e+01 8.159524465000000504e+00 1.360479704999999928e+00
1.670177986999999931e+01 7.147190720000000219e+00 3.147909874999999857e+00
1.642694264000000004e+01 7.238835080000000310e+00 2.092766549999999892e+00
1.738749583999999970e+01 7.079639825000000108e+00 2.589261259999999787e+00
1.616527976500000108e+01 9.230072615000000980e+00 7.713901199999999569e-01
1.624796103999999985e+01 1.017587868999999934e+01 4.052090167470057125e-02
1.649678105499999958e+01 1.091050498499999932e+01 -7.205851066505983837e-01
1.691801799499999959e+01 1.124849122999999906e+01 2.249670816747005864e-01
1.732470129000000014e+01 1.033718889000000019e+01 -4.354047166505976563e-01
1.745351491499999952e+01 1.218169229000000087e+01 4.824992299999999457e-01
1.586483709499999861e+01 6.121952435000000747e+00 4.182347050000000399e-01
1.679548436500000008e+01 6.410738939999999886e+00 2.680474460000000114e+00
1.553122059000000021e+01 9.382758739999999875e+00 -4.475694832529830691e-02
1.538556928000000035e+01 9.913152114999999043e+00 6.406424049999999148e-01
1.736199488999999829e+01 1.159633821999999981e+01 1.151102889999999990e+00
1.666037041999999957e+01 1.207943458999999997e+01 8.864747950000000376e-01
1.790466641999999808e+01 9.577536054999999493e+00 -3.440775666505961894e-01
5.101183804999999793e+00 4.111643640000000488e+00 1.363189183500000112e+01
4.024931780000000181e+00 5.612836439999999705e+00 1.375476684999999932e+01
5.052122149999999756e+00 5.930795455000000160e+00 1.399247972999999945e+01
4.591631004999999988e+00 4.807065429999999751e+00 1.404344740500000022e+01
5.504270574999999610e+00 6.902786039999999623e+00 1.378238152500000169e+01
6.018348225000000440e+00 6.139473830000000021e+00 1.328174092000000073e+01
7.077295079999999849e+00 6.719884855000000101e+00 1.491415606500000024e+01
6.173353494999999747e+00 6.379546429999999546e+00 1.444547784499999921e+01
6.876510679999999986e+00 5.890907659999999879e+00 1.512417693000000085e+01
6.009691550000000326e+00 5.973163194999999703e+00 1.207322266499999941e+01
6.058770240000000307e+00 5.659065935000000103e+00 1.090867758999999992e+01
6.170247619999999600e+00 5.288783340000000166e+00 9.908312119999999723e+00
7.145460760000000633e+00 5.571613955000000118e+00 1.024901004999999898e+01
6.527543555000000275e+00 4.592891845000000473e+00 1.056669879500000064e+01
8.056192389999999648e+00 5.632886595000000440e+00 9.684640224999998992e+00
4.209381660000000025e+00 5.581528999999999741e+00 1.462612078999999987e+01
6.441139375000000555e+00 6.557016045000000126e+00 1.547779958499999964e+01
5.155468775000000115e+00 5.843830539999999907e+00 1.146955940500000004e+01
5.638447730000000213e+00 6.566377339999999840e+00 1.129915826999999950e+01
8.161079589999999939e+00 5.785133759999999903e+00 1.056495669499999934e+01
7.804198610000000258e+00 6.410189364999999917e+00 1.004449654000000081e+01
6.829842720000000256e+00 3.912915729999999925e+00 1.119741113999999982e+01
8.949406679999999170e+00 6.679150285000000409e+00 3.215835934999999868e+00
9.376503839999999812e+00 8.379527509999999069e+00 3.831266779999999983e+00
9.743600749999998811e+00 8.281302745000001408e+00 2.813111635000000277e+00
9.461549989999999966e+00 7.382183600000000290e+00 3.579191704999999946e+00
9.896157285000001025e+00 9.051502684999999104e+00 2.044696445000000029e+00
9.147013340000000881e+00 8.357984250000001225e+00 1.754717250000000117e+00
1.098151200499999902e+01 7.992951619999999480e+00 8.028659049999999908e-01
1.033041030500000090e+01 8.137143135000000527e+00 1.683284659999999988e+00
1.073045282500000042e+01 7.234789124999999821e+00 1.193972044999999982e+00
7.988809534999999684e+00 8.676188379999999256e+00 1.582820429999999945e+00
6.773813074999999628e+00 8.882775810000000050e+00 1.489716459999999909e+00
5.728867819999999611e+00 8.625366225000000497e+00 1.668987479999999968e+00
5.770360010000000095e+00 9.037596494999998953e+00 6.837611850000000491e-01
6.141988304999999926e+00 7.956818314999999586e+00 1.008014044999999914e+00
4.936721845000000108e+00 9.302850419999998621e+00 2.430347667470189599e-02
1.022262161499999955e+01 8.081107020000001029e+00 3.755190284999999850e+00
1.134597632500000053e+01 7.764845214999999357e+00 1.568036180000000002e+00
7.432282519999999337e+00 9.236006119999998987e+00 2.266842420000000136e+00
7.569295419999999552e+00 9.621289369999999508e+00 1.496501644999999936e+00
5.733712315000000004e+00 9.399473954999999492e+00 -3.470670683252976563e-01
5.465404935000000464e+00 9.990891765000000646e+00 2.523951650000000324e-01
6.686162534999999352e+00 7.213595474999999979e+00 6.871682999999999542e-01
1.524278201999999993e+01 1.701115000000000066e+01 8.540253475000000094e+00
1.435365870500000085e+01 1.763428992000000051e+01 6.909476505000000657e+00
1.431246315499999966e+01 1.654976638000000122e+01 6.999962664999999973e+00
1.502097042999999843e+01 1.732397643999999914e+01 7.646391665000000337e+00
1.361924651500000039e+01 1.583302188500000085e+01 6.529393949999999336e+00
1.352049530500000074e+01 1.580785440500000050e+01 7.581920000000000215e+00
1.457933549000000006e+01 1.420422720500000047e+01 6.993844615000000431e+00
1.439984387999999882e+01 1.527210895500000021e+01 6.973273619999999617e+00
1.521651641000000055e+01 1.465771031000000058e+01 7.378228134999999632e+00
1.250889617500000028e+01 1.614248955500000093e+01 8.175870030000000455e+00
1.160581656499999958e+01 1.654636692000000053e+01 8.887554689999999979e+00
1.097211892500000019e+01 1.697942023499999920e+01 9.639431115000000716e+00
1.088370167000000066e+01 1.591507282999999973e+01 9.742841179999999213e+00
1.182672242499999982e+01 1.661013752499999896e+01 1.007425784999999863e+01
1.051227285999999950e+01 1.513788628500000044e+01 1.041331757500000066e+01
1.506040758500000010e+01 1.720824017999999711e+01 6.611876295000000070e+00
1.514904461499999933e+01 1.464870042999999988e+01 6.481290415000000138e+00
1.202559218000000030e+01 1.705463726500000021e+01 8.022886935000000719e+00
1.156117797499999966e+01 1.632397629000000094e+01 7.812747834999999696e+00
1.063911275499999931e+01 1.485817319999999953e+01 9.595139665000001372e+00
9.926454429999999718e+00 1.536980093999999930e+01 9.785617649999998946e+00
1.273381342999999966e+01 1.644058697999999907e+01 1.033831129500000046e+01
1.475625447000000001e+01 1.085742311499999957e+01 9.159298755000000014e+00
1.545212108999999856e+01 9.091089449999998351e+00 8.879906775000000252e+00
1.625258793999999796e+01 9.841588939999999397e+00 8.895166735000000102e+00
1.506649843499999974e+01 1.004148482000000087e+01 8.740047695000001227e+00
1.728875892499999978e+01 9.701101295000000846e+00 9.141407080000000462e+00
1.683565339500000135e+01 1.035535359500000041e+01 9.843447499999999906e+00
1.796402860499999932e+01 1.146867800000000059e+01 8.592675119999999112e+00
1.720790336499999995e+01 1.071368539999999925e+01 8.771228289999999816e+00
1.714120126000000255e+01 1.173367947500000064e+01 8.365992410000000490e+00
1.659645181500000177e+01 1.007942177500000014e+01 1.100205686500000013e+01
1.651561316499999776e+01 9.813553515000000615e+00 1.221827676000000018e+01
1.661229579999999828e+01 9.621422015000000272e+00 1.327952129999999897e+01
1.720601654499999711e+01 1.048481661499999973e+01 1.306912355000000048e+01
1.601462602999999874e+01 1.044698729999999998e+01 1.312707599500000022e+01
1.789486372500000044e+01 1.100771496500000168e+01 1.371063434999999942e+01
1.562568294999999985e+01 9.441402584999998737e+00 8.096604880000001003e+00
1.758403144500000082e+01 1.115899161500000147e+01 7.862383744999999813e+00
1.594751302999999965e+01 9.350626380000001348e+00 1.141145436500000088e+01
1.680083758500000002e+01 9.174947110000001516e+00 1.144176829999999967e+01
1.777435460999999961e+01 1.137640749000000007e+01 1.291512041999999916e+01
1.826570053500000057e+01 1.066207677999999959e+01 1.299577567500000086e+01
1.545619627499999993e+01 1.125675606000000073e+01 1.304831800000000008e+01
1.541964938499999960e+01 2.107035044999999940e+00 1.787793560000000070e+01
1.615427749500000232e+01 3.797861215000000179e+00 1.817243490499999936e+01
1.693175661000000076e+01 3.154036490000000192e+00 1.777526930500000191e+01
1.591624926000000073e+01 2.808032990000000062e+00 1.831647123500000163e+01
1.776538747000000029e+01 3.413367700000000227e+00 1.713988425000000149e+01
1.712568442499999932e+01 2.718498914999999627e+00 1.665732742499999830e+01
1.863980632999999898e+01 1.601277754999999914e+00 1.733455490500000096e+01
1.793045578999999989e+01 2.419099849999999829e+00 1.750282939499999912e+01
1.811252523499999967e+01 1.476985320000000046e+00 1.803591693999999990e+01
1.637334265999999872e+01 2.927116939999999889e+00 1.570287178999999966e+01
1.558523440500000135e+01 2.999238254999999853e+00 1.479310360499999888e+01
1.486374208000000152e+01 2.950628420000000141e+00 1.398949985500000004e+01
1.567803478000000084e+01 2.285903020000000119e+00 1.372144076500000054e+01
1.482048557999999971e+01 2.098515530000000240e+00 1.454348814999999995e+01
1.585789760500000156e+01 1.682380924999999916e+00 1.282218366500000073e+01
1.662469553000000033e+01 3.406146300000000071e+00 1.879412303332529888e+01
1.878003804332529825e+01 2.072273029999999849e+00 1.807030747000000304e+01
1.558455836499999947e+01 3.628230740000000232e+00 1.566574999000000012e+01
1.627260678000000027e+01 3.790686795000000053e+00 1.512506650499999949e+01
1.650012167999999946e+01 1.626809640000000057e+00 1.344479249499999973e+01
1.643891839000000132e+01 2.356925434999999958e+00 1.294368156499999856e+01
1.465338112999999964e+01 1.164661970000000046e+00 1.476206567000000014e+01
1.553306028500000124e+01 1.502341203499999978e+01 1.086167011999999943e+01
1.735654988000000287e+01 1.514721800999999957e+01 1.090191979999999994e+01
1.710910178500000001e+01 1.602575579000000161e+01 1.152760272999999991e+01
1.638447221000000198e+01 1.548432999999999993e+01 1.068735410000000030e+01
1.768022792499999696e+01 1.650891894000000093e+01 1.230717686000000022e+01
1.683075288999999941e+01 1.606929381999999862e+01 1.272752245999999943e+01
1.645462046000000100e+01 1.800164407999999838e+01 1.258447490000000002e+01
1.680684994499999974e+01 1.710747345500000094e+01 1.214457009999999926e+01
1.595043317500000057e+01 1.774004544499999980e+01 1.190713425999999941e+01
1.688837728500000068e+01 1.516040814499999989e+01 1.353891798499999943e+01
1.686653948000000014e+01 1.424612635000000083e+01 1.436909693499999996e+01
1.645061205999999743e+01 1.335825046999999977e+01 1.480246555999999991e+01
1.677513587500000014e+01 1.394778808999999953e+01 1.562658964000000061e+01
1.580554513999999955e+01 1.411638428999999917e+01 1.494454023499999984e+01
1.675925433500000139e+01 1.382114145000000072e+01 1.672339977500000074e+01
1.729644883000000277e+01 1.591771491000000083e+01 1.045436937000000022e+01
1.675024050500000072e+01 1.813235877500000015e+01 1.175845703000000064e+01
1.738351119500000053e+01 1.427059335499999904e+01 1.341981650500000001e+01
1.774145173499999828e+01 1.480055216499999915e+01 1.402585281500000036e+01
1.718819565500000124e+01 1.454242600000000074e+01 1.644772637999999887e+01
1.754081570000000312e+01 1.372742831500000094e+01 1.635780399000000074e+01
1.515218795000000007e+01 1.477692022500000135e+01 1.472454203499999892e+01
1.364332019999999979e+00 1.473877713499999942e+01 1.332976398499999959e+01
9.349827099999998836e-01 1.316236192999999943e+01 1.238349550499999907e+01
1.982337575000000074e+00 1.314843130499999901e+01 1.270266176999999885e+01
1.282255124999999829e+00 1.412143748000000087e+01 1.260302246499999868e+01
2.570592795000000041e+00 1.229832677499999960e+01 1.299561830000000029e+01
2.515327560000000240e+00 1.296264473000000095e+01 1.378700921999999984e+01
4.322369489999999814e+00 1.320359495499999980e+01 1.290211251499999889e+01
3.237002099999999771e+00 1.310875458499999979e+01 1.283272357999999969e+01
3.910616599999999998e+00 1.393240285499999942e+01 1.259261605500000059e+01
1.926727059999999936e+00 1.276881513000000012e+01 1.484834827999999973e+01
1.482888275000000089e+00 1.248046804500000029e+01 1.598139589999999899e+01
1.082949834999999972e+00 1.243218363000000082e+01 1.700060254999999998e+01
2.049914659999999778e+00 1.199766273999999910e+01 1.704692410999999908e+01
1.818512989999999885e+00 1.316478286499999939e+01 1.696184105999999758e+01
2.610833594999999896e+00 1.154873953499999928e+01 1.787462400999999801e+01
1.490210695000000030e+00 1.349415894000000016e+01 1.178667514500000024e+01
4.009953199999999995e+00 1.322813986999999969e+01 1.206758409000000043e+01
9.136409450000000376e-01 1.267943895999999881e+01 1.507138631000000117e+01
1.357940370000000119e+00 1.191023167999999899e+01 1.505978854499999997e+01
3.025598204999999652e+00 1.147986945499999933e+01 1.708173516000000092e+01
2.313956884999999630e+00 1.096524664000000016e+01 1.727225499500000083e+01
1.721871340000000083e+00 1.413551196499999918e+01 1.707862629499999940e+01
1.535800074000000137e+01 1.621518076499999950e+01 1.746734773000000018e+01
1.511765015499999976e+01 1.795608925999999883e+01 1.815937474999999779e+01
1.572769655500000141e+01 1.802660391500000259e+01 1.725461975500000023e+01
1.552118650999999971e+01 1.703153312999999969e+01 1.794035971000000274e+01
1.577136107000000109e+01 1.883866177332529901e+01 1.656866002499999979e+01
1.545968971499999967e+01 1.800203223500000149e+01 1.604861662999999794e+01
1.744901990500000011e+01 1.847120729499999925e+01 1.567642178000000008e+01
1.660269020500000181e+01 1.820690829499999808e+01 1.631299548500000185e+01
1.739497409500000202e+01 1.759048655999999866e+01 1.585301057000000036e+01
1.433028231500000160e+01 1.768618685999999940e+01 1.565569574999999958e+01
1.323835494000000068e+01 1.752502850999999851e+01 1.510368978500000026e+01
1.232706078000000005e+01 1.726528429500000072e+01 1.456972722000000076e+01
1.286390589000000162e+01 1.793968804500000047e+01 1.392822394000000052e+01
1.312258138500000015e+01 1.678726291000000259e+01 1.413105263499999964e+01
1.258317562999999950e+01 1.836082753499999853e+01 1.296613690499999905e+01
1.598748030500000006e+01 1.789393406499999983e+01 1.830511627499999960e+01
1.767697183500000335e+01 1.814789659499999885e+01 1.648742872999999776e+01
1.349485705000000024e+01 1.729381051000000014e+01 1.612556068499999995e+01
1.343991693499999940e+01 1.816708320000000043e+01 1.596280082999999905e+01
1.337638862500000059e+01 1.862970984000000030e+01 1.325613187000000082e+01
1.263661654000000034e+01 1.895718278832529791e+01 1.362792813000000081e+01
1.335631510500000019e+01 1.628319381500000063e+01 1.334076111499999939e+01
4.388152194999999978e+00 1.382975680999999923e+01 1.577342914000000107e+01
5.344810709999999965e+00 1.480299793000000008e+01 1.703064622999999855e+01
5.205272354999999962e+00 1.557759947999999994e+01 1.626874219999999838e+01
5.169289019999999901e+00 1.434572355499999929e+01 1.611012696499999919e+01
5.282956289999999555e+00 1.666411546999999871e+01 1.627682123499999989e+01
4.269922359999999806e+00 1.637653276500000032e+01 1.623970558999999980e+01
5.051670570000000637e+00 1.700284784000000116e+01 1.438301403499999864e+01
4.971032085000000045e+00 1.637851688499999980e+01 1.527092929000000154e+01
4.517127095000000203e+00 1.631012847499999907e+01 1.428631126999999879e+01
3.469663224999999684e+00 1.659002521500000071e+01 1.714025381500000123e+01
2.584591940000000143e+00 1.671741000000000099e+01 1.796986122999999935e+01
1.685635674999999889e+00 1.633058834999999931e+01 1.846337152999999986e+01
1.556971705000000039e+00 1.739055396500000228e+01 1.840074719000000059e+01
1.481674195000000083e+00 1.660490636000000109e+01 1.748122246000000146e+01
7.677690850000002953e-01 1.803361306500000083e+01 1.879812643500000036e+01
6.004355939999999947e+00 1.486541027500000034e+01 1.642518912499999928e+01
5.420085970000000586e+00 1.620246301999999972e+01 1.427340738999999914e+01
3.577632340000000077e+00 1.631514620000000093e+01 1.816171064499999943e+01
3.573148234999999673e+00 1.717867420500000009e+01 1.800424738499999933e+01
1.415023415000000284e+00 1.846203090000000202e+01 1.837567646499999796e+01
1.559711094999999936e+00 1.815176931999999965e+01 1.919109083332529764e+01
1.519065470000000140e+00 1.654401174999999924e+01 1.652951904000000027e+01
1.491896924499999955e+01 1.107755193999999932e+01 6.271435589999999394e+00
1.462859540499999866e+01 1.162739620500000015e+01 4.529955165000000505e+00
1.542890401500000053e+01 1.091230035499999929e+01 4.420482480000000436e+00
1.512450249000000113e+01 1.152775168500000014e+01 5.432869164999999612e+00
1.564097818499999981e+01 1.026581843499999991e+01 3.579131744999999754e+00
1.542747337499999993e+01 9.694114165000000227e+00 4.430880665000000107e+00
1.749304646000000218e+01 9.846959640000001457e+00 4.016532325000000014e+00
1.649309732000000039e+01 1.021611165500000062e+01 4.253989159999999714e+00
1.733442073500000191e+01 9.969045064999999539e+00 4.882288074999999949e+00
1.443303304500000017e+01 9.001171235000001047e+00 4.585554990000000330e+00
1.351831640500000020e+01 8.234711620000000565e+00 4.811490955000000014e+00
1.276800808499999995e+01 7.629560979999999937e+00 5.299182444999999575e+00
1.339195896500000060e+01 6.943512994999999854e+00 4.781101854999999290e+00
1.367758017499999923e+01 7.535664824999999567e+00 5.781435229999999592e+00
1.335216223000000113e+01 5.871809869999999876e+00 4.686185554999999781e+00
1.541545132999999979e+01 1.200208657499999987e+01 4.553930584999999809e+00
1.747971258000000105e+01 1.067030895999999984e+01 4.365269200000000183e+00
1.345461970499999893e+01 9.298185684999999978e+00 4.613630090000000017e+00
1.365601349499999984e+01 8.829558334999999758e+00 3.906605620000000112e+00
1.400118963499999936e+01 6.245063714999999682e+00 4.229471280000000277e+00
1.317126245000000040e+01 6.302443245000000083e+00 3.922763669999999703e+00
1.446857978499999930e+01 7.737923910000000127e+00 6.263992704999999717e+00
1.800038746999999972e+01 4.815437789999999829e+00 1.044391230499999956e+01
1.787145770000000056e+01 6.636097434999999933e+00 1.070607010000000159e+01
1.706925959499999834e+01 6.261477975000000029e+00 1.134012719500000088e+01
1.761247114500000066e+01 5.704999429999999982e+00 1.036296096499999919e+01
1.658831980000000073e+01 6.675478489999999709e+00 1.221933844999999863e+01
1.714080840000000094e+01 5.880008134999999747e+00 1.251908724999999833e+01
1.516417606999999990e+01 5.419315880000000085e+00 1.251222566999999941e+01
1.605148604000000034e+01 5.810883470000000273e+00 1.202192471500000082e+01
1.545720561999999987e+01 4.913369669999999800e+00 1.182986801000000021e+01
1.817276732500000236e+01 5.936480630000000147e+00 1.315866545499999951e+01
1.907604919832530044e+01 6.012626319999999858e+00 1.395875404999999958e+01
1.990648270665059627e+01 5.888820649999999546e+00 1.462077288999999958e+01
1.901373814332529832e+01 5.992013834999999844e+00 1.522615528500000082e+01
1.932920125165059488e+01 5.013568760000000069e+00 1.458105162000000021e+01
1.890237091832529615e+01 6.053426299999999927e+00 1.630953063999999841e+01
1.709145743999999922e+01 6.593575505000000447e+00 1.029296319000000004e+01
1.505162324000000140e+01 5.689088749999999806e+00 1.167151801500000019e+01
1.913309617832529952e+01 6.261735500000000343e+00 1.291960438999999994e+01
1.865606599499999874e+01 6.834880955000000036e+00 1.338284788500000033e+01
1.812648184500000070e+01 6.119866789999999668e+00 1.584971026999999921e+01
1.869462601000000035e+01 6.817064300000000188e+00 1.588109620000000000e+01
1.879979352332529885e+01 4.206232885000000365e+00 1.459566765499999974e+01
1.229311303500000108e+01 1.105523580000000017e+01 1.982553980000000049e+00
1.289141535499999947e+01 1.133164118499999873e+01 1.491045116747020671e-01
1.205718620999999935e+01 1.198302576500000072e+01 3.625265650000000228e-01
1.240151553499999970e+01 1.098184481499999876e+01 1.003369270000000091e+00
1.169925895000000082e+01 1.288201361000000134e+01 -1.300475733252977051e-01
1.212558568999999942e+01 1.313383265000000044e+01 7.811526799999999326e-01
1.009095370000000003e+01 1.316305483000000009e+01 9.529902500000000387e-01
1.102560134999999875e+01 1.268121186000000122e+01 6.846718250000000117e-01
1.031812233499999998e+01 1.255244897000000037e+01 1.518279989999999913e+00
1.311410361999999985e+01 1.384701142000000118e+01 8.537007949999999568e-01
1.414598378999999895e+01 1.444032973000000020e+01 1.067246869999999959e+00
1.509749309500000081e+01 1.481164306999999880e+01 1.418584969999999945e+00
1.435193064499999949e+01 1.545933325500000066e+01 1.835673069999999907e+00
1.457807383000000101e+01 1.433355410000000063e+01 2.170182389999999906e+00
1.442770125999999919e+01 1.633404971499999903e+01 2.462354444999999892e+00
1.211579580499999942e+01 1.095877122999999997e+01 4.434161674701897482e-03
1.001402141999999884e+01 1.231474786999999971e+01 7.268378650000000274e-01
1.398227671999999977e+01 1.372670835999999994e+01 2.768812350000000588e-01
1.357501818500000113e+01 1.450415396000000001e+01 1.414313716747024330e-01
1.359441908500000018e+01 1.612593284000000082e+01 2.241965384999999866e+00
1.411410636499999960e+01 1.652348603000000082e+01 1.652622484999999974e+00
1.411459174000000161e+01 1.371285669999999968e+01 2.699051739999999810e+00
1.143462821500000004e+01 6.993707329999999445e+00 1.451402491500000025e+01
1.191501608000000090e+01 8.652681669999999770e+00 1.377821838500000062e+01
1.085349206999999971e+01 8.511965605000000323e+00 1.357575452000000027e+01
1.168409983499999960e+01 7.659353589999999379e+00 1.384489107499999960e+01
1.007552469499999859e+01 9.240558000000000050e+00 1.345177668000000004e+01
9.843083079999999541e+00 8.636692299999999989e+00 1.427423039500000002e+01
8.694950380000001644e+00 8.074740065000000300e+00 1.269011528000000055e+01
9.658936165000000074e+00 8.309650095000000292e+00 1.314860677000000067e+01
9.166778945000000789e+00 7.384766705000000542e+00 1.286582939499999867e+01
9.899175525000000420e+00 8.920884924999999299e+00 1.547255718999999985e+01
9.743593660000000156e+00 9.343646604999999994e+00 1.661296662000000168e+01
9.562070985000000078e+00 9.412335479999999421e+00 1.766985296500000047e+01
8.833998700000000426e+00 1.002672831499999972e+01 1.721463776499999909e+01
8.843433499999999725e+00 8.822525630000001229e+00 1.723082618000000110e+01
8.133524165000000750e+00 1.069738276500000040e+01 1.768512339500000152e+01
1.175132319500000122e+01 8.273014374999998921e+00 1.300925156499999957e+01
9.404400585000001200e+00 7.882086029999999965e+00 1.218504477499999972e+01
1.069185599000000053e+01 9.048355165000000255e+00 1.616646278500000022e+01
1.032341961999999924e+01 9.796589905000001153e+00 1.583199997000000003e+01
8.023649230000000188e+00 1.063143283500000003e+01 1.682415011000000149e+01
8.701967289999998911e+00 1.109728701499999914e+01 1.713145238500000289e+01
8.452500340000000278e+00 8.068981094999999826e+00 1.678103786500000183e+01
8.481846409999999281e+00 3.349232184999999973e+00 1.739811758500000138e+01
7.443324985000000282e+00 1.941245064999999936e+00 1.816238172999999989e+01
6.797650109999999302e+00 2.699932725000000033e+00 1.773249985500000037e+01
7.968951224999999638e+00 2.831360384999999980e+00 1.803448145499999811e+01
5.823947999999999681e+00 2.558859925000000146e+00 1.730339570000000293e+01
6.457811920000000150e+00 2.962364604999999873e+00 1.657931141499999939e+01
5.295170074999999699e+00 4.479786649999999426e+00 1.723768734000000080e+01
5.940774689999999580e+00 3.615656070000000000e+00 1.743294406999999779e+01
6.048682729999999452e+00 4.678350899999999868e+00 1.762679470500000178e+01
6.909598065000000844e+00 2.386079355000000124e+00 1.559470963500000096e+01
7.266648215000000022e+00 1.854660840000000199e+00 1.453256778500000124e+01
7.883430684999999549e+00 1.685683470000000073e+00 1.366963503999999929e+01
6.858489855000000190e+00 1.629858925000000180e+00 1.331972203499999985e+01
7.449539774999999864e+00 2.638752864999999836e+00 1.361568940000000083e+01
6.443136839999999310e+00 1.375593020000000166e+00 1.233123561000000024e+01
7.242775469999999771e+00 2.589758950000000226e+00 1.873991433332529866e+01
5.378443850000000026e+00 4.312454770000000437e+00 1.808748664999999889e+01
7.599636290000000294e+00 1.610353649999999970e+00 1.553408517500000130e+01
6.758323844999999608e+00 1.370195499999999900e+00 1.537525001000000024e+01
5.833681464999999733e+00 1.568733589999999900e+00 1.293067394499999878e+01
6.248679694999999867e+00 7.933420199999998701e-01 1.298424362999999992e+01
7.317113714999999630e+00 3.562390520000000116e+00 1.386073985999999891e+01
6.492397299999999039e-01 1.927497004999999763e+00 1.807511354999999931e+00
1.731072704999999878e+00 1.441010009999999841e+00 3.280845690000000037e+00
2.343020029999999920e+00 1.823941870000000076e+00 2.477748025000000354e+00
1.219932054999999904e+00 1.403051544999999845e+00 2.380756240000000190e+00
3.268717275000000200e+00 2.368116810000000072e+00 2.562670549999999992e+00
2.545423644999999624e+00 2.950362390000000001e+00 2.056273990000000218e+00
3.821877085000000118e+00 2.173155089999999845e+00 6.494588599999999712e-01
3.153250234999999790e+00 2.069018675000000140e+00 1.521464615000000187e+00
3.046412635000000257e+00 1.772036229999999879e+00 4.597187050000000053e-01
2.002927589999999647e+00 3.969804995000000059e+00 2.485498269999999899e+00
1.495288594999999887e+00 5.029064449999999908e+00 2.809032860000000298e+00
8.890267750000000468e-01 5.907550760000000345e+00 2.967510009999999809e+00
1.754339434999999892e+00 6.223598649999999566e+00 2.403084844999999969e+00
8.375843000000000593e-01 5.585287799999999692e+00 1.964708214999999925e+00
2.071938294999999819e+00 7.222018779999999971e+00 2.067874755000000064e+00
2.008534894999999931e+00 8.090418999999999805e-01 2.734795370000000059e+00
3.677546815000000358e+00 1.336429879999999848e+00 9.219715950000000326e-01
1.377738519999999856e+00 4.082862880000000416e+00 3.315740874999999921e+00
2.191683294999999809e+00 4.428210910000000666e+00 3.403286395000000297e+00
2.634967829999999900e+00 6.560667279999999657e+00 1.853356379999999914e+00
2.616248865000000201e+00 6.848129444999999649e+00 2.688346864999999752e+00
7.774963999999999764e-01 5.211830929999999640e+00 1.099227535000000033e+00
1.353779330999999964e+01 -1.837964832529737080e-02 3.441774815000000043e+00
1.382094625499999907e+01 1.178133305000000020e+00 4.801532644999999988e+00
1.404716630500000107e+01 1.789679765000000033e+00 3.926454140000000148e+00
1.407782580499999980e+01 5.666233316747026905e-01 4.014897389999999788e+00
1.403138828500000024e+01 2.864531150000000359e+00 3.750600439999999924e+00
1.325214012500000038e+01 2.422289850000000300e+00 3.221098620000000246e+00
1.479250618000000017e+01 2.877689499999999789e+00 1.948065034999999945e+00
1.439227031000000068e+01 2.408881805000000043e+00 2.854954450000000143e+00
1.473438563499999887e+01 2.006779069999999887e+00 1.923243290000000050e+00
1.207848503499999993e+01 2.629999145000000205e+00 3.468095700000000114e+00
1.090430194500000027e+01 2.924198764999999867e+00 3.628848565000000193e+00
9.903357149999999720e+00 3.237141815000000200e+00 3.675873365000000170e+00
1.023268669499999994e+01 3.521431594999999692e+00 2.705142804999999928e+00
9.967058644999999828e+00 2.409251985000000040e+00 3.064145449999999826e+00
9.739394850000000048e+00 4.144667665000000056e+00 1.968269134999999892e+00
1.466105226500000036e+01 1.197475314999999929e+00 4.588352734999999960e+00
1.538408860000000011e+01 2.380735709999999727e+00 2.374646294999999796e+00
1.155459824500000110e+01 2.438403195000000245e+00 4.353992224999999827e+00
1.174227967500000069e+01 3.300249749999999871e+00 4.192555454999999931e+00
1.047363409500000131e+01 3.786587120000000084e+00 1.685076709999999922e+00
1.052374076999999986e+01 4.470354620000000168e+00 2.256581285000000214e+00
9.971706134999999804e+00 1.672663355000000074e+00 2.427228160000000301e+00
7.448741484999999329e+00 6.824662885000000401e+00 7.140923380000000265e+00
6.844759765000000051e+00 8.389584839999999488e+00 7.966931774999999050e+00
6.367636700000000261e+00 8.379936444999998457e+00 7.004150424999999736e+00
7.378621279999999949e+00 7.781835899999999917e+00 7.338994814999999505e+00
5.437134294999999895e+00 8.819589385000000448e+00 6.688109169999999715e+00
5.364350579999999979e+00 7.785697704999999580e+00 6.650780899999999995e+00
5.638099699999999714e+00 8.378816555000000221e+00 4.725778735000000452e+00
5.912468750000000384e+00 8.435060059999999638e+00 5.799421034999999947e+00
6.470149949999999706e+00 8.127030599999999438e+00 4.920443920000000304e+00
4.573971189999999964e+00 7.164466015000000354e+00 7.339325200000000216e+00
3.738685815000000190e+00 6.498141159999999417e+00 7.917932959999999909e+00
3.140174079999999979e+00 5.724561859999999669e+00 8.423557680000000047e+00
2.707990040000000320e+00 5.896099239999999853e+00 7.447136509999999987e+00
3.731424580000000102e+00 5.323509549999999813e+00 7.671889560000000330e+00
1.817401965000000175e+00 5.466111745000000077e+00 6.973760529999999846e+00
7.295556839999999710e+00 8.811613555000000986e+00 7.359021690000000504e+00
6.272459675000000345e+00 8.996935920000000309e+00 4.947588865000000169e+00
4.463993354999999497e+00 7.164055234999999300e+00 8.382677414999999854e+00
3.825461269999999914e+00 7.580202440000000763e+00 7.924123569999999894e+00
2.245172055000000277e+00 6.083709669999999292e+00 6.479876465000000252e+00
1.750944739999999999e+00 6.316501220000000139e+00 7.153168349999999620e+00
4.417575300000000205e+00 5.010096990000000083e+00 7.106051284999999496e+00
1.092251969000000145e+01 1.134633896499999928e+01 4.826700715000000308e+00
1.216449200499999961e+01 1.235883226500000021e+01 5.776404564999999991e+00
1.119610382499999979e+01 1.250746873499999978e+01 6.201373110000000466e+00
1.144145832999999968e+01 1.209443252999999885e+01 5.094880319999999685e+00
1.093060048499999937e+01 1.274726086999999985e+01 7.221103779999999972e+00
1.054530300000000054e+01 1.180497554499999957e+01 6.958414015000000674e+00
8.993548884999999160e+00 1.311250015499999932e+01 6.847003779999999651e+00
1.003294695499999989e+01 1.284298558999999962e+01 6.620674890000000090e+00
9.140811734999999771e+00 1.298508357000000046e+01 5.977837284999999667e+00
1.093937606000000073e+01 1.071593942500000018e+01 7.357744049999999980e+00
1.125795946500000078e+01 9.584466349999999579e+00 7.691158079999999231e+00
1.145083793000000050e+01 8.528378964999999923e+00 7.837405004999999925e+00
1.061112972000000099e+01 8.755985450000000725e+00 8.426021255000000210e+00
1.063478624000000039e+01 8.640692785000000598e+00 7.216350674999999271e+00
1.006768178999999996e+01 8.127283455000000600e+00 9.119098404999999019e+00
1.175611744999999964e+01 1.303099170000000129e+01 5.416386140000000182e+00
9.432632260000000102e+00 1.372256476999999997e+01 6.399621675000000565e+00
1.189851071000000005e+01 1.030246205499999945e+01 7.228666464999999874e+00
1.170412431000000097e+01 1.051257024999999956e+01 8.061427304999998711e+00
9.738102030000000298e+00 8.954948794999999961e+00 9.063286214999999757e+00
1.050395874999999890e+01 8.799806459999999220e+00 9.493051729999999466e+00
9.851265975000000452e+00 8.191386650000000103e+00 6.818236134999999365e+00
6.394287219999999827e+00 1.215148633999999994e+01 3.036181625000000217e+00
7.412373119999999815e+00 1.319270469499999976e+01 1.825107264999999979e+00
6.358556714999999748e+00 1.338632955499999966e+01 1.654392075000000073e+00
6.833742469999999791e+00 1.242042595999999932e+01 2.211242589999999897e+00
5.916512924999999257e+00 1.432411481499999972e+01 1.335032519999999945e+00
5.560112730000000170e+00 1.404503882000000026e+01 2.273200365000000112e+00
4.123697664999999901e+00 1.361330848499999924e+01 8.608301499999999606e-01
5.144684814999999745e+00 1.356458776499999885e+01 1.267540105000000139e+00
4.327626369999999945e+00 1.282874594999999829e+01 1.214106445000000090e+00
5.815077239999999925e+00 1.465368709000000003e+01 3.305355684999999877e+00
5.996676745000000253e+00 1.521434757499999968e+01 4.384184924999999566e+00
6.145202300000000228e+00 1.539530019999999944e+01 5.426660475000000261e+00
5.289805510000000766e+00 1.597520432499999998e+01 5.167472274999999726e+00
5.340267900000000623e+00 1.476830810999999954e+01 5.298559129999999229e+00
4.753016829999999970e+00 1.669946157500000083e+01 5.765919540000000509e+00
7.049982424999999608e+00 1.265326170000000161e+01 1.209440530000000180e+00
4.656857349999999229e+00 1.306981233999999858e+01 4.235515066747015389e-01
6.751846925000000610e+00 1.486469434500000020e+01 3.710468070000000118e+00
6.324357824999999877e+00 1.556187620000000038e+01 3.414130090000000006e+00
4.380113510000000154e+00 1.655706822999999872e+01 4.977948955000000453e+00
5.112497199999999964e+00 1.705104384499999881e+01 5.034641790000000228e+00
4.749982474999999482e+00 1.403553962500000019e+01 5.078367390000000370e+00
6.851990110000000023e+00 1.329864536999999913e+01 1.426090955000000093e+01
8.603314210000000628e+00 1.260023973999999924e+01 1.353266053499999977e+01
7.871326299999999776e+00 1.186843825999999957e+01 1.326090398999999920e+01
7.704693269999999927e+00 1.293430513000000026e+01 1.387987417000000079e+01
7.976568564999999111e+00 1.100093148999999926e+01 1.261931066000000001e+01
7.308853394999999864e+00 1.165217649499999908e+01 1.219236955499999908e+01
6.236490885000000262e+00 1.017184712999999974e+01 1.302845883999999899e+01
7.023754609999999232e+00 1.091706759999999932e+01 1.309052637499999960e+01
6.091076219999999708e+00 1.080431158000000025e+01 1.362896403499999920e+01
7.499058655000000684e+00 1.225041793500000153e+01 1.114464152500000083e+01
7.569591035000000190e+00 1.297149390999999952e+01 1.017896067000000038e+01
7.514873295000000120e+00 1.368547151499999970e+01 9.373756905000000472e+00
6.710279889999999803e+00 1.299594517499999924e+01 9.222407040000000222e+00
6.779526595000000100e+00 1.387380196999999882e+01 1.005602131000000021e+01
5.971086019999999550e+00 1.290537666999999900e+01 8.424289975000000652e+00
8.299611160000001320e+00 1.215508132999999980e+01 1.421087391500000052e+01
6.682988029999999746e+00 1.018094906500000008e+01 1.380827078500000127e+01
8.337352465000000379e+00 1.286131703999999942e+01 1.094968680999999933e+01
8.229722734999999290e+00 1.213066893499999921e+01 1.040194203500000114e+01
5.878856039999999616e+00 1.230872272499999909e+01 9.056444490000000513e+00
6.518056950000000072e+00 1.221729655500000078e+01 8.474514790000000630e+00
6.362278800000000345e+00 1.413173091999999897e+01 1.088843669499999933e+01
1.010797290500000045e+01 1.463628605000000027e+00 1.857216193499999690e+01
1.192698419999999970e+01 1.469616760000000077e+00 1.901677771832530084e+01
1.190717345999999921e+01 1.644377559999999905e+00 1.793521854499999790e+01
1.101896008499999979e+01 1.122369715000000046e+00 1.863559779999999932e+01
1.262105231500000002e+01 2.013973704999999725e+00 1.720161112999999986e+01
1.192331023999999928e+01 2.765093434999999822e+00 1.741699534500000013e+01
1.151299430499999943e+01 1.935083099999999945e+00 1.560750769999999932e+01
1.169601940499999948e+01 1.871596299999999768e+00 1.667493118499999838e+01
1.076444246500000013e+01 1.792680269999999965e+00 1.609867293499999974e+01
1.224691601500000004e+01 3.828043609999999930e+00 1.791366251499999862e+01
1.260719785000000037e+01 4.951752494999999143e+00 1.816282655999999918e+01
1.262588489999999908e+01 5.982485614999999868e+00 1.847202589999999844e+01
1.287858530000000101e+01 5.946737369999999245e+00 1.741346720499999989e+01
1.179050387000000022e+01 5.789089734999999237e+00 1.789594148999999845e+01
1.318912195500000095e+01 6.723706650000000451e+00 1.670521669500000073e+01
1.197167552999999884e+01 7.264644700000002508e-01 1.852904326499999854e+01
1.137050153499999894e+01 1.126716510000000060e+00 1.595924690000000012e+01
1.268511322000000163e+01 4.093846769999999857e+00 1.884414941832529777e+01
1.323744467000000036e+01 4.079098844999999862e+00 1.813187401999999793e+01
1.313784414000000034e+01 5.908872040000000325e+00 1.635352218500000276e+01
1.380049944499999981e+01 6.131313929999999246e+00 1.686930478000000022e+01
1.095040171000000129e+01 5.404632499999999951e+00 1.767688903999999894e+01
1.802310727000000057e+01 5.227237450000000507e+00 6.452904594999999688e+00
1.699634655999999922e+01 5.004164405000000038e+00 4.915419690000000230e+00
1.732147562000000107e+01 4.022953825000000094e+00 5.231000254999999655e+00
1.782208385999999933e+01 5.089686009999999428e+00 5.526510945000000063e+00
1.679974406499999873e+01 3.093359739999999913e+00 5.105938280000000162e+00
1.693932570000000126e+01 3.308415225000000071e+00 6.128967130000000374e+00
1.825786320000000273e+01 1.856333779999999933e+00 5.611201059999999963e+00
1.778118157500000152e+01 2.823759240000000226e+00 5.433212750000000035e+00
1.880097996832530072e+01 2.539704584999999959e+00 5.708751825000000224e+00
1.600246864500000044e+01 3.465351699999999813e+00 6.881891160000000340e+00
1.513601146499999928e+01 3.624141090000000176e+00 7.705068304999999285e+00
1.443608502500000057e+01 3.539350395000000038e+00 8.515255634999999046e+00
1.532997605499999949e+01 3.085610589999999931e+00 8.864741004999999063e+00
1.511748109999999912e+01 4.270468209999999765e+00 8.710510734999999727e+00
1.546954016499999973e+01 2.526932109999999732e+00 9.787190935000001701e+00
1.776418317999999985e+01 4.739924475000000470e+00 4.530492989999999942e+00
1.855372945999999956e+01 2.270737965000000358e+00 4.902428490000000139e+00
1.516379769499999952e+01 4.094955224999999643e+00 6.719686065000000319e+00
1.499722639999999885e+01 3.220163265000000052e+00 6.719744730000000388e+00
1.623268327999999983e+01 2.623580744999999936e+00 9.295053570000000320e+00
1.561637693000000127e+01 2.039194789999999813e+00 9.038818129999999229e+00
1.574205416999999940e+01 4.896992094999999878e+00 9.067477315000001425e+00
1.220552637499999982e+01 3.568498260000000144e+00 7.437601680000000215e+00
1.042558798499999995e+01 3.104985130000000204e+00 7.656618070000000387e+00
1.096340572000000080e+01 2.402943089999999948e+00 8.269917454999999862e+00
1.141005156499999984e+01 3.027947754999999574e+00 7.321950819999999638e+00
1.064364954999999924e+01 1.833328090000000188e+00 9.145011554999999959e+00
1.135440554000000013e+01 2.572169624999999904e+00 9.420241920000000491e+00
1.209743768499999916e+01 5.911846349999998473e-01 9.257731494999999811e+00
1.165831164500000128e+01 1.533929070000000117e+00 8.930380955000000398e+00
1.269677962500000135e+01 1.193251650000000108e+00 9.025738999999999734e+00
1.111686936499999945e+01 3.543472500000000025e+00 1.012204983999999897e+01
1.096311737499999950e+01 4.422327094999999986e+00 1.092211793999999969e+01
1.089897074499999974e+01 5.150690609999999836e+00 1.170259610000000094e+01
1.159156040499999918e+01 4.397749870000000172e+00 1.204214041000000002e+01
1.180045740999999992e+01 5.248411844999999687e+00 1.118827270499999926e+01
1.213256596000000087e+01 4.267018975000000047e+00 1.298094618000000011e+01
1.061509490499999941e+01 2.357097655000000014e+00 7.227498199999999429e+00
1.222488047000000044e+01 7.819081500000000240e-01 8.382658825000000036e+00
1.047440025499999905e+01 4.359034300000000250e+00 9.957672974999999482e+00
1.018855432499999836e+01 3.755357135000000124e+00 1.055394875500000040e+01
1.225686624500000121e+01 3.627001404999999679e+00 1.240999470000000038e+01
1.149219028499999951e+01 3.672147294999999811e+00 1.284369184500000038e+01
1.257106075000000089e+01 5.370253514999999922e+00 1.064800903500000118e+01
2.114994716747005121e-01 9.430853295000000358e+00 1.053751459499999932e+01
1.661194229999999994e+00 8.181707769999999158e+00 9.921599974999999461e+00
2.151961349999999662e+00 9.149557980000000867e+00 1.003806377999999988e+01
9.899349600000000304e-01 8.869143635000000359e+00 1.030148132000000061e+01
3.216413564999999863e+00 9.359844224999999796e+00 9.984439694999998949e+00
2.825155399999999872e+00 9.626366754999999387e+00 1.092701168500000009e+01
3.030800264999999882e+00 1.131579373499999974e+01 9.850047355000000948e+00
2.689617844999999896e+00 1.029479045000000070e+01 9.943492509999998674e+00
2.133422030000000191e+00 1.123533217499999992e+01 9.872047085000000166e+00
3.099130524999999636e+00 9.074065655000000064e+00 1.198449326000000070e+01
3.039535199999999993e+00 8.484449975000000421e+00 1.304966178500000140e+01
2.751125660000000028e+00 7.982877189999999956e+00 1.395630678499999888e+01
3.145322410000000346e+00 8.922330394999999470e+00 1.427210904000000014e+01
2.087786509999999929e+00 8.720806809999999132e+00 1.372870421500000049e+01
3.317670380000000030e+00 9.284004530000000699e+00 1.525392661000000061e+01
1.393164580000000097e+00 8.778470405000000198e+00 9.336941949999999935e+00
2.585238604999999801e+00 1.102116347499999982e+01 9.138874989999999698e+00
3.124161874999999977e+00 8.036625739999999851e+00 1.207095291499999945e+01
3.863757265000000274e+00 8.464796525000000571e+00 1.231304710000000036e+01
3.508975804999999948e+00 9.891144345000000726e+00 1.464747665500000018e+01
4.059784819999999961e+00 9.211822959999999227e+00 1.480277453000000065e+01
1.378888504999999931e+00 9.119751950000001273e+00 1.323383034500000122e+01
1.389140517999999958e+01 1.295556347999999858e+01 1.613422570499999864e+01
1.328656518000000020e+01 1.140682654500000126e+01 1.532711743499999990e+01
1.241629607999999862e+01 1.207868047999999916e+01 1.517934596499999955e+01
1.330011653500000079e+01 1.217679374500000122e+01 1.604076726499999950e+01
1.151020169999999965e+01 1.206772715500000004e+01 1.456069232999999841e+01
1.221184669500000020e+01 1.269203990499999968e+01 1.413209114500000041e+01
1.072284992999999886e+01 1.371714683499999943e+01 1.516242781999999956e+01
1.153532805000000039e+01 1.301332883499999937e+01 1.507477987999999947e+01
1.150579905000000025e+01 1.403761874499999962e+01 1.548603759999999951e+01
1.257647035000000102e+01 1.246063370999999975e+01 1.300199900999999869e+01
1.317539088999999919e+01 1.219477911499999934e+01 1.196352453000000082e+01
1.396648111500000056e+01 1.194785477499999971e+01 1.128616880499999908e+01
1.346930671000000146e+01 1.279295317500000095e+01 1.086308585999999998e+01
1.421327067000000000e+01 1.281904431999999971e+01 1.179859929999999935e+01
1.361327496000000004e+01 1.326348997999999924e+01 9.897447140000000587e+00
1.267326130500000048e+01 1.136931846499999921e+01 1.597950202999999902e+01
1.101285038500000013e+01 1.344582662000000006e+01 1.593748817499999859e+01
1.278125622499999992e+01 1.148735761000000011e+01 1.265524467000000008e+01
1.214984986500000019e+01 1.191573484999999977e+01 1.220767803500000070e+01
1.300566823499999991e+01 1.365966786999999982e+01 1.042705916999999971e+01
1.280538881500000059e+01 1.289295575499999913e+01 1.001600440500000033e+01
1.445333377000000041e+01 1.339953419000000068e+01 1.252121298000000138e+01
